Label: 
0
Label: Event: NEAR-PROBE_SS_1R_2014-07-02_A1
-2.96	0.072519
-2.955	0.072519
-2.95	0
-2.945	0
-2.94	0
-2.935	0
-2.93	0
-2.925	0
-2.92	0
-2.915	0
-2.91	0
-2.905	0
-2.9	0
-2.895	0
-2.89	0
-2.885	0
-2.88	0
-2.875	0
-2.87	0
-2.865	0
-2.86	-0.0362595
-2.855	0
-2.85	0
-2.845	0
-2.84	0
-2.835	0
-2.83	0
-2.825	0
-2.82	0
-2.815	0
-2.81	0
-2.805	0
-2.8	0
-2.795	0
-2.79	0
-2.785	0
-2.78	0
-2.775	0
-2.77	0
-2.765	0
-2.76	0
-2.755	0
-2.75	0
-2.745	0
-2.74	0
-2.735	0
-2.73	0
-2.725	-0.0362595
-2.72	0
-2.715	0
-2.71	0
-2.705	0
-2.7	0
-2.695	0
-2.69	0
-2.685	0
-2.68	0
-2.675	0
-2.67	0
-2.665	0
-2.66	0
-2.655	0
-2.65	0
-2.645	0
-2.64	0
-2.635	0
-2.63	0
-2.625	0
-2.62	0
-2.615	0
-2.61	0
-2.605	0
-2.6	0
-2.595	0
-2.59	0
-2.585	0
-2.58	0
-2.575	0
-2.57	0
-2.565	0
-2.56	-0.0362595
-2.555	-0.0362595
-2.55	-0.0362595
-2.545	-0.0362595
-2.54	-0.0362595
-2.535	-0.0362595
-2.53	-0.0362595
-2.525	-0.0362595
-2.52	-0.0362595
-2.515	-0.0362595
-2.51	0
-2.505	0
-2.5	0
-2.495	0
-2.49	0
-2.485	0
-2.48	0
-2.475	0
-2.47	0
-2.465	0
-2.46	0
-2.455	0
-2.45	0
-2.445	0
-2.44	0
-2.435	0
-2.43	0
-2.425	0
-2.42	0
-2.415	0
-2.41	0
-2.405	0
-2.4	0
-2.395	0
-2.39	0
-2.385	0
-2.38	0
-2.375	0
-2.37	0
-2.365	-0.0362595
-2.36	0
-2.355	-0.0362595
-2.35	-0.0362595
-2.345	-0.0362595
-2.34	-0.0362595
-2.335	-0.0362595
-2.33	0
-2.325	0
-2.32	0
-2.315	0
-2.31	0
-2.305	0
-2.3	0
-2.295	0
-2.29	0
-2.285	0
-2.28	0
-2.275	0
-2.27	0
-2.265	0
-2.26	0
-2.255	0
-2.25	0
-2.245	0
-2.24	0
-2.235	0
-2.23	0
-2.225	0
-2.22	0
-2.215	0
-2.21	0
-2.205	0
-2.2	0
-2.195	0
-2.19	0
-2.185	0
-2.18	0
-2.175	0
-2.17	0
-2.165	0
-2.16	0
-2.155	0
-2.15	0
-2.145	0
-2.14	0
-2.135	0
-2.13	0
-2.125	0
-2.12	0
-2.115	0
-2.11	0
-2.105	0
-2.1	0
-2.095	0
-2.09	0
-2.085	0
-2.08	0
-2.075	0
-2.07	0
-2.065	-0.0362595
-2.06	-0.0362595
-2.055	-0.0362595
-2.05	-0.0362595
-2.045	-0.0362595
-2.04	0
-2.035	0
-2.03	0
-2.025	0
-2.02	0
-2.015	0
-2.01	0
-2.005	0
-2	0
-1.995	0
-1.99	0
-1.985	0
-1.98	0
-1.975	0
-1.97	0
-1.965	0
-1.96	0
-1.955	0
-1.95	0
-1.945	0
-1.94	0
-1.935	0
-1.93	0
-1.925	0
-1.92	0
-1.915	0
-1.91	0
-1.905	0
-1.9	-0.0362595
-1.895	0
-1.89	-0.0362595
-1.885	-0.0362595
-1.88	-0.0362595
-1.875	0
-1.87	0
-1.865	0
-1.86	0
-1.855	0
-1.85	0
-1.845	0
-1.84	-0.0362595
-1.835	0
-1.83	-0.0362595
-1.825	-0.0362595
-1.82	-0.0362595
-1.815	0
-1.81	0
-1.805	0
-1.8	0
-1.795	-0.0362595
-1.79	-0.0362595
-1.785	0
-1.78	0
-1.775	0
-1.77	0
-1.765	0
-1.76	0
-1.755	0
-1.75	0
-1.745	0
-1.74	0
-1.735	0
-1.73	0
-1.725	0
-1.72	0
-1.715	0
-1.71	0
-1.705	0
-1.7	-0.0362595
-1.695	-0.0362595
-1.69	0
-1.685	0
-1.68	-0.0362595
-1.675	-0.0362595
-1.67	0
-1.665	0
-1.66	0
-1.655	0
-1.65	0
-1.645	0
-1.64	0
-1.635	0
-1.63	0
-1.625	0
-1.62	0
-1.615	0
-1.61	-0.0362595
-1.605	-0.0362595
-1.6	-0.0362595
-1.595	-0.0362595
-1.59	-0.0362595
-1.585	-0.0362595
-1.58	-0.0362595
-1.575	0
-1.57	0
-1.565	0
-1.56	0
-1.555	0
-1.55	0
-1.545	0
-1.54	0
-1.535	0
-1.53	0
-1.525	0
-1.52	0
-1.515	0
-1.51	0
-1.505	0
-1.5	0
-1.495	0
-1.49	0
-1.485	0
-1.48	0
-1.475	0
-1.47	0
-1.465	0
-1.46	0
-1.455	0
-1.45	0
-1.445	0
-1.44	0
-1.435	0
-1.43	0
-1.425	0
-1.42	-0.0362595
-1.415	0
-1.41	0
-1.405	0
-1.4	0
-1.395	0
-1.39	0
-1.385	0
-1.38	0
-1.375	0
-1.37	0
-1.365	0
-1.36	0
-1.355	0
-1.35	0
-1.345	0
-1.34	-0.0362595
-1.335	-0.0362595
-1.33	0
-1.325	0
-1.32	0
-1.315	0
-1.31	0
-1.305	0
-1.3	0
-1.295	0
-1.29	0
-1.285	0
-1.28	0
-1.275	0
-1.27	0
-1.265	0
-1.26	0
-1.255	0
-1.25	0
-1.245	0
-1.24	0
-1.235	0
-1.23	0
-1.225	0
-1.22	0
-1.215	0
-1.21	0
-1.205	0
-1.2	0
-1.195	0
-1.19	0
-1.185	0
-1.18	0
-1.175	0
-1.17	0
-1.165	0
-1.16	0
-1.155	0
-1.15	0
-1.145	0
-1.14	0
-1.135	0
-1.13	0
-1.125	0
-1.12	0
-1.115	0
-1.11	-0.0362595
-1.105	0
-1.1	0
-1.095	0
-1.09	0
-1.085	0
-1.08	0
-1.075	0
-1.07	0
-1.065	0
-1.06	0
-1.055	0
-1.05	0
-1.045	0
-1.04	0
-1.035	0
-1.03	0
-1.025	0
-1.02	0
-1.015	0
-1.01	0
-1.005	0
-1	0
-0.995	0
-0.99	0
-0.985	0
-0.98	0
-0.975	0
-0.97	0
-0.965	-0.0362595
-0.96	0
-0.955	0
-0.95	0
-0.945	0
-0.94	0
-0.935	0
-0.93	0
-0.925	0
-0.92	0
-0.915	0
-0.91	0
-0.905	0
-0.9	0
-0.895	0
-0.89	0
-0.885	0
-0.88	0
-0.875	0
-0.87	0
-0.865	0
-0.86	0
-0.855	0
-0.85	0
-0.845	-0.0362595
-0.84	-0.0362595
-0.835	-0.0362595
-0.83	-0.0362595
-0.825	-0.0362595
-0.82	-0.0362595
-0.815	0
-0.81	-0.0362595
-0.805	0
-0.8	0
-0.795	0
-0.79	0
-0.785	0
-0.78	0
-0.775	0
-0.77	0
-0.765	0
-0.76	0
-0.755	0
-0.75	0
-0.745	0
-0.74	0
-0.735	0
-0.73	-0.0362595
-0.725	-0.0362595
-0.72	-0.0362595
-0.715	-0.0362595
-0.71	-0.0362595
-0.705	0
-0.7	0
-0.695	0
-0.69	0
-0.685	0
-0.68	0
-0.675	0
-0.67	0
-0.665	0
-0.66	0
-0.655	0
-0.65	0
-0.645	0
-0.64	0
-0.635	0
-0.63	0
-0.625	0
-0.62	0
-0.615	0
-0.61	0
-0.605	0
-0.6	0
-0.595	0
-0.59	0
-0.585	0
-0.58	0
-0.575	0
-0.57	0
-0.565	0
-0.56	0
-0.555	0
-0.55	0
-0.545	0
-0.54	0
-0.535	0
-0.53	0
-0.525	0
-0.52	0
-0.515	0
-0.51	0
-0.505	0
-0.5	0
-0.495	0
-0.49	0
-0.485	-0.0362595
-0.48	-0.0362595
-0.475	0
-0.47	0
-0.465	0
-0.46	0
-0.455	0
-0.45	0
-0.445	0
-0.44	0
-0.435	0
-0.43	0
-0.425	0
-0.42	0
-0.415	0
-0.41	0
-0.405	0
-0.4	0
-0.395	0
-0.39	0
-0.385	0
-0.38	0
-0.375	0
-0.37	0
-0.365	0
-0.36	0
-0.355	0
-0.35	0
-0.345	0
-0.34	0
-0.335	0
-0.33	0
-0.325	0
-0.32	0
-0.315	0
-0.31	-0.0362595
-0.305	-0.0362595
-0.3	0
-0.295	0
-0.29	0
-0.285	0
-0.28	0
-0.275	0
-0.27	0
-0.265	0
-0.26	0
-0.255	0
-0.25	0
-0.245	0
-0.24	0
-0.235	0
-0.23	0
-0.225	0
-0.22	0
-0.215	0
-0.21	0
-0.205	0
-0.2	0
-0.195	0
-0.19	0
-0.185	0
-0.18	0
-0.175	0
-0.17	-0.0362595
-0.165	-0.0362595
-0.16	0
-0.155	0
-0.15	0
-0.145	0
-0.14	-0.0362595
-0.135	-0.0362595
-0.13	-0.0362595
-0.125	-0.0362595
-0.12	-0.0362595
-0.115	0.3263355
-0.11	0.942747
-0.105	2.0667915
-0.1	3.4446525
-0.095	4.9675515
-0.09	6.9255645
-0.085	8.8110585
-0.08	10.587774
-0.075	11.965635
-0.07	13.198458
-0.065	14.0324265
-0.06	14.5038
-0.055	14.5400595
-0.05	14.648838
-0.045	14.1774645
-0.04	13.125939
-0.035	11.965635
-0.03	10.87785
-0.025	9.5362485
-0.02	8.4484635
-0.015	7.5782355
-0.01	6.7080075
-0.005	5.7652605
0	4.858773
0.005	4.206102
0.01	3.3721335
0.015	2.6469435
0.02	2.0667915
0.025	1.522899
0.03	1.015266
0.035	0.580152
0.04	0.217557
0.045	-0.217557
0.05	-0.4713735
0.055	-0.8339685
0.06	-1.160304
0.065	-1.45038
0.07	-1.740456
0.075	-2.030532
0.08	-2.248089
0.085	-2.465646
0.09	-2.610684
0.095	-2.7194625
0.1	-2.7919815
0.105	-2.7919815
0.11	-2.7919815
0.115	-2.7194625
0.12	-2.610684
0.125	-2.5744245
0.13	-2.5744245
0.135	-2.538165
0.14	-2.5744245
0.145	-2.5744245
0.15	-2.538165
0.155	-2.3568675
0.16	-2.2118295
0.165	-1.958013
0.17	-1.6316775
0.175	-1.305342
0.18	-1.0515255
0.185	-0.72519
0.19	-0.507633
0.195	-0.362595
0.2	-0.145038
0.205	0
0.21	0.1812975
0.215	0.362595
0.22	0.5438925
0.225	0.6889305
0.23	0.9064875
0.235	1.0515255
0.24	1.2690825
0.245	1.522899
0.25	1.8492345
0.255	2.17557
0.26	2.5019055
0.265	2.755722
0.27	2.973279
0.275	3.118317
0.28	3.1545765
0.285	3.118317
0.29	3.0095385
0.295	2.973279
0.3	2.973279
0.305	3.0095385
0.31	3.118317
0.315	3.335874
0.32	3.553431
0.325	3.7347285
0.33	4.0248045
0.335	4.1698425
0.34	4.3148805
0.345	4.3873995
0.35	4.278621
0.355	4.133583
0.36	3.9522855
0.365	3.7347285
0.37	3.5896905
0.375	3.5896905
0.38	3.6622095
0.385	3.7347285
0.39	3.916026
0.395	4.133583
0.4	4.278621
0.405	4.3873995
0.41	4.423659
0.415	4.3873995
0.42	4.278621
0.425	4.133583
0.43	4.0248045
0.435	3.843507
0.44	3.8072475
0.445	3.843507
0.45	3.843507
0.455	3.916026
0.46	3.9522855
0.465	4.0248045
0.47	4.0248045
0.475	3.9522855
0.48	3.916026
0.485	3.843507
0.49	3.7347285
0.495	3.6622095
0.5	3.553431
0.505	3.480912
0.51	3.480912
0.515	3.480912
0.52	3.553431
0.525	3.5896905
0.53	3.5896905
0.535	3.553431
0.54	3.4446525
0.545	3.335874
0.55	3.2270955
0.555	3.118317
0.56	3.0095385
0.565	2.973279
0.57	2.90076
0.575	2.8645005
0.58	2.8645005
0.585	2.8645005
0.59	2.8645005
0.595	2.8645005
0.6	2.7919815
0.605	2.755722
0.61	2.683203
0.615	2.6469435
0.62	2.538165
0.625	2.4293865
0.63	2.320608
0.635	2.2118295
0.64	2.0667915
0.645	1.958013
0.65	1.8492345
0.655	1.812975
0.66	1.7041965
0.665	1.7041965
0.67	1.7041965
0.675	1.7041965
0.68	1.7041965
0.685	1.7041965
0.69	1.740456
0.695	1.7041965
0.7	1.7041965
0.705	1.6316775
0.71	1.595418
0.715	1.4866395
0.72	1.4141205
0.725	1.377861
0.73	1.3416015
0.735	1.3416015
0.74	1.3416015
0.745	1.3416015
0.75	1.3416015
0.755	1.3416015
0.76	1.2690825
0.765	1.232823
0.77	1.232823
0.775	1.232823
0.78	1.232823
0.785	1.232823
0.79	1.2690825
0.795	1.2690825
0.8	1.3416015
0.805	1.3416015
0.81	1.2690825
0.815	1.2690825
0.82	1.160304
0.825	1.0515255
0.83	0.9064875
0.835	0.797709
0.84	0.652671
0.845	0.5438925
0.85	0.4713735
0.855	0.4713735
0.86	0.4713735
0.865	0.5438925
0.87	0.580152
0.875	0.580152
0.88	0.652671
0.885	0.652671
0.89	0.652671
0.895	0.652671
0.9	0.580152
0.905	0.5438925
0.91	0.435114
0.915	0.362595
0.92	0.3263355
0.925	0.217557
0.93	0.1087785
0.935	0
0.94	-0.0362595
0.945	-0.145038
0.95	-0.217557
0.955	-0.2538165
0.96	-0.2538165
0.965	-0.217557
0.97	-0.145038
0.975	-0.1087785
0.98	-0.0362595
0.985	0
0.99	0.1087785
0.995	0.1812975
1	0.1812975
1.005	0.217557
1.01	0.217557
1.015	0.1812975
1.02	0.1812975
1.025	0.1812975
1.03	0.1087785
1.035	0.072519
1.04	0
1.045	-0.0362595
1.05	-0.1087785
1.055	-0.145038
1.06	-0.217557
1.065	-0.217557
1.07	-0.217557
1.075	-0.2538165
1.08	-0.2538165
1.085	-0.217557
1.09	-0.217557
1.095	-0.217557
1.1	-0.217557
1.105	-0.217557
1.11	-0.217557
1.115	-0.217557
1.12	-0.217557
1.125	-0.2538165
1.13	-0.2538165
1.135	-0.290076
1.14	-0.3988545
1.145	-0.4713735
1.15	-0.580152
1.155	-0.580152
1.16	-0.6164115
1.165	-0.6164115
1.17	-0.6164115
1.175	-0.6164115
1.18	-0.6164115
1.185	-0.6164115
1.19	-0.6164115
1.195	-0.6889305
1.2	-0.72519
1.205	-0.797709
1.21	-0.870228
1.215	-0.942747
1.22	-0.942747
1.225	-0.942747
1.23	-0.942747
1.235	-0.870228
1.24	-0.8339685
1.245	-0.797709
1.25	-0.797709
1.255	-0.797709
1.26	-0.797709
1.265	-0.870228
1.27	-0.9790065
1.275	-1.087785
1.28	-1.2690825
1.285	-1.4141205
1.29	-1.5591585
1.295	-1.667937
1.3	-1.7767155
1.305	-1.7767155
1.31	-1.7767155
1.315	-1.7767155
1.32	-1.7767155
1.325	-1.740456
1.33	-1.740456
1.335	-1.667937
1.34	-1.667937
1.345	-1.6316775
1.35	-1.6316775
1.355	-1.5591585
1.36	-1.5591585
1.365	-1.5591585
1.37	-1.6316775
1.375	-1.667937
1.38	-1.7767155
1.385	-1.8492345
1.39	-1.958013
1.395	-2.030532
1.4	-2.1393105
1.405	-2.2118295
1.41	-2.248089
1.415	-2.248089
1.42	-2.248089
1.425	-2.2118295
1.43	-2.103051
1.435	-2.030532
1.44	-1.958013
1.445	-1.958013
1.45	-1.958013
1.455	-1.9942725
1.46	-2.030532
1.465	-2.103051
1.47	-2.2118295
1.475	-2.2118295
1.48	-2.2118295
1.485	-2.2118295
1.49	-2.103051
1.495	-1.9942725
1.5	-1.958013
1.505	-1.8492345
1.51	-1.8492345
1.515	-1.885494
1.52	-1.958013
1.525	-2.030532
1.53	-2.1393105
1.535	-2.2118295
1.54	-2.2118295
1.545	-2.030532
1.55	-1.740456
1.555	-1.1965635
1.56	-0.580152
1.565	0.1812975
1.57	1.015266
1.575	1.740456
1.58	2.393127
1.585	3.0820575
1.59	3.7347285
1.595	4.1698425
1.6	4.641216
1.605	5.07633
1.61	5.293887
1.615	5.366406
1.62	5.5477035
1.625	5.4751845
1.63	5.3301465
1.635	5.07633
1.64	4.713735
1.645	4.278621
1.65	3.843507
1.655	3.553431
1.66	3.2270955
1.665	2.973279
1.67	2.7919815
1.675	2.6469435
1.68	2.5744245
1.685	2.5019055
1.69	2.4293865
1.695	2.393127
1.7	2.393127
1.705	2.393127
1.71	2.320608
1.715	2.320608
1.72	2.2843485
1.725	2.17557
1.73	2.0667915
1.735	1.9217535
1.74	1.6316775
1.745	1.377861
1.75	1.1240445
1.755	0.8339685
1.76	0.652671
1.765	0.4713735
1.77	0.3263355
1.775	0.1812975
1.78	0.072519
1.785	-0.0362595
1.79	-0.145038
1.795	-0.145038
1.8	-0.145038
1.805	-0.145038
1.81	-0.0362595
1.815	0
1.82	0.1812975
1.825	0.362595
1.83	0.580152
1.835	0.7614495
1.84	0.9064875
1.845	1.015266
1.85	1.1240445
1.855	1.1240445
1.86	1.015266
1.865	0.942747
1.87	0.797709
1.875	0.652671
1.88	0.4713735
1.885	0.3263355
1.89	0.217557
1.895	0.1812975
1.9	0.1087785
1.905	0.1812975
1.91	0.1812975
1.915	0.1812975
1.92	0.1087785
1.925	0
1.93	-0.145038
1.935	-0.2538165
1.94	-0.2538165
1.945	-0.1087785
1.95	0.362595
1.955	0.942747
1.96	1.6316775
1.965	2.2118295
1.97	2.683203
1.975	2.973279
1.98	3.0095385
1.985	2.90076
1.99	2.6469435
1.995	2.2843485
2	1.9217535
2.005	1.6316775
2.01	1.4866395
2.015	1.4866395
2.02	1.6316775
2.025	1.958013
2.03	2.320608
2.035	2.6469435
2.04	2.90076
2.045	2.973279
2.05	2.8645005
2.055	2.6469435
2.06	2.320608
2.065	1.958013
2.07	1.6316775
2.075	1.4141205
2.08	1.232823
2.085	1.1240445
2.09	1.1240445
2.095	1.160304
2.1	1.232823
2.105	1.3416015
2.11	1.4141205
2.115	1.4866395
2.12	1.4866395
2.125	1.377861
2.13	1.2690825
2.135	1.1240445
2.14	0.942747
2.145	0.7614495
2.15	0.5438925
2.155	0.362595
2.16	0.290076
2.165	0.290076
2.17	0.362595
2.175	0.6889305
2.18	1.160304
2.185	1.6316775
2.19	2.0667915
2.195	2.393127
2.2	2.5019055
2.205	2.320608
2.21	2.103051
2.215	1.812975
2.22	1.4866395
2.225	1.160304
2.23	0.942747
2.235	0.797709
2.24	0.797709
2.245	0.797709
2.25	0.942747
2.255	1.1240445
2.26	1.2690825
2.265	1.3416015
2.27	1.377861
2.275	1.2690825
2.28	1.1240445
2.285	0.8339685
2.29	0.580152
2.295	0.3263355
2.3	0.1087785
2.305	-0.0362595
2.31	-0.145038
2.315	-0.217557
2.32	-0.1087785
2.325	0.1087785
2.33	0.435114
2.335	0.797709
2.34	1.1240445
2.345	1.3416015
2.35	1.3416015
2.355	1.160304
2.36	0.942747
2.365	0.652671
2.37	0.362595
2.375	0.1087785
2.38	-0.0362595
2.385	-0.217557
2.39	-0.217557
2.395	-0.217557
2.4	-0.145038
2.405	-0.0362595
2.41	0.072519
2.415	0.1087785
2.42	0.1812975
2.425	0.1087785
2.43	0
2.435	-0.1087785
2.44	-0.217557
2.445	-0.290076
2.45	-0.362595
2.455	-0.362595
2.46	-0.2538165
2.465	-0.145038
2.47	0.072519
2.475	0.290076
2.48	0.4713735
2.485	0.652671
2.49	0.7614495
2.495	0.7614495
2.5	0.6889305
2.505	0.5438925
2.51	0.3263355
2.515	0.1087785
2.52	-0.1087785
2.525	-0.217557
2.53	-0.2538165
2.535	-0.217557
2.54	-0.0362595
2.545	0.1087785
2.55	0.290076
2.555	0.435114
2.56	0.5438925
2.565	0.580152
2.57	0.580152
2.575	0.5438925
2.58	0.362595
2.585	0.217557
2.59	0
2.595	-0.217557
2.6	-0.362595
2.605	-0.4713735
2.61	-0.507633
2.615	-0.4713735
2.62	-0.3988545
2.625	-0.362595
2.63	-0.2538165
2.635	-0.2538165
2.64	-0.2538165
2.645	-0.362595
2.65	-0.3988545
2.655	-0.507633
2.66	-0.580152
2.665	-0.6164115
2.67	-0.6164115
2.675	-0.580152
2.68	-0.507633
2.685	-0.507633
2.69	-0.507633
2.695	-0.580152
2.7	-0.6164115
2.705	-0.72519
2.71	-0.797709
2.715	-0.8339685
2.72	-0.8339685
2.725	-0.72519
2.73	-0.6164115
2.735	-0.507633
2.74	-0.3988545
2.745	-0.290076
2.75	-0.2538165
2.755	-0.290076
2.76	-0.362595
2.765	-0.3988545
2.77	-0.4713735
2.775	-0.507633
2.78	-0.4713735
2.785	-0.3988545
2.79	-0.290076
2.795	-0.2538165
2.8	-0.145038
2.805	-0.145038
2.81	-0.217557
2.815	-0.2538165
2.82	-0.290076
2.825	-0.3988545
2.83	-0.507633
2.835	-0.580152
2.84	-0.6164115
2.845	-0.72519
2.85	-0.797709
2.855	-0.870228
2.86	-0.9790065
2.865	-1.087785
2.87	-1.2690825
2.875	-1.377861
2.88	-1.4141205
2.885	-1.45038
2.89	-1.522899
2.895	-1.45038
2.9	-1.305342
2.905	-1.1965635
2.91	-1.0515255
2.915	-0.870228
2.92	-0.72519
2.925	-0.72519
2.93	-0.72519
2.935	-0.797709
2.94	-0.870228
2.945	-0.9790065
2.95	-1.087785
2.955	-1.087785
2.96	-1.087785
2.965	-1.0515255
2.97	-0.9790065
2.975	-0.870228
2.98	-0.8339685
2.985	-0.797709
2.99	-0.72519
2.995	-0.72519
3	-0.6889305
3.005	-0.6889305
3.01	-0.580152
3.015	-0.362595
3.02	-0.1087785
3.025	0.217557
3.03	0.580152
3.035	0.9064875
3.04	1.232823
3.045	1.4141205
3.05	1.4866395
3.055	1.4141205
3.06	1.2690825
3.065	0.942747
3.07	0.6889305
3.075	0.362595
3.08	0.1812975
3.085	0.072519
3.09	0.072519
3.095	0.1812975
3.1	0.3263355
3.105	0.4713735
3.11	0.652671
3.115	0.797709
3.12	0.9064875
3.125	0.8339685
3.13	0.7614495
3.135	0.5438925
3.14	0.217557
3.145	-0.1087785
3.15	-0.362595
3.155	-0.6164115
3.16	-0.797709
3.165	-0.870228
3.17	-0.942747
3.175	-0.942747
3.18	-0.870228
3.185	-0.8339685
3.19	-0.72519
3.195	-0.580152
3.2	-0.3988545
3.205	-0.2538165
3.21	-0.1087785
3.215	0.072519
3.22	0.1812975
3.225	0.3263355
3.23	0.362595
3.235	0.435114
3.24	0.435114
3.245	0.3263355
3.25	0.1812975
3.255	-0.0362595
3.26	-0.2538165
3.265	-0.507633
3.27	-0.6889305
3.275	-0.797709
3.28	-0.8339685
3.285	-0.797709
3.29	-0.6164115
3.295	-0.507633
3.3	-0.362595
3.305	-0.2538165
3.31	-0.145038
3.315	-0.1087785
3.32	-0.145038
3.325	-0.217557
3.33	-0.2538165
3.335	-0.362595
3.34	-0.3988545
3.345	-0.3988545
3.35	-0.362595
3.355	-0.217557
3.36	0.072519
3.365	0.290076
3.37	0.4713735
3.375	0.580152
3.38	0.5438925
3.385	0.435114
3.39	0.1812975
3.395	-0.145038
3.4	-0.4713735
3.405	-0.72519
3.41	-0.942747
3.415	-1.0515255
3.42	-1.160304
3.425	-1.087785
3.43	-1.0515255
3.435	-0.870228
3.44	-0.72519
3.445	-0.580152
3.45	-0.4713735
3.455	-0.362595
3.46	-0.290076
3.465	-0.290076
3.47	-0.3988545
3.475	-0.507633
3.48	-0.6889305
3.485	-0.797709
3.49	-0.942747
3.495	-1.087785
3.5	-1.1965635
3.505	-1.377861
3.51	-1.522899
3.515	-1.6316775
3.52	-1.740456
3.525	-1.7767155
3.53	-1.8492345
3.535	-1.885494
3.54	-1.8492345
3.545	-1.8492345
3.55	-1.7767155
3.555	-1.740456
3.56	-1.740456
3.565	-1.740456
3.57	-1.740456
3.575	-1.7767155
3.58	-1.8492345
3.585	-1.885494
3.59	-1.958013
3.595	-1.9942725
3.6	-1.9942725
3.605	-2.030532
3.61	-2.030532
3.615	-2.030532
3.62	-2.103051
3.625	-2.103051
3.63	-2.103051
3.635	-2.1393105
3.64	-2.2118295
3.645	-2.248089
3.65	-2.320608
3.655	-2.4293865
3.66	-2.465646
3.665	-2.538165
3.67	-2.5744245
3.675	-2.5744245
3.68	-2.538165
3.685	-2.538165
3.69	-2.465646
3.695	-2.3568675
3.7	-2.248089
3.705	-2.1393105
3.71	-2.103051
3.715	-2.030532
3.72	-1.9942725
3.725	-1.9942725
3.73	-1.9942725
3.735	-1.9942725
3.74	-2.030532
3.745	-2.030532
3.75	-2.103051
3.755	-2.103051
3.76	-2.1393105
3.765	-2.2118295
3.77	-2.2118295
3.775	-2.248089
3.78	-2.248089
3.785	-2.248089
3.79	-2.248089
3.795	-2.320608
3.8	-2.320608
3.805	-2.3568675
3.81	-2.4293865
3.815	-2.465646
3.82	-2.5744245
3.825	-2.683203
3.83	-2.7919815
3.835	-2.828241
3.84	-2.90076
3.845	-2.90076
3.85	-2.828241
3.855	-2.7919815
3.86	-2.7194625
3.865	-2.610684
3.87	-2.5744245
3.875	-2.538165
3.88	-2.538165
3.885	-2.5744245
3.89	-2.610684
3.895	-2.7194625
3.9	-2.7919815
3.905	-2.90076
3.91	-2.9370195
3.915	-2.9370195
3.92	-2.90076
3.925	-2.828241
3.93	-2.7919815
3.935	-2.683203
3.94	-2.610684
3.945	-2.5744245
3.95	-2.5744245
3.955	-2.683203
3.96	-2.7919815
3.965	-2.90076
3.97	-3.0095385
3.975	-3.0820575
3.98	-3.1545765
3.985	-3.1545765
3.99	-3.045798
3.995	-2.9370195
4	-2.7919815
4.005	-2.610684
4.01	-2.465646
4.015	-2.4293865
4.02	-2.4293865
4.025	-2.465646
4.03	-2.610684
4.035	-2.7919815
4.04	-2.9370195
4.045	-3.0820575
4.05	-3.190836
4.055	-3.263355
4.06	-3.263355
4.065	-3.263355
4.07	-3.1545765
4.075	-3.0820575
4.08	-3.0095385
4.085	-2.828241
4.09	-2.7194625
4.095	-2.683203
4.1	-2.610684
4.105	-2.5744245
4.11	-2.5744245
4.115	-2.5744245
4.12	-2.5744245
4.125	-2.538165
4.13	-2.4293865
4.135	-2.248089
4.14	-2.103051
4.145	-1.8492345
4.15	-1.5591585
4.155	-1.305342
4.16	-1.087785
4.165	-0.870228
4.17	-0.8339685
4.175	-0.8339685
4.18	-0.9790065
4.185	-1.1965635
4.19	-1.4141205
4.195	-1.6316775
4.2	-1.7767155
4.205	-1.885494
4.21	-1.885494
4.215	-1.8492345
4.22	-1.740456
4.225	-1.5591585
4.23	-1.45038
4.235	-1.305342
4.24	-1.1965635
4.245	-1.160304
4.25	-1.087785
4.255	-1.087785
4.26	-1.087785
4.265	-1.087785
4.27	-1.087785
4.275	-1.087785
4.28	-1.087785
4.285	-1.160304
4.29	-1.305342
4.295	-1.45038
4.3	-1.667937
4.305	-1.8492345
4.31	-1.9942725
4.315	-2.103051
4.32	-2.1393105
4.325	-2.030532
4.33	-1.885494
4.335	-1.6316775
4.34	-1.305342
4.345	-0.942747
4.35	-0.6889305
4.355	-0.580152
4.36	-0.507633
4.365	-0.580152
4.37	-0.72519
4.375	-0.8339685
4.38	-0.942747
4.385	-0.942747
4.39	-0.8339685
4.395	-0.580152
4.4	-0.217557
4.405	0.217557
4.41	0.580152
4.415	0.9064875
4.42	1.1240445
4.425	1.160304
4.43	1.160304
4.435	1.1240445
4.44	1.015266
4.445	0.9064875
4.45	0.8339685
4.455	0.797709
4.46	0.7614495
4.465	0.6889305
4.47	0.580152
4.475	0.4713735
4.48	0.3263355
4.485	0.217557
4.49	0.1087785
4.495	0
4.5	-0.0362595
4.505	-0.0362595
4.51	0
4.515	0.072519
4.52	0.1812975
4.525	0.217557
4.53	0.3263355
4.535	0.362595
4.54	0.435114
4.545	0.435114
4.55	0.435114
4.555	0.362595
4.56	0.290076
4.565	0.1087785
4.57	0
4.575	-0.145038
4.58	-0.217557
4.585	-0.217557
4.59	-0.145038
4.595	0
4.6	0.290076
4.605	0.5438925
4.61	0.7614495
4.615	0.942747
4.62	1.015266
4.625	0.942747
4.63	0.797709
4.635	0.5438925
4.64	0.217557
4.645	-0.0362595
4.65	-0.362595
4.655	-0.6164115
4.66	-0.797709
4.665	-0.870228
4.67	-0.870228
4.675	-0.8339685
4.68	-0.72519
4.685	-0.507633
4.69	-0.362595
4.695	-0.217557
4.7	-0.1087785
4.705	-0.1087785
4.71	-0.145038
4.715	-0.2538165
4.72	-0.3988545
4.725	-0.580152
4.73	-0.6889305
4.735	-0.797709
4.74	-0.8339685
4.745	-0.8339685
4.75	-0.797709
4.755	-0.797709
4.76	-0.6889305
4.765	-0.580152
4.77	-0.4713735
4.775	-0.2538165
4.78	-0.0362595
4.785	0.1812975
4.79	0.362595
4.795	0.580152
4.8	0.652671
4.805	0.6889305
4.81	0.652671
4.815	0.4713735
4.82	0.435114
4.825	0.3263355
4.83	0.3263355
4.835	0.435114
4.84	0.5438925
4.845	0.580152
4.85	0.652671
4.855	0.6889305
4.86	0.580152
4.865	0.4713735
4.87	0.3263355
4.875	0.1087785
4.88	-0.1087785
4.885	-0.2538165
4.89	-0.3988545
4.895	-0.4713735
4.9	-0.507633
4.905	-0.507633
4.91	-0.4713735
4.915	-0.3988545
4.92	-0.362595
4.925	-0.2538165
4.93	-0.217557
4.935	-0.145038
4.94	-0.145038
4.945	-0.217557
4.95	-0.2538165
4.955	-0.362595
4.96	-0.4713735
4.965	-0.507633
4.97	-0.580152
4.975	-0.580152
4.98	-0.580152
4.985	-0.507633
4.99	-0.507633
4.995	-0.4713735
5	-0.507633
5.005	-0.580152
5.01	-0.6164115
5.015	-0.72519
5.02	-0.797709
5.025	-0.8339685
5.03	-0.797709
5.035	-0.6889305
5.04	-0.507633
5.045	-0.3988545
5.05	-0.2538165
5.055	-0.217557
5.06	-0.217557
5.065	-0.290076
5.07	-0.4713735
5.075	-0.6164115
5.08	-0.797709
5.085	-0.942747
5.09	-0.9790065
5.095	-1.0515255
5.1	-0.942747
5.105	-0.8339685
5.11	-0.6164115
5.115	-0.4713735
5.12	-0.290076
5.125	-0.217557
5.13	-0.145038
5.135	-0.217557
5.14	-0.290076
5.145	-0.4713735
5.15	-0.6164115
5.155	-0.797709
5.16	-0.870228
5.165	-0.9790065
5.17	-1.0515255
5.175	-1.0515255
5.18	-1.0515255
5.185	-1.0515255
5.19	-1.0515255
5.195	-1.087785
5.2	-1.160304
5.205	-1.2690825
5.21	-1.4141205
5.215	-1.5591585
5.22	-1.740456
5.225	-1.885494
5.23	-1.9942725
5.235	-2.103051
5.24	-2.103051
5.245	-2.103051
5.25	-2.030532
5.255	-1.958013
5.26	-1.8492345
5.265	-1.667937
5.27	-1.5591585
5.275	-1.45038
5.28	-1.4141205
5.285	-1.4141205
5.29	-1.522899
5.295	-1.6316775
5.3	-1.7767155
5.305	-1.958013
5.31	-2.103051
5.315	-2.248089
5.32	-2.3568675
5.325	-2.4293865
5.33	-2.4293865
5.335	-2.3568675
5.34	-2.320608
5.345	-2.2118295
5.35	-2.1393105
5.355	-2.103051
5.36	-2.103051
5.365	-2.1393105
5.37	-2.2118295
5.375	-2.320608
5.38	-2.4293865
5.385	-2.538165
5.39	-2.5744245
5.395	-2.5744245
5.4	-2.538165
5.405	-2.4293865
5.41	-2.320608
5.415	-2.2118295
5.42	-2.1393105
5.425	-2.103051
5.43	-2.030532
5.435	-2.030532
5.44	-2.103051
5.445	-2.1393105
5.45	-2.1393105
5.455	-2.2118295
5.46	-2.2118295
5.465	-2.2118295
5.47	-2.1393105
5.475	-2.103051
5.48	-2.030532
5.485	-1.9942725
5.49	-1.958013
5.495	-1.885494
5.5	-1.8492345
5.505	-1.7767155
5.51	-1.740456
5.515	-1.740456
5.52	-1.740456
5.525	-1.740456
5.53	-1.7767155
5.535	-1.8492345
5.54	-1.958013
5.545	-1.9942725
5.55	-2.030532
5.555	-2.103051
5.56	-2.1393105
5.565	-2.2118295
5.57	-2.320608
5.575	-2.320608
5.58	-2.3568675
5.585	-2.4293865
5.59	-2.465646
5.595	-2.465646
5.6	-2.465646
5.605	-2.465646
5.61	-2.4293865
5.615	-2.320608
5.62	-2.248089
5.625	-2.103051
5.63	-2.030532
5.635	-1.958013
5.64	-1.958013
5.645	-1.885494
5.65	-1.885494
5.655	-1.885494
5.66	-1.885494
5.665	-1.958013
5.67	-1.885494
5.675	-1.885494
5.68	-1.7767155
5.685	-1.667937
5.69	-1.5591585
5.695	-1.45038
5.7	-1.305342
5.705	-1.1965635
5.71	-1.160304
5.715	-1.160304
5.72	-1.160304
5.725	-1.1965635
5.73	-1.377861
5.735	-1.45038
5.74	-1.6316775
5.745	-1.740456
5.75	-1.7767155
5.755	-1.8492345
5.76	-1.885494
5.765	-1.958013
5.77	-1.9942725
5.775	-2.030532
5.78	-2.1393105
5.785	-2.2118295
5.79	-2.3568675
5.795	-2.465646
5.8	-2.5744245
5.805	-2.683203
5.81	-2.7919815
5.815	-2.7919815
5.82	-2.828241
5.825	-2.7919815
5.83	-2.7194625
5.835	-2.683203
5.84	-2.5744245
5.845	-2.538165
5.85	-2.4293865
5.855	-2.320608
5.86	-2.2118295
5.865	-2.103051
5.87	-2.103051
5.875	-2.103051
5.88	-2.103051
5.885	-2.103051
5.89	-2.1393105
5.895	-2.1393105
5.9	-2.2118295
5.905	-2.248089
5.91	-2.3568675
5.915	-2.4293865
5.92	-2.538165
5.925	-2.610684
5.93	-2.683203
5.935	-2.7194625
5.94	-2.683203
5.945	-2.610684
5.95	-2.538165
5.955	-2.3568675
5.96	-2.1393105
5.965	-1.958013
5.97	-1.740456
5.975	-1.5591585
5.98	-1.45038
5.985	-1.4141205
5.99	-1.377861
5.995	-1.377861
6	-1.377861
6.005	-1.377861
6.01	-1.2690825
6.015	-1.160304
6.02	-0.9790065
6.025	-0.8339685
6.03	-0.72519
6.035	-0.6889305
6.04	-0.6889305
6.045	-0.797709
6.05	-0.870228
6.055	-0.9790065
6.06	-1.160304
6.065	-1.305342
6.07	-1.4141205
6.075	-1.522899
6.08	-1.522899
6.085	-1.45038
6.09	-1.4141205
6.095	-1.305342
6.1	-1.1965635
6.105	-1.087785
6.11	-1.0515255
6.115	-0.9790065
6.12	-1.0515255
6.125	-1.087785
6.13	-1.1965635
6.135	-1.377861
6.14	-1.522899
6.145	-1.667937
6.15	-1.8492345
6.155	-1.9942725
6.16	-2.030532
6.165	-2.103051
6.17	-2.103051
6.175	-2.030532
6.18	-1.9942725
6.185	-1.958013
6.19	-1.885494
6.195	-1.8492345
6.2	-1.8492345
6.205	-1.885494
6.21	-1.9942725
6.215	-2.030532
6.22	-2.1393105
6.225	-2.2118295
6.23	-2.2118295
6.235	-2.1393105
6.24	-2.030532
6.245	-1.885494
6.25	-1.740456
6.255	-1.5591585
6.26	-1.45038
6.265	-1.4141205
6.27	-1.4141205
6.275	-1.4141205
6.28	-1.522899
6.285	-1.5591585
6.29	-1.667937
6.295	-1.7767155
6.3	-1.8492345
6.305	-1.8492345
6.31	-1.8492345
6.315	-1.7767155
6.32	-1.740456
6.325	-1.667937
6.33	-1.6316775
6.335	-1.5591585
6.34	-1.522899
6.345	-1.45038
6.35	-1.45038
6.355	-1.45038
6.36	-1.45038
6.365	-1.45038
6.37	-1.45038
6.375	-1.45038
6.38	-1.45038
6.385	-1.522899
6.39	-1.522899
6.395	-1.5591585
6.4	-1.667937
6.405	-1.7767155
6.41	-1.8492345
6.415	-1.885494
6.42	-1.885494
6.425	-1.8492345
6.43	-1.740456
6.435	-1.6316775
6.44	-1.522899
6.445	-1.45038
6.45	-1.4141205
6.455	-1.4141205
6.46	-1.45038
6.465	-1.522899
6.47	-1.6316775
6.475	-1.667937
6.48	-1.7767155
6.485	-1.8492345
6.49	-1.885494
6.495	-1.958013
6.5	-1.885494
6.505	-1.8492345
6.51	-1.667937
6.515	-1.5591585
6.52	-1.4141205
6.525	-1.305342
6.53	-1.160304
6.535	-1.087785
6.54	-1.0515255
6.545	-1.0515255
6.55	-1.087785
6.555	-1.160304
6.56	-1.1965635
6.565	-1.2690825
6.57	-1.305342
6.575	-1.305342
6.58	-1.2690825
6.585	-1.1965635
6.59	-1.0515255
6.595	-0.870228
6.6	-0.72519
6.605	-0.580152
6.61	-0.4713735
6.615	-0.3988545
6.62	-0.3988545
6.625	-0.3988545
6.63	-0.4713735
6.635	-0.580152
6.64	-0.6164115
6.645	-0.72519
6.65	-0.797709
6.655	-0.8339685
6.66	-0.870228
6.665	-0.870228
6.67	-0.942747
6.675	-0.942747
6.68	-0.9790065
6.685	-1.0515255
6.69	-1.160304
6.695	-1.2690825
6.7	-1.305342
6.705	-1.4141205
6.71	-1.4141205
6.715	-1.45038
6.72	-1.45038
6.725	-1.4141205
6.73	-1.4141205
6.735	-1.377861
6.74	-1.2690825
6.745	-1.160304
6.75	-1.0515255
6.755	-0.942747
6.76	-0.8339685
6.765	-0.797709
6.77	-0.72519
6.775	-0.72519
6.78	-0.72519
6.785	-0.8339685
6.79	-0.942747
6.795	-1.0515255
6.8	-1.1965635
6.805	-1.305342
6.81	-1.377861
6.815	-1.4141205
6.82	-1.377861
6.825	-1.2690825
6.83	-1.160304
6.835	-0.9790065
6.84	-0.942747
6.845	-0.870228
6.85	-0.870228
6.855	-0.942747
6.86	-1.0515255
6.865	-1.160304
6.87	-1.305342
6.875	-1.4141205
6.88	-1.522899
6.885	-1.6316775
6.89	-1.6316775
6.895	-1.6316775
6.9	-1.5591585
6.905	-1.45038
6.91	-1.4141205
6.915	-1.377861
6.92	-1.305342
6.925	-1.305342
6.93	-1.305342
6.935	-1.305342
6.94	-1.1965635
6.945	-1.087785
6.95	-0.9790065
6.955	-0.8339685
6.96	-0.72519
6.965	-0.6164115
6.97	-0.580152
6.975	-0.580152
6.98	-0.6889305
6.985	-0.8339685
6.99	-0.9790065
6.995	-1.1965635
7	-1.45038
7.005	-1.6316775
7.01	-1.740456
7.015	-1.7767155
7.02	-1.740456
7.025	-1.667937
7.03	-1.5591585
7.035	-1.4141205
7.04	-1.305342
7.045	-1.160304
7.05	-1.087785
7.055	-0.9790065
7.06	-0.9790065
7.065	-0.9790065
7.07	-1.0515255
7.075	-1.087785
7.08	-1.160304
7.085	-1.305342
7.09	-1.45038
7.095	-1.667937
7.1	-1.8492345
7.105	-1.9942725
7.11	-2.030532
7.115	-1.9942725
7.12	-1.958013
7.125	-1.8492345
7.13	-1.740456
7.135	-1.5591585
7.14	-1.4141205
7.145	-1.305342
7.15	-1.1965635
7.155	-1.160304
7.16	-1.1965635
7.165	-1.305342
7.17	-1.45038
7.175	-1.667937
7.18	-1.8492345
7.185	-1.958013
7.19	-2.030532
7.195	-2.030532
7.2	-2.030532
7.205	-1.9942725
7.21	-1.958013
7.215	-1.8492345
7.22	-1.740456
7.225	-1.6316775
7.23	-1.5591585
7.235	-1.5591585
7.24	-1.6316775
7.245	-1.740456
7.25	-1.885494
7.255	-1.9942725
7.26	-2.103051
7.265	-2.2118295
7.27	-2.248089
7.275	-2.2118295
7.28	-2.1393105
7.285	-2.030532
7.29	-1.885494
7.295	-1.7767155
7.3	-1.667937
7.305	-1.6316775
7.31	-1.667937
7.315	-1.740456
7.32	-1.8492345
7.325	-1.958013
7.33	-2.030532
7.335	-2.103051
7.34	-2.103051
7.345	-2.030532
7.35	-1.958013
7.355	-1.8492345
7.36	-1.667937
7.365	-1.5591585
7.37	-1.45038
7.375	-1.45038
7.38	-1.45038
7.385	-1.522899
7.39	-1.5591585
7.395	-1.6316775
7.4	-1.6316775
7.405	-1.667937
7.41	-1.667937
7.415	-1.6316775
7.42	-1.6316775
7.425	-1.5591585
7.43	-1.522899
7.435	-1.522899
7.44	-1.522899
7.445	-1.522899
7.45	-1.5591585
7.455	-1.6316775
7.46	-1.667937
7.465	-1.667937
7.47	-1.6316775
7.475	-1.522899
7.48	-1.45038
7.485	-1.305342
7.49	-1.1965635
7.495	-1.087785
7.5	-1.0515255
7.505	-0.9790065
7.51	-1.0515255
7.515	-1.0515255
7.52	-1.087785
7.525	-1.160304
7.53	-1.2690825
7.535	-1.305342
7.54	-1.377861
7.545	-1.4141205
7.55	-1.4141205
7.555	-1.377861
7.56	-1.2690825
7.565	-1.160304
7.57	-1.087785
7.575	-1.0515255
7.58	-0.9790065
7.585	-1.0515255
7.59	-1.087785
7.595	-1.160304
7.6	-1.305342
7.605	-1.4141205
7.61	-1.5591585
7.615	-1.740456
7.62	-1.8492345
7.625	-1.8492345
7.63	-1.8492345
7.635	-1.740456
7.64	-1.5591585
7.645	-1.377861
7.65	-1.160304
7.655	-0.9790065
7.66	-0.870228
7.665	-0.870228
7.67	-0.870228
7.675	-0.9790065
7.68	-1.087785
7.685	-1.1965635
7.69	-1.305342
7.695	-1.377861
7.7	-1.377861
7.705	-1.377861
7.71	-1.2690825
7.715	-1.1965635
7.72	-1.087785
7.725	-0.942747
7.73	-0.797709
7.735	-0.6889305
7.74	-0.507633
7.745	-0.3988545
7.75	-0.290076
7.755	-0.2538165
7.76	-0.290076
7.765	-0.3988545
7.77	-0.580152
7.775	-0.72519
7.78	-0.870228
7.785	-0.9790065
7.79	-1.0515255
7.795	-0.9790065
7.8	-0.8339685
7.805	-0.580152
7.81	-0.362595
7.815	-0.145038
7.82	0
7.825	0.1087785
7.83	0.1087785
7.835	0
7.84	-0.145038
7.845	-0.362595
7.85	-0.6164115
7.855	-0.870228
7.86	-1.087785
7.865	-1.2690825
7.87	-1.305342
7.875	-1.377861
7.88	-1.2690825
7.885	-1.087785
7.89	-0.870228
7.895	-0.6889305
7.9	-0.4713735
7.905	-0.362595
7.91	-0.2538165
7.915	-0.217557
7.92	-0.2538165
7.925	-0.290076
7.93	-0.3988545
7.935	-0.580152
7.94	-0.6164115
7.945	-0.72519
7.95	-0.72519
7.955	-0.6889305
7.96	-0.6164115
7.965	-0.580152
7.97	-0.507633
7.975	-0.4713735
7.98	-0.4713735
7.985	-0.580152
7.99	-0.6889305
7.995	-0.8339685
8	-0.9790065
8.005	-1.087785
8.01	-1.1965635
8.015	-1.1965635
8.02	-1.1965635
8.025	-1.1965635
8.03	-1.087785
8.035	-1.0515255
8.04	-0.942747
8.045	-0.870228
8.05	-0.8339685
8.055	-0.797709
8.06	-0.72519
8.065	-0.72519
8.07	-0.797709
8.075	-0.8339685
8.08	-0.870228
8.085	-0.9790065
8.09	-1.0515255
8.095	-1.087785
8.1	-1.087785
8.105	-1.160304
8.11	-1.160304
8.115	-1.087785
8.12	-1.087785
8.125	-1.087785
8.13	-1.087785
8.135	-1.160304
8.14	-1.160304
8.145	-1.1965635
8.15	-1.1965635
8.155	-1.1965635
8.16	-1.1965635
8.165	-1.1965635
8.17	-1.1965635
8.175	-1.1965635
8.18	-1.1965635
8.185	-1.2690825
8.19	-1.305342
8.195	-1.4141205
8.2	-1.4141205
8.205	-1.45038
8.21	-1.4141205
8.215	-1.377861
8.22	-1.1965635
8.225	-1.0515255
8.23	-0.870228
8.235	-0.72519
8.24	-0.580152
8.245	-0.507633
8.25	-0.4713735
8.255	-0.507633
8.26	-0.580152
8.265	-0.6889305
8.27	-0.8339685
8.275	-0.9790065
8.28	-1.087785
8.285	-1.1965635
8.29	-1.305342
8.295	-1.2690825
8.3	-1.1965635
8.305	-1.087785
8.31	-0.942747
8.315	-0.797709
8.32	-0.6889305
8.325	-0.6164115
8.33	-0.6164115
8.335	-0.6889305
8.34	-0.72519
8.345	-0.870228
8.35	-0.9790065
8.355	-1.087785
8.36	-1.1965635
8.365	-1.2690825
8.37	-1.305342
8.375	-1.1965635
8.38	-1.087785
8.385	-0.9790065
8.39	-0.8339685
8.395	-0.6889305
8.4	-0.580152
8.405	-0.507633
8.41	-0.507633
8.415	-0.507633
8.42	-0.580152
8.425	-0.6164115
8.43	-0.72519
8.435	-0.797709
8.44	-0.797709
8.445	-0.797709
8.45	-0.6889305
8.455	-0.580152
8.46	-0.4713735
8.465	-0.362595
8.47	-0.2538165
8.475	-0.217557
8.48	-0.2538165
8.485	-0.290076
8.49	-0.362595
8.495	-0.507633
8.5	-0.6889305
8.505	-0.797709
8.51	-0.8339685
8.515	-0.870228
8.52	-0.8339685
8.525	-0.797709
8.53	-0.6889305
8.535	-0.6164115
8.54	-0.507633
8.545	-0.4713735
8.55	-0.4713735
8.555	-0.4713735
8.56	-0.507633
8.565	-0.580152
8.57	-0.6889305
8.575	-0.797709
8.58	-0.870228
8.585	-0.9790065
8.59	-1.0515255
8.595	-1.0515255
8.6	-1.0515255
8.605	-0.942747
8.61	-0.797709
8.615	-0.6164115
8.62	-0.3988545
8.625	-0.2538165
8.63	-0.1087785
8.635	-0.0362595
8.64	0
8.645	-0.1087785
8.65	-0.217557
8.655	-0.362595
8.66	-0.507633
8.665	-0.6889305
8.67	-0.72519
8.675	-0.797709
8.68	-0.72519
8.685	-0.6889305
8.69	-0.580152
8.695	-0.3988545
8.7	-0.290076
8.705	-0.217557
8.71	-0.145038
8.715	-0.217557
8.72	-0.2538165
8.725	-0.362595
8.73	-0.4713735
8.735	-0.6164115
8.74	-0.72519
8.745	-0.797709
8.75	-0.8339685
8.755	-0.8339685
8.76	-0.797709
8.765	-0.6889305
8.77	-0.580152
8.775	-0.4713735
8.78	-0.362595
8.785	-0.290076
8.79	-0.2538165
8.795	-0.2538165
8.8	-0.362595
8.805	-0.4713735
8.81	-0.580152
8.815	-0.6889305
8.82	-0.797709
8.825	-0.8339685
8.83	-0.8339685
8.835	-0.8339685
8.84	-0.8339685
8.845	-0.797709
8.85	-0.72519
8.855	-0.6889305
8.86	-0.6164115
8.865	-0.580152
8.87	-0.507633
8.875	-0.507633
8.88	-0.507633
8.885	-0.507633
8.89	-0.507633
8.895	-0.580152
8.9	-0.6164115
8.905	-0.6889305
8.91	-0.72519
8.915	-0.8339685
8.92	-0.870228
8.925	-0.870228
8.93	-0.870228
8.935	-0.8339685
8.94	-0.797709
8.945	-0.72519
8.95	-0.6164115
8.955	-0.580152
8.96	-0.507633
8.965	-0.507633
8.97	-0.580152
8.975	-0.6164115
8.98	-0.6889305
8.985	-0.797709
8.99	-0.8339685
8.995	-0.942747
9	-0.9790065
9.005	-0.9790065
9.01	-0.9790065
9.015	-0.9790065
9.02	-0.9790065
9.025	-0.942747
9.03	-0.870228
9.035	-0.797709
9.04	-0.72519
9.045	-0.6889305
9.05	-0.6164115
9.055	-0.580152
9.06	-0.580152
9.065	-0.6164115
9.07	-0.6164115
9.075	-0.6889305
9.08	-0.72519
9.085	-0.72519
9.09	-0.72519
9.095	-0.797709
9.1	-0.797709
9.105	-0.797709
9.11	-0.797709
9.115	-0.797709
9.12	-0.797709
9.125	-0.797709
9.13	-0.797709
9.135	-0.72519
9.14	-0.6889305
9.145	-0.580152
9.15	-0.507633
9.155	-0.4713735
9.16	-0.362595
9.165	-0.362595
9.17	-0.362595
9.175	-0.4713735
9.18	-0.580152
9.185	-0.6889305
9.19	-0.8339685
9.195	-0.9790065
9.2	-1.0515255
9.205	-1.087785
9.21	-1.160304
9.215	-1.087785
9.22	-1.0515255
9.225	-0.942747
9.23	-0.870228
9.235	-0.8339685
9.24	-0.797709
9.245	-0.72519
9.25	-0.72519
9.255	-0.72519
9.26	-0.72519
9.265	-0.6889305
9.27	-0.6164115
9.275	-0.6164115
9.28	-0.580152
9.285	-0.507633
9.29	-0.4713735
9.295	-0.4713735
9.3	-0.507633
9.305	-0.507633
9.31	-0.580152
9.315	-0.6164115
9.32	-0.6889305
9.325	-0.72519
9.33	-0.72519
9.335	-0.6889305
9.34	-0.6889305
9.345	-0.6164115
9.35	-0.6164115
9.355	-0.6164115
9.36	-0.6889305
9.365	-0.72519
9.37	-0.797709
9.375	-0.797709
9.38	-0.8339685
9.385	-0.8339685
9.39	-0.797709
9.395	-0.72519
9.4	-0.6889305
9.405	-0.580152
9.41	-0.4713735
9.415	-0.3988545
9.42	-0.362595
9.425	-0.362595
9.43	-0.3988545
9.435	-0.4713735
9.44	-0.580152
9.445	-0.6164115
9.45	-0.6889305
9.455	-0.72519
9.46	-0.797709
9.465	-0.797709
9.47	-0.797709
9.475	-0.72519
9.48	-0.6889305
9.485	-0.580152
9.49	-0.580152
9.495	-0.507633
9.5	-0.507633
9.505	-0.507633
9.51	-0.580152
9.515	-0.6164115
9.52	-0.6889305
9.525	-0.72519
9.53	-0.72519
9.535	-0.797709
9.54	-0.797709
9.545	-0.8339685
9.55	-0.8339685
9.555	-0.8339685
9.56	-0.870228
9.565	-0.870228
9.57	-0.870228
9.575	-0.870228
9.58	-0.942747
9.585	-0.942747
9.59	-0.9790065
9.595	-0.9790065
9.6	-1.0515255
9.605	-1.087785
9.61	-1.087785
9.615	-1.160304
9.62	-1.087785
9.625	-1.087785
9.63	-1.0515255
9.635	-0.9790065
9.64	-0.9790065
9.645	-0.942747
9.65	-0.870228
9.655	-0.870228
9.66	-0.8339685
9.665	-0.8339685
9.67	-0.870228
9.675	-0.870228
9.68	-0.942747
9.685	-0.942747
9.69	-0.9790065
9.695	-1.0515255
9.7	-1.087785
9.705	-1.087785
9.71	-1.087785
9.715	-1.160304
9.72	-1.160304
9.725	-1.160304
9.73	-1.087785
9.735	-1.0515255
9.74	-0.942747
9.745	-0.8339685
9.75	-0.72519
9.755	-0.6164115
9.76	-0.580152
9.765	-0.580152
9.77	-0.580152
9.775	-0.6889305
9.78	-0.72519
9.785	-0.8339685
9.79	-0.942747
9.795	-1.0515255
9.8	-1.087785
9.805	-1.160304
9.81	-1.160304
9.815	-1.160304
9.82	-1.160304
9.825	-1.160304
9.83	-1.087785
9.835	-1.0515255
9.84	-0.9790065
9.845	-0.942747
9.85	-0.8339685
9.855	-0.797709
9.86	-0.72519
9.865	-0.6889305
9.87	-0.6164115
9.875	-0.580152
9.88	-0.507633
9.885	-0.507633
9.89	-0.4713735
9.895	-0.507633
9.9	-0.580152
9.905	-0.6164115
9.91	-0.72519
9.915	-0.8339685
9.92	-0.870228
9.925	-0.8339685
9.93	-0.72519
9.935	-0.580152
9.94	-0.290076
9.945	-0.0362595
9.95	0.1812975
9.955	0.3263355
9.96	0.362595
9.965	0.3263355
9.97	0.1812975
9.975	-0.0362595
9.98	-0.2538165
9.985	-0.507633
9.99	-0.6889305
9.995	-0.8339685
10	-0.942747
10.005	-0.9790065
10.01	-0.942747
10.015	-0.870228
10.02	-0.797709
10.025	-0.6164115
10.03	-0.4713735
10.035	-0.290076
10.04	-0.217557
10.045	-0.1087785
10.05	-0.1087785
10.055	-0.145038
10.06	-0.2538165
10.065	-0.362595
10.07	-0.507633
10.075	-0.6889305
10.08	-0.797709
10.085	-0.870228
10.09	-0.942747
10.095	-0.870228
10.1	-0.8339685
10.105	-0.72519
10.11	-0.6164115
10.115	-0.507633
10.12	-0.3988545
10.125	-0.362595
10.13	-0.362595
10.135	-0.362595
10.14	-0.362595
10.145	-0.4713735
10.15	-0.6164115
10.155	-0.72519
10.16	-0.870228
10.165	-1.0515255
10.17	-1.087785
10.175	-1.087785
10.18	-1.087785
10.185	-1.087785
10.19	-1.0515255
10.195	-0.9790065
10.2	-0.942747
10.205	-0.942747
10.21	-0.942747
10.215	-0.9790065
10.22	-0.9790065
10.225	-1.0515255
10.23	-1.0515255
10.235	-1.0515255
10.24	-0.9790065
10.245	-0.870228
10.25	-0.797709
10.255	-0.72519
10.26	-0.6164115
10.265	-0.6164115
10.27	-0.6164115
10.275	-0.6164115
10.28	-0.6889305
10.285	-0.797709
10.29	-0.870228
10.295	-0.942747
10.3	-0.9790065
10.305	-1.0515255
10.31	-0.9790065
10.315	-0.942747
10.32	-0.870228
10.325	-0.797709
10.33	-0.6889305
10.335	-0.580152
10.34	-0.507633
10.345	-0.507633
10.35	-0.507633
10.355	-0.580152
10.36	-0.6889305
10.365	-0.797709
10.37	-0.870228
10.375	-0.9790065
10.38	-1.0515255
10.385	-1.087785
10.39	-1.087785
10.395	-1.087785
10.4	-1.087785
10.405	-1.0515255
10.41	-0.9790065
10.415	-0.870228
10.42	-0.8339685
10.425	-0.797709
10.43	-0.797709
10.435	-0.797709
10.44	-0.8339685
10.445	-0.870228
10.45	-0.942747
10.455	-0.9790065
10.46	-1.0515255
10.465	-1.0515255
10.47	-0.9790065
10.475	-0.942747
10.48	-0.870228
10.485	-0.8339685
10.49	-0.797709
10.495	-0.72519
10.5	-0.72519
10.505	-0.6889305
10.51	-0.6164115
10.515	-0.6889305
10.52	-0.6889305
10.525	-0.6889305
10.53	-0.797709
10.535	-0.8339685
10.54	-0.870228
10.545	-0.9790065
10.55	-1.087785
10.555	-1.2690825
10.56	-1.377861
10.565	-1.4141205
10.57	-1.4141205
10.575	-1.4141205
10.58	-1.2690825
10.585	-1.160304
10.59	-0.9790065
10.595	-0.870228
10.6	-0.797709
10.605	-0.797709
10.61	-0.797709
10.615	-0.8339685
10.62	-0.870228
10.625	-0.942747
10.63	-1.0515255
10.635	-1.160304
10.64	-1.2690825
10.645	-1.305342
10.65	-1.377861
10.655	-1.4141205
10.66	-1.4141205
10.665	-1.377861
10.67	-1.305342
10.675	-1.2690825
10.68	-1.160304
10.685	-1.0515255
10.69	-0.9790065
10.695	-0.942747
10.7	-0.942747
10.705	-0.9790065
10.71	-0.9790065
10.715	-1.0515255
10.72	-1.0515255
10.725	-0.9790065
10.73	-0.9790065
10.735	-0.942747
10.74	-0.870228
10.745	-0.8339685
10.75	-0.797709
10.755	-0.797709
10.76	-0.797709
10.765	-0.797709
10.77	-0.8339685
10.775	-0.942747
10.78	-1.0515255
10.785	-1.087785
10.79	-1.160304
10.795	-1.2690825
10.8	-1.305342
10.805	-1.305342
10.81	-1.305342
10.815	-1.377861
10.82	-1.377861
10.825	-1.305342
10.83	-1.305342
10.835	-1.2690825
10.84	-1.2690825
10.845	-1.1965635
10.85	-1.1965635
10.855	-1.1965635
10.86	-1.1965635
10.865	-1.1965635
10.87	-1.2690825
10.875	-1.305342
10.88	-1.377861
10.885	-1.4141205
10.89	-1.45038
10.895	-1.522899
10.9	-1.522899
10.905	-1.522899
10.91	-1.4141205
10.915	-1.305342
10.92	-1.1965635
10.925	-1.0515255
10.93	-0.942747
10.935	-0.797709
10.94	-0.72519
10.945	-0.6889305
10.95	-0.6889305
10.955	-0.72519
10.96	-0.797709
10.965	-0.8339685
10.97	-0.942747
10.975	-1.0515255
10.98	-1.160304
10.985	-1.1965635
10.99	-1.2690825
10.995	-1.2690825
11	-1.1965635
11.005	-1.160304
11.01	-1.087785
11.015	-0.9790065
11.02	-0.870228
11.025	-0.797709
11.03	-0.72519
11.035	-0.6889305
11.04	-0.6889305
11.045	-0.6889305
11.05	-0.6889305
11.055	-0.797709
11.06	-0.8339685
11.065	-0.870228
11.07	-0.942747
11.075	-0.9790065
11.08	-0.9790065
11.085	-0.9790065
11.09	-0.9790065
11.095	-0.942747
11.1	-0.870228
11.105	-0.8339685
11.11	-0.797709
11.115	-0.6889305
11.12	-0.6164115
11.125	-0.6164115
11.13	-0.580152
11.135	-0.580152
11.14	-0.580152
11.145	-0.6164115
11.15	-0.6889305
11.155	-0.72519
11.16	-0.8339685
11.165	-0.870228
11.17	-0.9790065
11.175	-0.9790065
11.18	-0.9790065
11.185	-0.942747
11.19	-0.870228
11.195	-0.797709
11.2	-0.72519
11.205	-0.6164115
11.21	-0.580152
11.215	-0.507633
11.22	-0.507633
11.225	-0.507633
11.23	-0.507633
11.235	-0.507633
11.24	-0.580152
11.245	-0.6164115
11.25	-0.6164115
11.255	-0.6164115
11.26	-0.580152
11.265	-0.507633
11.27	-0.4713735
11.275	-0.3988545
11.28	-0.362595
11.285	-0.290076
11.29	-0.290076
11.295	-0.290076
11.3	-0.362595
11.305	-0.3988545
11.31	-0.4713735
11.315	-0.507633
11.32	-0.6164115
11.325	-0.72519
11.33	-0.797709
11.335	-0.797709
11.34	-0.8339685
11.345	-0.8339685
11.35	-0.797709
11.355	-0.797709
11.36	-0.72519
11.365	-0.6889305
11.37	-0.6889305
11.375	-0.6164115
11.38	-0.6164115
11.385	-0.6164115
11.39	-0.6889305
11.395	-0.72519
11.4	-0.8339685
11.405	-0.870228
11.41	-0.942747
11.415	-1.0515255
11.42	-1.087785
11.425	-1.087785
11.43	-1.160304
11.435	-1.087785
11.44	-1.087785
11.445	-1.0515255
11.45	-0.942747
11.455	-0.870228
11.46	-0.797709
11.465	-0.72519
11.47	-0.72519
11.475	-0.72519
11.48	-0.797709
11.485	-0.8339685
11.49	-0.942747
11.495	-1.0515255
11.5	-1.1965635
11.505	-1.305342
11.51	-1.377861
11.515	-1.4141205
11.52	-1.4141205
11.525	-1.305342
11.53	-1.1965635
11.535	-1.0515255
11.54	-0.942747
11.545	-0.8339685
11.55	-0.72519
11.555	-0.72519
11.56	-0.797709
11.565	-0.8339685
11.57	-0.942747
11.575	-1.0515255
11.58	-1.160304
11.585	-1.1965635
11.59	-1.1965635
11.595	-1.160304
11.6	-0.9790065
11.605	-0.8339685
11.61	-0.6164115
11.615	-0.4713735
11.62	-0.362595
11.625	-0.362595
11.63	-0.362595
11.635	-0.3988545
11.64	-0.507633
11.645	-0.6164115
11.65	-0.72519
11.655	-0.797709
11.66	-0.8339685
11.665	-0.870228
11.67	-0.8339685
11.675	-0.797709
11.68	-0.72519
11.685	-0.6164115
11.69	-0.507633
11.695	-0.4713735
11.7	-0.3988545
11.705	-0.3988545
11.71	-0.362595
11.715	-0.362595
11.72	-0.3988545
11.725	-0.3988545
11.73	-0.4713735
11.735	-0.580152
11.74	-0.6164115
11.745	-0.6889305
11.75	-0.72519
11.755	-0.797709
11.76	-0.797709
11.765	-0.797709
11.77	-0.72519
11.775	-0.6164115
11.78	-0.507633
11.785	-0.3988545
11.79	-0.290076
11.795	-0.2538165
11.8	-0.217557
11.805	-0.217557
11.81	-0.290076
11.815	-0.3988545
11.82	-0.507633
11.825	-0.6164115
11.83	-0.6889305
11.835	-0.6889305
11.84	-0.6164115
11.845	-0.580152
11.85	-0.507633
11.855	-0.3988545
11.86	-0.362595
11.865	-0.290076
11.87	-0.290076
11.875	-0.362595
11.88	-0.3988545
11.885	-0.4713735
11.89	-0.580152
11.895	-0.6889305
11.9	-0.797709
11.905	-0.8339685
11.91	-0.870228
11.915	-0.870228
11.92	-0.8339685
11.925	-0.797709
11.93	-0.6889305
11.935	-0.6164115
11.94	-0.507633
11.945	-0.4713735
11.95	-0.3988545
11.955	-0.362595
11.96	-0.362595
11.965	-0.362595
11.97	-0.362595
11.975	-0.362595
11.98	-0.362595
11.985	-0.362595
11.99	-0.362595
11.995	-0.362595
12	-0.362595
12.005	-0.362595
12.01	-0.362595
12.015	-0.290076
12.02	-0.290076
12.025	-0.290076
12.03	-0.290076
12.035	-0.290076
12.04	-0.362595
12.045	-0.362595
12.05	-0.3988545
12.055	-0.3988545
12.06	-0.3988545
12.065	-0.3988545
12.07	-0.3988545
12.075	-0.3988545
12.08	-0.3988545
12.085	-0.362595
12.09	-0.362595
12.095	-0.362595
12.1	-0.362595
12.105	-0.3988545
12.11	-0.4713735
12.115	-0.4713735
12.12	-0.507633
12.125	-0.580152
12.13	-0.580152
12.135	-0.580152
12.14	-0.580152
12.145	-0.580152
12.15	-0.507633
12.155	-0.507633
12.16	-0.507633
12.165	-0.580152
12.17	-0.580152
12.175	-0.6164115
12.18	-0.6889305
12.185	-0.72519
12.19	-0.72519
12.195	-0.72519
12.2	-0.6889305
12.205	-0.6164115
12.21	-0.580152
12.215	-0.4713735
12.22	-0.362595
12.225	-0.362595
12.23	-0.362595
12.235	-0.362595
12.24	-0.4713735
12.245	-0.580152
12.25	-0.6889305
12.255	-0.8339685
12.26	-0.942747
12.265	-0.9790065
12.27	-1.0515255
12.275	-1.0515255
12.28	-0.9790065
12.285	-0.9790065
12.29	-0.942747
12.295	-0.870228
12.3	-0.8339685
12.305	-0.797709
12.31	-0.72519
12.315	-0.6889305
12.32	-0.6164115
12.325	-0.6164115
12.33	-0.6164115
12.335	-0.6889305
12.34	-0.72519
12.345	-0.797709
12.35	-0.8339685
12.355	-0.942747
12.36	-0.942747
12.365	-0.942747
12.37	-0.942747
12.375	-0.870228
12.38	-0.797709
12.385	-0.6889305
12.39	-0.580152
12.395	-0.4713735
12.4	-0.362595
12.405	-0.290076
12.41	-0.290076
12.415	-0.290076
12.42	-0.362595
12.425	-0.3988545
12.43	-0.4713735
12.435	-0.4713735
12.44	-0.507633
12.445	-0.580152
12.45	-0.6164115
12.455	-0.6164115
12.46	-0.6889305
12.465	-0.6164115
12.47	-0.580152
12.475	-0.580152
12.48	-0.507633
12.485	-0.4713735
12.49	-0.4713735
12.495	-0.4713735
12.5	-0.4713735
12.505	-0.4713735
12.51	-0.580152
12.515	-0.6164115
12.52	-0.6889305
12.525	-0.6889305
12.53	-0.6889305
12.535	-0.580152
12.54	-0.4713735
12.545	-0.362595
12.55	-0.217557
12.555	-0.1087785
12.56	0
12.565	0.072519
12.57	0.072519
12.575	0
12.58	-0.1087785
12.585	-0.2538165
12.59	-0.362595
12.595	-0.4713735
12.6	-0.507633
12.605	-0.507633
12.61	-0.3988545
12.615	-0.2538165
12.62	-0.0362595
12.625	0.217557
12.63	0.4713735
12.635	0.7614495
12.64	0.9064875
12.645	0.942747
12.65	0.942747
12.655	0.797709
12.66	0.5438925
12.665	0.290076
12.67	0.072519
12.675	-0.145038
12.68	-0.2538165
12.685	-0.2538165
12.69	-0.145038
12.695	0
12.7	0.1812975
12.705	0.3263355
12.71	0.435114
12.715	0.4713735
12.72	0.435114
12.725	0.362595
12.73	0.217557
12.735	0.072519
12.74	-0.1087785
12.745	-0.217557
12.75	-0.2538165
12.755	-0.290076
12.76	-0.2538165
12.765	-0.145038
12.77	-0.0362595
12.775	0.072519
12.78	0.217557
12.785	0.3263355
12.79	0.435114
12.795	0.4713735
12.8	0.580152
12.805	0.580152
12.81	0.5438925
12.815	0.435114
12.82	0.3263355
12.825	0.1087785
12.83	-0.145038
12.835	-0.362595
12.84	-0.507633
12.845	-0.72519
12.85	-0.8339685
12.855	-0.870228
12.86	-0.870228
12.865	-0.870228
12.87	-0.8339685
12.875	-0.797709
12.88	-0.72519
12.885	-0.6889305
12.89	-0.6164115
12.895	-0.6164115
12.9	-0.580152
12.905	-0.507633
12.91	-0.4713735
12.915	-0.3988545
12.92	-0.362595
12.925	-0.290076
12.93	-0.290076
12.935	-0.2538165
12.94	-0.290076
12.945	-0.362595
12.95	-0.3988545
12.955	-0.4713735
12.96	-0.580152
12.965	-0.580152
12.97	-0.580152
12.975	-0.580152
12.98	-0.507633
12.985	-0.3988545
12.99	-0.362595
12.995	-0.290076
13	-0.290076
13.005	-0.290076
13.01	-0.362595
13.015	-0.3988545
13.02	-0.507633
13.025	-0.6164115
13.03	-0.6889305
13.035	-0.72519
13.04	-0.72519
13.045	-0.72519
13.05	-0.6889305
13.055	-0.6164115
13.06	-0.507633
13.065	-0.4713735
13.07	-0.3988545
13.075	-0.3988545
13.08	-0.3988545
13.085	-0.4713735
13.09	-0.507633
13.095	-0.6164115
13.1	-0.6164115
13.105	-0.6889305
13.11	-0.72519
13.115	-0.72519
13.12	-0.72519
13.125	-0.72519
13.13	-0.72519
13.135	-0.797709
13.14	-0.797709
13.145	-0.797709
13.15	-0.8339685
13.155	-0.870228
13.16	-0.942747
13.165	-0.942747
13.17	-0.9790065
13.175	-0.942747
13.18	-0.942747
13.185	-0.870228
13.19	-0.8339685
13.195	-0.797709
13.2	-0.797709
13.205	-0.72519
13.21	-0.72519
13.215	-0.6889305
13.22	-0.6889305
13.225	-0.6889305
13.23	-0.6889305
13.235	-0.6889305
13.24	-0.6889305
13.245	-0.6889305
13.25	-0.72519
13.255	-0.72519
13.26	-0.72519
13.265	-0.72519
13.27	-0.72519
13.275	-0.6889305
13.28	-0.6164115
13.285	-0.580152
13.29	-0.4713735
13.295	-0.3988545
13.3	-0.362595
13.305	-0.290076
13.31	-0.2538165
13.315	-0.2538165
13.32	-0.290076
13.325	-0.362595
13.33	-0.4713735
13.335	-0.507633
13.34	-0.580152
13.345	-0.6164115
13.35	-0.6889305
13.355	-0.6889305
13.36	-0.6889305
13.365	-0.6889305
13.37	-0.6164115
13.375	-0.580152
13.38	-0.4713735
13.385	-0.362595
13.39	-0.2538165
13.395	-0.217557
13.4	-0.145038
13.405	-0.145038
13.41	-0.145038
13.415	-0.217557
13.42	-0.290076
13.425	-0.3988545
13.43	-0.580152
13.435	-0.6889305
13.44	-0.72519
13.445	-0.797709
13.45	-0.72519
13.455	-0.6164115
13.46	-0.507633
13.465	-0.3988545
13.47	-0.290076
13.475	-0.217557
13.48	-0.145038
13.485	-0.1087785
13.49	-0.145038
13.495	-0.217557
13.5	-0.290076
13.505	-0.362595
13.51	-0.4713735
13.515	-0.507633
13.52	-0.507633
13.525	-0.507633
13.53	-0.4713735
13.535	-0.3988545
13.54	-0.362595
13.545	-0.362595
13.55	-0.290076
13.555	-0.290076
13.56	-0.290076
13.565	-0.290076
13.57	-0.2538165
13.575	-0.2538165
13.58	-0.2538165
13.585	-0.2538165
13.59	-0.2538165
13.595	-0.290076
13.6	-0.362595
13.605	-0.3988545
13.61	-0.4713735
13.615	-0.580152
13.62	-0.6164115
13.625	-0.6889305
13.63	-0.6889305
13.635	-0.6889305
13.64	-0.6164115
13.645	-0.580152
13.65	-0.507633
13.655	-0.4713735
13.66	-0.3988545
13.665	-0.362595
13.67	-0.290076
13.675	-0.290076
13.68	-0.290076
13.685	-0.290076
13.69	-0.290076
13.695	-0.290076
13.7	-0.290076
13.705	-0.290076
13.71	-0.362595
13.715	-0.3988545
13.72	-0.4713735
13.725	-0.507633
13.73	-0.580152
13.735	-0.6164115
13.74	-0.6164115
13.745	-0.580152
13.75	-0.4713735
13.755	-0.362595
13.76	-0.217557
13.765	-0.1087785
13.77	0
13.775	0
13.78	-0.0362595
13.785	-0.1087785
13.79	-0.2538165
13.795	-0.3988545
13.8	-0.507633
13.805	-0.6164115
13.81	-0.6889305
13.815	-0.6889305
13.82	-0.6164115
13.825	-0.507633
13.83	-0.3988545
13.835	-0.290076
13.84	-0.217557
13.845	-0.145038
13.85	-0.145038
13.855	-0.2538165
13.86	-0.362595
13.865	-0.4713735
13.87	-0.6164115
13.875	-0.72519
13.88	-0.797709
13.885	-0.72519
13.89	-0.6889305
13.895	-0.6164115
13.9	-0.507633
13.905	-0.3988545
13.91	-0.362595
13.915	-0.290076
13.92	-0.290076
13.925	-0.290076
13.93	-0.362595
13.935	-0.362595
13.94	-0.3988545
13.945	-0.4713735
13.95	-0.4713735
13.955	-0.4713735
13.96	-0.507633
13.965	-0.507633
13.97	-0.580152
13.975	-0.580152
13.98	-0.580152
13.985	-0.580152
13.99	-0.580152
13.995	-0.580152
14	-0.580152
14.005	-0.580152
14.01	-0.507633
14.015	-0.4713735
14.02	-0.4713735
14.025	-0.3988545
14.03	-0.290076
14.035	-0.2538165
14.04	-0.217557
14.045	-0.217557
14.05	-0.217557
14.055	-0.217557
14.06	-0.2538165
14.065	-0.290076
14.07	-0.362595
14.075	-0.4713735
14.08	-0.507633
14.085	-0.580152
14.09	-0.6164115
14.095	-0.6164115
14.1	-0.6164115
14.105	-0.580152
14.11	-0.507633
14.115	-0.3988545
14.12	-0.362595
14.125	-0.290076
14.13	-0.2538165
14.135	-0.2538165
14.14	-0.290076
14.145	-0.362595
14.15	-0.4713735
14.155	-0.507633
14.16	-0.580152
14.165	-0.6889305
14.17	-0.6889305
14.175	-0.6889305
14.18	-0.72519
14.185	-0.72519
14.19	-0.6889305
14.195	-0.6889305
14.2	-0.6889305
14.205	-0.6164115
14.21	-0.580152
14.215	-0.507633
14.22	-0.507633
14.225	-0.507633
14.23	-0.507633
14.235	-0.507633
14.24	-0.507633
14.245	-0.507633
14.25	-0.507633
14.255	-0.507633
14.26	-0.507633
14.265	-0.507633
14.27	-0.507633
14.275	-0.507633
14.28	-0.507633
14.285	-0.507633
14.29	-0.580152
14.295	-0.6889305
14.3	-0.72519
14.305	-0.8339685
14.31	-0.870228
14.315	-0.942747
14.32	-0.942747
14.325	-0.942747
14.33	-0.8339685
14.335	-0.797709
14.34	-0.6889305
14.345	-0.580152
14.35	-0.4713735
14.355	-0.3988545
14.36	-0.362595
14.365	-0.362595
14.37	-0.362595
14.375	-0.3988545
14.38	-0.4713735
14.385	-0.580152
14.39	-0.6164115
14.395	-0.6889305
14.4	-0.72519
14.405	-0.72519
14.41	-0.72519
14.415	-0.6889305
14.42	-0.6164115
14.425	-0.580152
14.43	-0.507633
14.435	-0.507633
14.44	-0.507633
14.445	-0.507633
14.45	-0.507633
14.455	-0.580152
14.46	-0.6164115
14.465	-0.6164115
14.47	-0.6164115
14.475	-0.6164115
14.48	-0.580152
14.485	-0.4713735
14.49	-0.3988545
14.495	-0.290076
14.5	-0.2538165
14.505	-0.217557
14.51	-0.217557
14.515	-0.2538165
14.52	-0.2538165
14.525	-0.290076
14.53	-0.3988545
14.535	-0.4713735
14.54	-0.507633
14.545	-0.507633
14.55	-0.507633
14.555	-0.507633
14.56	-0.4713735
14.565	-0.3988545
14.57	-0.3988545
14.575	-0.3988545
14.58	-0.3988545
14.585	-0.4713735
14.59	-0.507633
14.595	-0.6164115
14.6	-0.6164115
14.605	-0.6889305
14.61	-0.6889305
14.615	-0.6164115
14.62	-0.507633
14.625	-0.3988545
14.63	-0.2538165
14.635	-0.1087785
14.64	0
14.645	0.1087785
14.65	0.1087785
14.655	0
14.66	-0.1087785
14.665	-0.2538165
14.67	-0.4713735
14.675	-0.6164115
14.68	-0.72519
14.685	-0.8339685
14.69	-0.8339685
14.695	-0.8339685
14.7	-0.72519
14.705	-0.6889305
14.71	-0.580152
14.715	-0.4713735
14.72	-0.3988545
14.725	-0.362595
14.73	-0.362595
14.735	-0.362595
14.74	-0.3988545
14.745	-0.3988545
14.75	-0.4713735
14.755	-0.507633
14.76	-0.580152
14.765	-0.580152
14.77	-0.6164115
14.775	-0.6889305
14.78	-0.6889305
14.785	-0.6889305
14.79	-0.6889305
14.795	-0.6164115
14.8	-0.580152
14.805	-0.4713735
14.81	-0.3988545
14.815	-0.290076
14.82	-0.217557
14.825	-0.145038
14.83	-0.1087785
14.835	-0.1087785
14.84	-0.145038
14.845	-0.217557
14.85	-0.290076
14.855	-0.362595
14.86	-0.3988545
14.865	-0.507633
14.87	-0.580152
14.875	-0.580152
14.88	-0.580152
14.885	-0.580152
14.89	-0.507633
14.895	-0.4713735
14.9	-0.3988545
14.905	-0.3988545
14.91	-0.3988545
14.915	-0.3988545
14.92	-0.3988545
14.925	-0.3988545
14.93	-0.3988545
14.935	-0.3988545
14.94	-0.362595
14.945	-0.290076
14.95	-0.2538165
14.955	-0.217557
14.96	-0.217557
14.965	-0.2538165
14.97	-0.290076
14.975	-0.362595
14.98	-0.4713735
14.985	-0.580152
14.99	-0.6164115
14.995	-0.6164115
15	-0.6164115
15.005	-0.580152
15.01	-0.507633
15.015	-0.3988545
15.02	-0.362595
15.025	-0.2538165
15.03	-0.217557
15.035	-0.217557
15.04	-0.217557
15.045	-0.2538165
15.05	-0.290076
15.055	-0.362595
15.06	-0.3988545
15.065	-0.3988545
15.07	-0.3988545
15.075	-0.3988545
15.08	-0.3988545
15.085	-0.3988545
15.09	-0.362595
15.095	-0.290076
15.1	-0.290076
15.105	-0.290076
15.11	-0.290076
15.115	-0.290076
15.12	-0.362595
15.125	-0.362595
15.13	-0.362595
15.135	-0.362595
15.14	-0.362595
15.145	-0.290076
15.15	-0.290076
15.155	-0.2538165
15.16	-0.2538165
15.165	-0.217557
15.17	-0.217557
15.175	-0.145038
15.18	-0.1087785
15.185	-0.0362595
15.19	-0.0362595
15.195	-0.0362595
15.2	-0.1087785
15.205	-0.145038
15.21	-0.217557
15.215	-0.2538165
15.22	-0.290076
15.225	-0.362595
15.23	-0.3988545
15.235	-0.3988545
15.24	-0.3988545
15.245	-0.362595
15.25	-0.290076
15.255	-0.217557
15.26	-0.145038
15.265	-0.145038
15.27	-0.1087785
15.275	-0.145038
15.28	-0.145038
15.285	-0.2538165
15.29	-0.290076
15.295	-0.362595
15.3	-0.4713735
15.305	-0.4713735
15.31	-0.4713735
15.315	-0.3988545
15.32	-0.362595
15.325	-0.2538165
15.33	-0.1087785
15.335	-0.0362595
15.34	0
15.345	0.072519
15.35	0
15.355	-0.0362595
15.36	-0.1087785
15.365	-0.217557
15.37	-0.290076
15.375	-0.362595
15.38	-0.3988545
15.385	-0.362595
15.39	-0.290076
15.395	-0.2538165
15.4	-0.145038
15.405	-0.1087785
15.41	-0.0362595
15.415	-0.0362595
15.42	-0.0362595
15.425	-0.1087785
15.43	-0.145038
15.435	-0.217557
15.44	-0.2538165
15.445	-0.290076
15.45	-0.362595
15.455	-0.362595
15.46	-0.362595
15.465	-0.290076
15.47	-0.217557
15.475	-0.1087785
15.48	-0.0362595
15.485	0
15.49	0.072519
15.495	0
15.5	-0.0362595
15.505	-0.145038
15.51	-0.2538165
15.515	-0.3988545
15.52	-0.507633
15.525	-0.6889305
15.53	-0.797709
15.535	-0.797709
15.54	-0.797709
15.545	-0.72519
15.55	-0.580152
15.555	-0.4713735
15.56	-0.290076
15.565	-0.217557
15.57	-0.1087785
15.575	-0.0362595
15.58	-0.1087785
15.585	-0.145038
15.59	-0.2538165
15.595	-0.362595
15.6	-0.507633
15.605	-0.580152
15.61	-0.6889305
15.615	-0.72519
15.62	-0.6889305
15.625	-0.6164115
15.63	-0.580152
15.635	-0.3988545
15.64	-0.290076
15.645	-0.145038
15.65	-0.0362595
15.655	0
15.66	0
15.665	-0.0362595
15.67	-0.0362595
15.675	-0.145038
15.68	-0.217557
15.685	-0.290076
15.69	-0.362595
15.695	-0.362595
15.7	-0.362595
15.705	-0.362595
15.71	-0.290076
15.715	-0.2538165
15.72	-0.217557
15.725	-0.217557
15.73	-0.217557
15.735	-0.217557
15.74	-0.217557
15.745	-0.2538165
15.75	-0.290076
15.755	-0.362595
15.76	-0.362595
15.765	-0.3988545
15.77	-0.4713735
15.775	-0.507633
15.78	-0.580152
15.785	-0.580152
15.79	-0.507633
15.795	-0.507633
15.8	-0.4713735
15.805	-0.362595
15.81	-0.290076
15.815	-0.2538165
15.82	-0.217557
15.825	-0.145038
15.83	-0.145038
15.835	-0.217557
15.84	-0.290076
15.845	-0.362595
15.85	-0.4713735
15.855	-0.580152
15.86	-0.6889305
15.865	-0.72519
15.87	-0.72519
15.875	-0.72519
15.88	-0.6164115
15.885	-0.580152
15.89	-0.4713735
15.895	-0.3988545
15.9	-0.290076
15.905	-0.2538165
15.91	-0.2538165
15.915	-0.2538165
15.92	-0.290076
15.925	-0.362595
15.93	-0.3988545
15.935	-0.507633
15.94	-0.507633
15.945	-0.580152
15.95	-0.507633
15.955	-0.507633
15.96	-0.4713735
15.965	-0.3988545
15.97	-0.362595
15.975	-0.290076
15.98	-0.2538165
15.985	-0.2538165
15.99	-0.2538165
15.995	-0.2538165
16	-0.290076
16.005	-0.362595
16.01	-0.4713735
16.015	-0.507633
16.02	-0.580152
16.025	-0.6164115
16.03	-0.6164115
16.035	-0.6164115
16.04	-0.6164115
16.045	-0.6164115
16.05	-0.580152
16.055	-0.580152
16.06	-0.507633
16.065	-0.507633
16.07	-0.4713735
16.075	-0.4713735
16.08	-0.3988545
16.085	-0.362595
16.09	-0.2538165
16.095	-0.145038
16.1	-0.0362595
16.105	0
16.11	0.072519
16.115	0.072519
16.12	0
16.125	-0.1087785
16.13	-0.217557
16.135	-0.290076
16.14	-0.3988545
16.145	-0.4713735
16.15	-0.507633
16.155	-0.507633
16.16	-0.507633
16.165	-0.507633
16.17	-0.4713735
16.175	-0.3988545
16.18	-0.362595
16.185	-0.362595
16.19	-0.362595
16.195	-0.362595
16.2	-0.3988545
16.205	-0.4713735
16.21	-0.4713735
16.215	-0.507633
16.22	-0.4713735
16.225	-0.4713735
16.23	-0.3988545
16.235	-0.362595
16.24	-0.290076
16.245	-0.2538165
16.25	-0.217557
16.255	-0.217557
16.26	-0.217557
16.265	-0.217557
16.27	-0.217557
16.275	-0.217557
16.28	-0.217557
16.285	-0.217557
16.29	-0.217557
16.295	-0.217557
16.3	-0.2538165
16.305	-0.290076
16.31	-0.362595
16.315	-0.3988545
16.32	-0.4713735
16.325	-0.580152
16.33	-0.6164115
16.335	-0.6164115
16.34	-0.6164115
16.345	-0.580152
16.35	-0.4713735
16.355	-0.362595
16.36	-0.2538165
16.365	-0.145038
16.37	-0.1087785
16.375	-0.0362595
16.38	-0.0362595
16.385	-0.1087785
16.39	-0.1087785
16.395	-0.217557
16.4	-0.290076
16.405	-0.362595
16.41	-0.3988545
16.415	-0.4713735
16.42	-0.507633
16.425	-0.4713735
16.43	-0.3988545
16.435	-0.362595
16.44	-0.290076
16.445	-0.217557
16.45	-0.217557
16.455	-0.217557
16.46	-0.217557
16.465	-0.290076
16.47	-0.362595
16.475	-0.4713735
16.48	-0.580152
16.485	-0.6164115
16.49	-0.6889305
16.495	-0.6889305
16.5	-0.6889305
16.505	-0.580152
16.51	-0.507633
16.515	-0.3988545
16.52	-0.290076
16.525	-0.217557
16.53	-0.0362595
16.535	0.072519
16.54	0.1812975
16.545	0.290076
16.55	0.3263355
16.555	0.3263355
16.56	0.290076
16.565	0.1812975
16.57	0.072519
16.575	-0.1087785
16.58	-0.2538165
16.585	-0.362595
16.59	-0.3988545
16.595	-0.4713735
16.6	-0.507633
16.605	-0.4713735
16.61	-0.3988545
16.615	-0.362595
16.62	-0.2538165
16.625	-0.145038
16.63	-0.0362595
16.635	0
16.64	0.072519
16.645	0.072519
16.65	0
16.655	-0.0362595
16.66	-0.1087785
16.665	-0.145038
16.67	-0.217557
16.675	-0.290076
16.68	-0.362595
16.685	-0.3988545
16.69	-0.4713735
16.695	-0.4713735
16.7	-0.4713735
16.705	-0.4713735
16.71	-0.3988545
16.715	-0.362595
16.72	-0.2538165
16.725	-0.145038
16.73	-0.0362595
16.735	0
16.74	0.072519
16.745	0.1087785
16.75	0.1087785
16.755	0.072519
16.76	0
16.765	-0.1087785
16.77	-0.145038
16.775	-0.217557
16.78	-0.290076
16.785	-0.290076
16.79	-0.362595
16.795	-0.290076
16.8	-0.290076
16.805	-0.2538165
16.81	-0.145038
16.815	-0.0362595
16.82	0
16.825	0.1087785
16.83	0.1812975
16.835	0.1812975
16.84	0.1812975
16.845	0.1812975
16.85	0.1812975
16.855	0.1812975
16.86	0.1087785
16.865	0.072519
16.87	0.072519
16.875	-0.0362595
16.88	-0.1087785
16.885	-0.145038
16.89	-0.217557
16.895	-0.2538165
16.9	-0.2538165
16.905	-0.217557
16.91	-0.145038
16.915	-0.1087785
16.92	0
16.925	0.072519
16.93	0.1087785
16.935	0.1087785
16.94	0.1087785
16.945	0.072519
16.95	0.072519
16.955	0
16.96	0
16.965	0
16.97	0
16.975	0.072519
16.98	0.1087785
16.985	0.1812975
16.99	0.1812975
16.995	0.1812975
17	0.1812975
17.005	0.1087785
17.01	0.072519
17.015	0
17.02	-0.1087785
17.025	-0.145038
17.03	-0.217557
17.035	-0.2538165
