Label: 
0
Label: Event: NEAR-PROBE_SS_1R_2014-07-02_A1
-2.96	0.072519
-2.955	0.072519
-2.95	0.072519
-2.945	0
-2.94	0
-2.935	0
-2.93	0
-2.925	0
-2.92	0
-2.915	0
-2.91	0
-2.905	0
-2.9	0
-2.895	0
-2.89	0
-2.885	0
-2.88	0
-2.875	0
-2.87	0
-2.865	0
-2.86	0
-2.855	0
-2.85	0
-2.845	0
-2.84	0
-2.835	0
-2.83	0
-2.825	0.072519
-2.82	0
-2.815	0
-2.81	0
-2.805	0
-2.8	0
-2.795	0
-2.79	0
-2.785	0
-2.78	0
-2.775	0
-2.77	0
-2.765	0
-2.76	0
-2.755	0
-2.75	0
-2.745	0
-2.74	0
-2.735	0
-2.73	0
-2.725	0
-2.72	0
-2.715	0
-2.71	0
-2.705	0
-2.7	0
-2.695	0
-2.69	0
-2.685	0
-2.68	0
-2.675	0
-2.67	0
-2.665	0
-2.66	0
-2.655	0
-2.65	0
-2.645	0
-2.64	0
-2.635	0
-2.63	0
-2.625	0
-2.62	0
-2.615	0
-2.61	0
-2.605	0
-2.6	0
-2.595	0
-2.59	0
-2.585	0
-2.58	0
-2.575	0
-2.57	0
-2.565	0.072519
-2.56	0.072519
-2.555	0.072519
-2.55	0.072519
-2.545	0
-2.54	0
-2.535	0
-2.53	0
-2.525	-0.0362595
-2.52	0
-2.515	0
-2.51	0
-2.505	0
-2.5	0
-2.495	0
-2.49	0
-2.485	0
-2.48	0
-2.475	0
-2.47	0
-2.465	0
-2.46	0
-2.455	0
-2.45	0
-2.445	0
-2.44	0
-2.435	0
-2.43	0
-2.425	0
-2.42	0
-2.415	0
-2.41	0
-2.405	0
-2.4	0
-2.395	0
-2.39	0
-2.385	0
-2.38	0
-2.375	0.072519
-2.37	0.072519
-2.365	0.072519
-2.36	0
-2.355	0
-2.35	0
-2.345	0
-2.34	0
-2.335	0
-2.33	0
-2.325	0
-2.32	0
-2.315	0
-2.31	0
-2.305	0
-2.3	0
-2.295	0
-2.29	0
-2.285	0
-2.28	0
-2.275	0
-2.27	0
-2.265	0
-2.26	0
-2.255	-0.0362595
-2.25	0
-2.245	0
-2.24	0
-2.235	0
-2.23	0
-2.225	0
-2.22	0
-2.215	0
-2.21	0
-2.205	0
-2.2	0
-2.195	0
-2.19	0
-2.185	0
-2.18	-0.0362595
-2.175	-0.0362595
-2.17	-0.0362595
-2.165	0
-2.16	0
-2.155	0
-2.15	0
-2.145	0
-2.14	0
-2.135	0
-2.13	0
-2.125	0
-2.12	0
-2.115	0
-2.11	0
-2.105	0
-2.1	0
-2.095	0
-2.09	0
-2.085	0
-2.08	0
-2.075	0.072519
-2.07	0.072519
-2.065	0.072519
-2.06	0.072519
-2.055	0.072519
-2.05	0
-2.045	0
-2.04	0
-2.035	0
-2.03	0
-2.025	0
-2.02	0
-2.015	0
-2.01	0
-2.005	0
-2	0
-1.995	0
-1.99	0
-1.985	0
-1.98	0
-1.975	0
-1.97	0
-1.965	0
-1.96	0
-1.955	0
-1.95	0
-1.945	0
-1.94	0
-1.935	0
-1.93	0
-1.925	0
-1.92	0
-1.915	0
-1.91	0
-1.905	0
-1.9	0
-1.895	0
-1.89	0
-1.885	0
-1.88	0
-1.875	0
-1.87	0
-1.865	0
-1.86	0
-1.855	0
-1.85	0
-1.845	0
-1.84	0
-1.835	0
-1.83	0
-1.825	0.072519
-1.82	0.072519
-1.815	0
-1.81	0
-1.805	0
-1.8	0
-1.795	0
-1.79	0
-1.785	0
-1.78	0
-1.775	-0.0362595
-1.77	0
-1.765	0
-1.76	0
-1.755	0
-1.75	0
-1.745	0
-1.74	0
-1.735	0
-1.73	0
-1.725	0
-1.72	0
-1.715	0
-1.71	0
-1.705	0
-1.7	0
-1.695	0
-1.69	0
-1.685	0
-1.68	0
-1.675	0
-1.67	0
-1.665	0
-1.66	0.072519
-1.655	0
-1.65	0
-1.645	0
-1.64	0
-1.635	0
-1.63	0
-1.625	0
-1.62	0
-1.615	0
-1.61	0
-1.605	0
-1.6	0
-1.595	0
-1.59	0
-1.585	0
-1.58	0.072519
-1.575	0
-1.57	0
-1.565	0
-1.56	0
-1.555	0
-1.55	0
-1.545	0
-1.54	0
-1.535	0
-1.53	0
-1.525	0
-1.52	0
-1.515	0
-1.51	0
-1.505	0
-1.5	0
-1.495	0
-1.49	0
-1.485	0
-1.48	0
-1.475	0
-1.47	0
-1.465	0
-1.46	0
-1.455	0
-1.45	0
-1.445	0
-1.44	0
-1.435	0.072519
-1.43	0
-1.425	0
-1.42	0
-1.415	0
-1.41	0
-1.405	0
-1.4	0
-1.395	0
-1.39	0
-1.385	0
-1.38	0
-1.375	0
-1.37	0
-1.365	0
-1.36	0
-1.355	0
-1.35	0
-1.345	0
-1.34	0
-1.335	0
-1.33	0
-1.325	0
-1.32	0
-1.315	0.072519
-1.31	0
-1.305	0
-1.3	0
-1.295	0.072519
-1.29	0
-1.285	0
-1.28	0
-1.275	0
-1.27	0
-1.265	0
-1.26	0
-1.255	0
-1.25	0
-1.245	0
-1.24	0
-1.235	0
-1.23	0
-1.225	0
-1.22	0
-1.215	0
-1.21	0
-1.205	0
-1.2	0
-1.195	0
-1.19	0.072519
-1.185	0
-1.18	0
-1.175	0
-1.17	0
-1.165	0
-1.16	0
-1.155	0
-1.15	0
-1.145	0
-1.14	0
-1.135	0
-1.13	0
-1.125	0
-1.12	0
-1.115	0.072519
-1.11	0.072519
-1.105	0.072519
-1.1	0
-1.095	0
-1.09	0
-1.085	0
-1.08	0
-1.075	0
-1.07	0
-1.065	0
-1.06	0
-1.055	0
-1.05	0
-1.045	0
-1.04	0
-1.035	0
-1.03	0
-1.025	0
-1.02	0
-1.015	0
-1.01	0.072519
-1.005	0
-1	0
-0.995	0
-0.99	0
-0.985	0
-0.98	0
-0.975	0
-0.97	0
-0.965	0
-0.96	0
-0.955	0
-0.95	0
-0.945	0
-0.94	0
-0.935	0
-0.93	0
-0.925	0
-0.92	0
-0.915	0
-0.91	0
-0.905	0
-0.9	0
-0.895	0
-0.89	0
-0.885	0
-0.88	0
-0.875	0
-0.87	0
-0.865	0
-0.86	0
-0.855	0
-0.85	0
-0.845	0
-0.84	0
-0.835	0
-0.83	0
-0.825	0
-0.82	0
-0.815	0
-0.81	0
-0.805	0
-0.8	0
-0.795	0
-0.79	0
-0.785	0
-0.78	0
-0.775	0
-0.77	0
-0.765	0
-0.76	0
-0.755	0
-0.75	0
-0.745	0
-0.74	0
-0.735	0
-0.73	0
-0.725	0
-0.72	0
-0.715	0
-0.71	0
-0.705	0
-0.7	0
-0.695	0
-0.69	0
-0.685	0
-0.68	0
-0.675	0
-0.67	0
-0.665	0
-0.66	0
-0.655	0
-0.65	0
-0.645	0
-0.64	0
-0.635	0
-0.63	0
-0.625	0
-0.62	0
-0.615	0
-0.61	0
-0.605	0
-0.6	0
-0.595	0
-0.59	0
-0.585	0
-0.58	0
-0.575	0
-0.57	0
-0.565	0
-0.56	0
-0.555	0
-0.55	0
-0.545	0
-0.54	0
-0.535	0
-0.53	0
-0.525	0
-0.52	0
-0.515	0
-0.51	0
-0.505	0
-0.5	0
-0.495	0
-0.49	0
-0.485	0
-0.48	0
-0.475	0
-0.47	0
-0.465	0
-0.46	0
-0.455	0
-0.45	0
-0.445	0
-0.44	0
-0.435	0
-0.43	0
-0.425	0
-0.42	0
-0.415	0
-0.41	0
-0.405	0
-0.4	0
-0.395	0
-0.39	0
-0.385	0
-0.38	0
-0.375	0
-0.37	0
-0.365	0
-0.36	0
-0.355	0
-0.35	0
-0.345	0
-0.34	0
-0.335	0
-0.33	0
-0.325	0
-0.32	0
-0.315	0
-0.31	0
-0.305	0
-0.3	0
-0.295	0
-0.29	0
-0.285	0
-0.28	0
-0.275	0
-0.27	0
-0.265	0
-0.26	0
-0.255	0
-0.25	0
-0.245	0
-0.24	0
-0.235	0
-0.23	0
-0.225	0
-0.22	0
-0.215	0
-0.21	0
-0.205	0
-0.2	0
-0.195	0
-0.19	0
-0.185	0
-0.18	0
-0.175	0
-0.17	0
-0.165	0
-0.16	-0.0362595
-0.155	0.1812975
-0.15	0.652671
-0.145	1.4141205
-0.14	3.0820575
-0.135	4.8950325
-0.13	7.0706025
-0.125	9.1736535
-0.12	11.385483
-0.115	12.908382
-0.11	14.2499835
-0.105	14.8301355
-0.1	15.301509
-0.095	15.22899
-0.09	14.8301355
-0.085	14.141205
-0.08	13.488534
-0.075	12.7996035
-0.07	11.748078
-0.065	10.87785
-0.06	10.1164005
-0.055	9.137394
-0.05	7.97709
-0.045	7.034343
-0.04	6.164115
-0.035	5.1851085
-0.03	4.3148805
-0.025	3.6622095
-0.02	2.90076
-0.015	2.17557
-0.01	1.595418
-0.005	1.0515255
0	0.435114
0.005	0
0.01	-0.3988545
0.015	-0.72519
0.02	-0.9790065
0.025	-1.1965635
0.03	-1.522899
0.035	-1.740456
0.04	-1.958013
0.045	-2.1393105
0.05	-2.3568675
0.055	-2.5744245
0.06	-2.828241
0.065	-3.0095385
0.07	-3.1545765
0.075	-3.1545765
0.08	-3.1545765
0.085	-3.0095385
0.09	-2.828241
0.095	-2.683203
0.1	-2.465646
0.105	-2.320608
0.11	-2.248089
0.115	-2.248089
0.12	-2.2118295
0.125	-2.2118295
0.13	-2.1393105
0.135	-2.030532
0.14	-1.885494
0.145	-1.6316775
0.15	-1.305342
0.155	-0.9790065
0.16	-0.6889305
0.165	-0.362595
0.17	-0.1087785
0.175	0.072519
0.18	0.290076
0.185	0.4713735
0.19	0.6889305
0.195	0.8339685
0.2	0.9064875
0.205	0.9064875
0.21	0.9064875
0.215	0.8339685
0.22	0.8339685
0.225	0.9064875
0.23	1.0515255
0.235	1.2690825
0.24	1.595418
0.245	1.958013
0.25	2.2843485
0.255	2.6469435
0.26	2.90076
0.265	3.118317
0.27	3.335874
0.275	3.480912
0.28	3.6622095
0.285	3.7347285
0.29	3.843507
0.295	3.916026
0.3	3.9522855
0.305	3.916026
0.31	3.843507
0.315	3.8072475
0.32	3.7347285
0.325	3.6622095
0.33	3.5896905
0.335	3.6622095
0.34	3.698469
0.345	3.843507
0.35	4.061064
0.355	4.278621
0.36	4.3873995
0.365	4.423659
0.37	4.3873995
0.375	4.206102
0.38	4.0248045
0.385	3.7347285
0.39	3.553431
0.395	3.335874
0.4	3.2270955
0.405	3.2270955
0.41	3.335874
0.415	3.480912
0.42	3.7347285
0.425	3.9522855
0.43	4.1698425
0.435	4.3148805
0.44	4.3873995
0.445	4.278621
0.45	4.133583
0.455	3.843507
0.46	3.5896905
0.465	3.335874
0.47	3.118317
0.475	3.0095385
0.48	2.973279
0.485	2.973279
0.49	3.0820575
0.495	3.118317
0.5	3.2270955
0.505	3.263355
0.51	3.263355
0.515	3.2270955
0.52	3.118317
0.525	2.973279
0.53	2.7919815
0.535	2.6469435
0.54	2.5019055
0.545	2.393127
0.55	2.320608
0.555	2.2843485
0.56	2.320608
0.565	2.320608
0.57	2.393127
0.575	2.5019055
0.58	2.538165
0.585	2.538165
0.59	2.5019055
0.595	2.4293865
0.6	2.320608
0.605	2.17557
0.61	2.0667915
0.615	1.9217535
0.62	1.812975
0.625	1.7041965
0.63	1.6316775
0.635	1.6316775
0.64	1.6316775
0.645	1.6316775
0.65	1.7041965
0.655	1.812975
0.66	1.8492345
0.665	1.9217535
0.67	1.958013
0.675	1.9217535
0.68	1.8492345
0.685	1.7041965
0.69	1.522899
0.695	1.377861
0.7	1.2690825
0.705	1.160304
0.71	1.160304
0.715	1.232823
0.72	1.2690825
0.725	1.4141205
0.73	1.595418
0.735	1.740456
0.74	1.9217535
0.745	1.9942725
0.75	2.0667915
0.755	2.103051
0.76	2.0667915
0.765	1.958013
0.77	1.812975
0.775	1.595418
0.78	1.377861
0.785	1.160304
0.79	1.015266
0.795	0.9064875
0.8	0.8339685
0.805	0.9064875
0.81	1.015266
0.815	1.1240445
0.82	1.232823
0.825	1.3416015
0.83	1.3416015
0.835	1.2690825
0.84	1.160304
0.845	1.0515255
0.85	0.9064875
0.855	0.6889305
0.86	0.5438925
0.865	0.362595
0.87	0.290076
0.875	0.1812975
0.88	0.1812975
0.885	0.1812975
0.89	0.290076
0.895	0.362595
0.9	0.4713735
0.905	0.580152
0.91	0.652671
0.915	0.6889305
0.92	0.652671
0.925	0.652671
0.93	0.5438925
0.935	0.435114
0.94	0.3263355
0.945	0.217557
0.95	0.1812975
0.955	0.072519
0.96	0
0.965	-0.1087785
0.97	-0.1087785
0.975	-0.145038
0.98	-0.145038
0.985	-0.145038
0.99	-0.145038
0.995	-0.145038
1	-0.1087785
1.005	-0.1087785
1.01	0
1.015	0.072519
1.02	0.1087785
1.025	0.1087785
1.03	0.072519
1.035	-0.0362595
1.04	-0.145038
1.045	-0.2538165
1.05	-0.3988545
1.055	-0.507633
1.06	-0.6164115
1.065	-0.6889305
1.07	-0.72519
1.075	-0.72519
1.08	-0.6889305
1.085	-0.6164115
1.09	-0.580152
1.095	-0.4713735
1.1	-0.4713735
1.105	-0.3988545
1.11	-0.3988545
1.115	-0.4713735
1.12	-0.580152
1.125	-0.6889305
1.13	-0.8339685
1.135	-0.9790065
1.14	-1.087785
1.145	-1.160304
1.15	-1.1965635
1.155	-1.1965635
1.16	-1.1965635
1.165	-1.1965635
1.17	-1.1965635
1.175	-1.160304
1.18	-1.160304
1.185	-1.087785
1.19	-1.087785
1.195	-1.0515255
1.2	-1.0515255
1.205	-1.087785
1.21	-1.160304
1.215	-1.2690825
1.22	-1.377861
1.225	-1.522899
1.23	-1.6316775
1.235	-1.740456
1.24	-1.7767155
1.245	-1.8492345
1.25	-1.7767155
1.255	-1.7767155
1.26	-1.667937
1.265	-1.5591585
1.27	-1.45038
1.275	-1.4141205
1.28	-1.4141205
1.285	-1.4141205
1.29	-1.522899
1.295	-1.6316775
1.3	-1.7767155
1.305	-1.885494
1.31	-1.9942725
1.315	-2.103051
1.32	-2.103051
1.325	-2.1393105
1.33	-2.030532
1.335	-1.9942725
1.34	-1.958013
1.345	-1.885494
1.35	-1.7767155
1.355	-1.7767155
1.36	-1.7767155
1.365	-1.7767155
1.37	-1.8492345
1.375	-1.885494
1.38	-1.958013
1.385	-2.030532
1.39	-2.103051
1.395	-2.2118295
1.4	-2.320608
1.405	-2.3568675
1.41	-2.3568675
1.415	-2.3568675
1.42	-2.320608
1.425	-2.1393105
1.43	-1.9942725
1.435	-1.8492345
1.44	-1.6316775
1.445	-1.45038
1.45	-1.305342
1.455	-1.2690825
1.46	-1.2690825
1.465	-1.305342
1.47	-1.45038
1.475	-1.6316775
1.48	-1.7767155
1.485	-1.958013
1.49	-1.9942725
1.495	-2.030532
1.5	-2.030532
1.505	-1.9942725
1.51	-1.958013
1.515	-1.885494
1.52	-1.7767155
1.525	-1.740456
1.53	-1.667937
1.535	-1.667937
1.54	-1.667937
1.545	-1.667937
1.55	-1.667937
1.555	-1.667937
1.56	-1.667937
1.565	-1.6316775
1.57	-1.2690825
1.575	-0.797709
1.58	-0.145038
1.585	0.652671
1.59	1.377861
1.595	1.9942725
1.6	2.4293865
1.605	2.683203
1.61	2.7919815
1.615	2.755722
1.62	2.683203
1.625	2.538165
1.63	2.393127
1.635	2.17557
1.64	1.9942725
1.645	1.9217535
1.65	1.958013
1.655	2.103051
1.66	2.320608
1.665	2.5744245
1.67	2.7919815
1.675	2.8645005
1.68	2.7919815
1.685	2.5744245
1.69	2.2118295
1.695	1.9217535
1.7	1.6316775
1.705	1.4866395
1.71	1.4141205
1.715	1.7041965
1.72	2.103051
1.725	2.683203
1.73	3.335874
1.735	4.0248045
1.74	4.5324375
1.745	5.003811
1.75	5.3301465
1.755	5.4751845
1.76	5.3301465
1.765	5.1125895
1.77	4.641216
1.775	4.1698425
1.78	3.6622095
1.785	3.263355
1.79	2.973279
1.795	2.7919815
1.8	2.7919815
1.805	2.90076
1.81	3.0820575
1.815	3.1545765
1.82	3.263355
1.825	3.263355
1.83	3.1545765
1.835	2.973279
1.84	2.683203
1.845	2.393127
1.85	2.0667915
1.855	1.8492345
1.86	1.7041965
1.865	1.7041965
1.87	1.740456
1.875	1.8492345
1.88	1.958013
1.885	1.9942725
1.89	2.0667915
1.895	1.9942725
1.9	1.958013
1.905	1.8492345
1.91	1.7041965
1.915	1.595418
1.92	1.4866395
1.925	1.377861
1.93	1.232823
1.935	1.1240445
1.94	0.942747
1.945	0.7614495
1.95	0.580152
1.955	0.435114
1.96	0.290076
1.965	0.1812975
1.97	0.1087785
1.975	0.1812975
1.98	0.3263355
1.985	0.580152
1.99	0.9064875
1.995	1.2690825
2	1.595418
2.005	1.812975
2.01	1.958013
2.015	1.9942725
2.02	1.9942725
2.025	1.9217535
2.03	1.812975
2.035	1.7041965
2.04	1.595418
2.045	1.4866395
2.05	1.377861
2.055	1.3416015
2.06	1.3416015
2.065	1.377861
2.07	1.4141205
2.075	1.4866395
2.08	1.522899
2.085	1.522899
2.09	1.522899
2.095	1.4141205
2.1	1.3416015
2.105	1.232823
2.11	1.0515255
2.115	0.8339685
2.12	0.580152
2.125	0.217557
2.13	-0.145038
2.135	-0.507633
2.14	-0.797709
2.145	-0.9790065
2.15	-0.9790065
2.155	-0.8339685
2.16	-0.6889305
2.165	-0.362595
2.17	-0.1087785
2.175	0.1087785
2.18	0.217557
2.185	0.290076
2.19	0.1812975
2.195	0
2.2	-0.217557
2.205	-0.3988545
2.21	-0.6164115
2.215	-0.797709
2.22	-0.8339685
2.225	-0.8339685
2.23	-0.72519
2.235	-0.6164115
2.24	-0.4713735
2.245	-0.290076
2.25	-0.145038
2.255	-0.1087785
2.26	0
2.265	0.072519
2.27	0.072519
2.275	0.072519
2.28	0.072519
2.285	0.072519
2.29	0
2.295	-0.0362595
2.3	-0.1087785
2.305	-0.217557
2.31	-0.362595
2.315	-0.507633
2.32	-0.6889305
2.325	-0.8339685
2.33	-0.9790065
2.335	-1.087785
2.34	-1.160304
2.345	-1.1965635
2.35	-1.160304
2.355	-1.0515255
2.36	-0.942747
2.365	-0.797709
2.37	-0.6164115
2.375	-0.4713735
2.38	-0.362595
2.385	-0.2538165
2.39	-0.217557
2.395	-0.2538165
2.4	-0.290076
2.405	-0.290076
2.41	-0.2538165
2.415	-0.145038
2.42	0.072519
2.425	0.3263355
2.43	0.580152
2.435	0.797709
2.44	0.942747
2.445	0.942747
2.45	0.8339685
2.455	0.6889305
2.46	0.4713735
2.465	0.217557
2.47	0
2.475	-0.145038
2.48	-0.217557
2.485	-0.2538165
2.49	-0.2538165
2.495	-0.217557
2.5	-0.145038
2.505	-0.145038
2.51	-0.1087785
2.515	-0.0362595
2.52	-0.0362595
2.525	-0.1087785
2.53	-0.145038
2.535	-0.2538165
2.54	-0.3988545
2.545	-0.580152
2.55	-0.6889305
2.555	-0.797709
2.56	-0.8339685
2.565	-0.870228
2.57	-0.870228
2.575	-0.797709
2.58	-0.6889305
2.585	-0.507633
2.59	-0.290076
2.595	-0.1087785
2.6	0.1812975
2.605	0.362595
2.61	0.580152
2.615	0.7614495
2.62	0.797709
2.625	0.8339685
2.63	0.7614495
2.635	0.580152
2.64	0.362595
2.645	0.217557
2.65	0.1087785
2.655	0.1087785
2.66	0.1812975
2.665	0.3263355
2.67	0.435114
2.675	0.5438925
2.68	0.580152
2.685	0.580152
2.69	0.4713735
2.695	0.290076
2.7	0.1087785
2.705	-0.0362595
2.71	-0.145038
2.715	-0.217557
2.72	-0.145038
2.725	-0.0362595
2.73	0.072519
2.735	0.290076
2.74	0.435114
2.745	0.580152
2.75	0.7614495
2.755	0.9064875
2.76	1.015266
2.765	1.1240445
2.77	1.1240445
2.775	1.0515255
2.78	0.9064875
2.785	0.6889305
2.79	0.435114
2.795	0.1812975
2.8	-0.0362595
2.805	-0.217557
2.81	-0.290076
2.815	-0.290076
2.82	-0.217557
2.825	-0.1087785
2.83	0.072519
2.835	0.1812975
2.84	0.3263355
2.845	0.4713735
2.85	0.580152
2.855	0.6889305
2.86	0.7614495
2.865	0.7614495
2.87	0.6889305
2.875	0.580152
2.88	0.4713735
2.885	0.3263355
2.89	0.217557
2.895	0.1087785
2.9	0.072519
2.905	0.072519
2.91	0.1087785
2.915	0.290076
2.92	0.4713735
2.925	0.797709
2.93	1.0515255
2.935	1.3416015
2.94	1.522899
2.945	1.6316775
2.95	1.6316775
2.955	1.4866395
2.96	1.2690825
2.965	0.942747
2.97	0.652671
2.975	0.3263355
2.98	0.072519
2.985	-0.145038
2.99	-0.2538165
2.995	-0.290076
3	-0.2538165
3.005	-0.145038
3.01	0
3.015	0.217557
3.02	0.362595
3.025	0.5438925
3.03	0.652671
3.035	0.6889305
3.04	0.6889305
3.045	0.580152
3.05	0.435114
3.055	0.217557
3.06	0
3.065	-0.217557
3.07	-0.362595
3.075	-0.507633
3.08	-0.580152
3.085	-0.580152
3.09	-0.580152
3.095	-0.507633
3.1	-0.3988545
3.105	-0.362595
3.11	-0.217557
3.115	-0.1087785
3.12	0.072519
3.125	0.1812975
3.13	0.217557
3.135	0.290076
3.14	0.290076
3.145	0.1812975
3.15	-0.0362595
3.155	-0.2538165
3.16	-0.507633
3.165	-0.72519
3.17	-0.942747
3.175	-1.087785
3.18	-1.2690825
3.185	-1.377861
3.19	-1.4141205
3.195	-1.4141205
3.2	-1.377861
3.205	-1.1965635
3.21	-1.087785
3.215	-0.942747
3.22	-0.8339685
3.225	-0.797709
3.23	-0.8339685
3.235	-0.9790065
3.24	-1.1965635
3.245	-1.4141205
3.25	-1.667937
3.255	-1.8492345
3.26	-1.9942725
3.265	-2.030532
3.27	-2.103051
3.275	-2.030532
3.28	-1.9942725
3.285	-1.885494
3.29	-1.740456
3.295	-1.6316775
3.3	-1.45038
3.305	-1.4141205
3.31	-1.305342
3.315	-1.2690825
3.32	-1.2690825
3.325	-1.305342
3.33	-1.377861
3.335	-1.522899
3.34	-1.6316775
3.345	-1.740456
3.35	-1.7767155
3.355	-1.7767155
3.36	-1.740456
3.365	-1.667937
3.37	-1.5591585
3.375	-1.45038
3.38	-1.305342
3.385	-1.2690825
3.39	-1.1965635
3.395	-1.2690825
3.4	-1.377861
3.405	-1.522899
3.41	-1.667937
3.415	-1.8492345
3.42	-1.958013
3.425	-1.958013
3.43	-1.885494
3.435	-1.7767155
3.44	-1.522899
3.445	-1.1965635
3.45	-0.8339685
3.455	-0.4713735
3.46	-0.2538165
3.465	-0.1087785
3.47	-0.145038
3.475	-0.290076
3.48	-0.507633
3.485	-0.72519
3.49	-0.942747
3.495	-1.087785
3.5	-1.2690825
3.505	-1.377861
3.51	-1.45038
3.515	-1.522899
3.52	-1.6316775
3.525	-1.6316775
3.53	-1.6316775
3.535	-1.667937
3.54	-1.667937
3.545	-1.6316775
3.55	-1.522899
3.555	-1.377861
3.56	-1.160304
3.565	-0.9790065
3.57	-0.870228
3.575	-0.797709
3.58	-0.797709
3.585	-0.8339685
3.59	-0.870228
3.595	-0.9790065
3.6	-1.0515255
3.605	-1.160304
3.61	-1.2690825
3.615	-1.377861
3.62	-1.4141205
3.625	-1.45038
3.63	-1.45038
3.635	-1.45038
3.64	-1.4141205
3.645	-1.377861
3.65	-1.377861
3.655	-1.305342
3.66	-1.2690825
3.665	-1.2690825
3.67	-1.2690825
3.675	-1.305342
3.68	-1.4141205
3.685	-1.5591585
3.69	-1.667937
3.695	-1.740456
3.7	-1.7767155
3.705	-1.740456
3.71	-1.667937
3.715	-1.5591585
3.72	-1.522899
3.725	-1.522899
3.73	-1.522899
3.735	-1.5591585
3.74	-1.667937
3.745	-1.740456
3.75	-1.8492345
3.755	-1.885494
3.76	-1.958013
3.765	-1.958013
3.77	-1.9942725
3.775	-1.9942725
3.78	-1.9942725
3.785	-2.030532
3.79	-2.030532
3.795	-2.103051
3.8	-2.1393105
3.805	-2.248089
3.81	-2.320608
3.815	-2.3568675
3.82	-2.4293865
3.825	-2.4293865
3.83	-2.4293865
3.835	-2.4293865
3.84	-2.3568675
3.845	-2.3568675
3.85	-2.320608
3.855	-2.248089
3.86	-2.2118295
3.865	-2.1393105
3.87	-2.103051
3.875	-2.030532
3.88	-1.958013
3.885	-1.7767155
3.89	-1.6316775
3.895	-1.4141205
3.9	-1.1965635
3.905	-1.0515255
3.91	-0.942747
3.915	-0.942747
3.92	-1.0515255
3.925	-1.2690825
3.93	-1.522899
3.935	-1.7767155
3.94	-1.9942725
3.945	-2.2118295
3.95	-2.248089
3.955	-2.320608
3.96	-2.2118295
3.965	-2.103051
3.97	-1.958013
3.975	-1.7767155
3.98	-1.667937
3.985	-1.667937
3.99	-1.667937
3.995	-1.740456
4	-1.8492345
4.005	-1.958013
4.01	-1.9942725
4.015	-2.103051
4.02	-2.103051
4.025	-2.103051
4.03	-2.030532
4.035	-1.9942725
4.04	-1.885494
4.045	-1.7767155
4.05	-1.667937
4.055	-1.667937
4.06	-1.667937
4.065	-1.740456
4.07	-1.885494
4.075	-2.030532
4.08	-2.2118295
4.085	-2.320608
4.09	-2.4293865
4.095	-2.465646
4.1	-2.4293865
4.105	-2.3568675
4.11	-2.2118295
4.115	-2.103051
4.12	-1.958013
4.125	-1.8492345
4.13	-1.740456
4.135	-1.667937
4.14	-1.667937
4.145	-1.667937
4.15	-1.667937
4.155	-1.740456
4.16	-1.740456
4.165	-1.667937
4.17	-1.667937
4.175	-1.5591585
4.18	-1.522899
4.185	-1.45038
4.19	-1.45038
4.195	-1.45038
4.2	-1.522899
4.205	-1.5591585
4.21	-1.6316775
4.215	-1.667937
4.22	-1.740456
4.225	-1.667937
4.23	-1.6316775
4.235	-1.522899
4.24	-1.377861
4.245	-1.1965635
4.25	-1.0515255
4.255	-0.942747
4.26	-0.797709
4.265	-0.72519
4.27	-0.6889305
4.275	-0.72519
4.28	-0.8339685
4.285	-0.942747
4.29	-0.9790065
4.295	-1.0515255
4.3	-0.9790065
4.305	-0.8339685
4.31	-0.580152
4.315	-0.290076
4.32	-0.0362595
4.325	0.1812975
4.33	0.217557
4.335	0.217557
4.34	0.1087785
4.345	-0.1087785
4.35	-0.362595
4.355	-0.580152
4.36	-0.72519
4.365	-0.8339685
4.37	-0.870228
4.375	-0.8339685
4.38	-0.72519
4.385	-0.580152
4.39	-0.3988545
4.395	-0.2538165
4.4	-0.217557
4.405	-0.145038
4.41	-0.145038
4.415	-0.217557
4.42	-0.2538165
4.425	-0.290076
4.43	-0.362595
4.435	-0.3988545
4.44	-0.3988545
4.445	-0.362595
4.45	-0.362595
4.455	-0.290076
4.46	-0.2538165
4.465	-0.217557
4.47	-0.1087785
4.475	0.072519
4.48	0.217557
4.485	0.435114
4.49	0.6889305
4.495	0.8339685
4.5	1.015266
4.505	1.015266
4.51	0.9064875
4.515	0.6889305
4.52	0.362595
4.525	0
4.53	-0.290076
4.535	-0.580152
4.54	-0.72519
4.545	-0.797709
4.55	-0.72519
4.555	-0.580152
4.56	-0.362595
4.565	-0.217557
4.57	-0.1087785
4.575	-0.0362595
4.58	-0.0362595
4.585	-0.145038
4.59	-0.217557
4.595	-0.362595
4.6	-0.4713735
4.605	-0.580152
4.61	-0.6164115
4.615	-0.6889305
4.62	-0.6889305
4.625	-0.6889305
4.63	-0.6889305
4.635	-0.6164115
4.64	-0.6164115
4.645	-0.6164115
4.65	-0.6889305
4.655	-0.72519
4.66	-0.797709
4.665	-0.870228
4.67	-0.942747
4.675	-0.942747
4.68	-0.870228
4.685	-0.797709
4.69	-0.6164115
4.695	-0.3988545
4.7	-0.217557
4.705	0
4.71	0.1087785
4.715	0.1087785
4.72	-0.0362595
4.725	-0.2538165
4.73	-0.507633
4.735	-0.8339685
4.74	-1.087785
4.745	-1.305342
4.75	-1.45038
4.755	-1.522899
4.76	-1.522899
4.765	-1.4141205
4.77	-1.2690825
4.775	-1.160304
4.78	-0.9790065
4.785	-0.870228
4.79	-0.870228
4.795	-0.942747
4.8	-1.0515255
4.805	-1.1965635
4.81	-1.377861
4.815	-1.5591585
4.82	-1.740456
4.825	-1.8492345
4.83	-1.885494
4.835	-1.885494
4.84	-1.8492345
4.845	-1.740456
4.85	-1.6316775
4.855	-1.522899
4.86	-1.4141205
4.865	-1.305342
4.87	-1.2690825
4.875	-1.2690825
4.88	-1.2690825
4.885	-1.305342
4.89	-1.305342
4.895	-1.377861
4.9	-1.377861
4.905	-1.305342
4.91	-1.1965635
4.915	-1.087785
4.92	-0.9790065
4.925	-0.870228
4.93	-0.797709
4.935	-0.6164115
4.94	-0.4713735
4.945	-0.2538165
4.95	-0.0362595
4.955	0.1087785
4.96	0.1812975
4.965	0.1812975
4.97	0.072519
4.975	-0.1087785
4.98	-0.290076
4.985	-0.4713735
4.99	-0.6164115
4.995	-0.72519
5	-0.72519
5.005	-0.6889305
5.01	-0.580152
5.015	-0.3988545
5.02	-0.290076
5.025	-0.145038
5.03	-0.0362595
5.035	0
5.04	0.1087785
5.045	0.1087785
5.05	0.1812975
5.055	0.1812975
5.06	0.217557
5.065	0.217557
5.07	0.3263355
5.075	0.435114
5.08	0.5438925
5.085	0.652671
5.09	0.6889305
5.095	0.6889305
5.1	0.580152
5.105	0.3263355
5.11	0.072519
5.115	-0.2538165
5.12	-0.580152
5.125	-0.8339685
5.13	-0.9790065
5.135	-1.087785
5.14	-1.160304
5.145	-1.160304
5.15	-1.087785
5.155	-1.0515255
5.16	-0.942747
5.165	-0.942747
5.17	-0.870228
5.175	-0.942747
5.18	-0.9790065
5.185	-1.0515255
5.19	-1.1965635
5.195	-1.305342
5.2	-1.377861
5.205	-1.4141205
5.21	-1.4141205
5.215	-1.377861
5.22	-1.2690825
5.225	-1.160304
5.23	-1.0515255
5.235	-0.9790065
5.24	-0.942747
5.245	-1.0515255
5.25	-1.1965635
5.255	-1.377861
5.26	-1.5591585
5.265	-1.740456
5.27	-1.885494
5.275	-1.958013
5.28	-1.958013
5.285	-1.885494
5.29	-1.8492345
5.295	-1.667937
5.3	-1.522899
5.305	-1.377861
5.31	-1.1965635
5.315	-1.0515255
5.32	-0.9790065
5.325	-0.870228
5.33	-0.797709
5.335	-0.72519
5.34	-0.72519
5.345	-0.797709
5.35	-0.8339685
5.355	-0.9790065
5.36	-1.160304
5.365	-1.377861
5.37	-1.5591585
5.375	-1.7767155
5.38	-1.9942725
5.385	-2.103051
5.39	-2.103051
5.395	-2.030532
5.4	-1.958013
5.405	-1.8492345
5.41	-1.6316775
5.415	-1.522899
5.42	-1.377861
5.425	-1.305342
5.43	-1.2690825
5.435	-1.305342
5.44	-1.45038
5.445	-1.6316775
5.45	-1.7767155
5.455	-1.9942725
5.46	-2.103051
5.465	-2.1393105
5.47	-2.1393105
5.475	-2.103051
5.48	-2.030532
5.485	-1.958013
5.49	-1.8492345
5.495	-1.740456
5.5	-1.6316775
5.505	-1.5591585
5.51	-1.522899
5.515	-1.5591585
5.52	-1.5591585
5.525	-1.5591585
5.53	-1.5591585
5.535	-1.5591585
5.54	-1.522899
5.545	-1.45038
5.55	-1.4141205
5.555	-1.377861
5.56	-1.305342
5.565	-1.2690825
5.57	-1.305342
5.575	-1.377861
5.58	-1.45038
5.585	-1.6316775
5.59	-1.7767155
5.595	-1.885494
5.6	-1.958013
5.605	-1.9942725
5.61	-1.9942725
5.615	-1.958013
5.62	-1.885494
5.625	-1.7767155
5.63	-1.6316775
5.635	-1.45038
5.64	-1.2690825
5.645	-1.0515255
5.65	-0.870228
5.655	-0.797709
5.66	-0.6889305
5.665	-0.6889305
5.67	-0.797709
5.675	-0.870228
5.68	-1.087785
5.685	-1.377861
5.69	-1.6316775
5.695	-1.8492345
5.7	-1.9942725
5.705	-2.030532
5.71	-2.030532
5.715	-1.958013
5.72	-1.8492345
5.725	-1.6316775
5.73	-1.4141205
5.735	-1.1965635
5.74	-1.0515255
5.745	-0.9790065
5.75	-0.942747
5.755	-1.0515255
5.76	-1.160304
5.765	-1.305342
5.77	-1.4141205
5.775	-1.45038
5.78	-1.4141205
5.785	-1.305342
5.79	-1.160304
5.795	-1.0515255
5.8	-0.942747
5.805	-0.8339685
5.81	-0.8339685
5.815	-0.870228
5.82	-0.942747
5.825	-0.9790065
5.83	-1.0515255
5.835	-1.087785
5.84	-1.160304
5.845	-1.160304
5.85	-1.087785
5.855	-0.9790065
5.86	-0.870228
5.865	-0.797709
5.87	-0.72519
5.875	-0.6889305
5.88	-0.6889305
5.885	-0.72519
5.89	-0.8339685
5.895	-0.942747
5.9	-1.0515255
5.905	-1.087785
5.91	-1.160304
5.915	-1.087785
5.92	-0.9790065
5.925	-0.870228
5.93	-0.72519
5.935	-0.580152
5.94	-0.507633
5.945	-0.4713735
5.95	-0.4713735
5.955	-0.580152
5.96	-0.72519
5.965	-0.870228
5.97	-0.9790065
5.975	-1.087785
5.98	-1.160304
5.985	-1.160304
5.99	-1.160304
5.995	-1.087785
6	-0.9790065
6.005	-0.942747
6.01	-0.8339685
6.015	-0.797709
6.02	-0.72519
6.025	-0.797709
6.03	-0.8339685
6.035	-0.942747
6.04	-1.087785
6.045	-1.2690825
6.05	-1.4141205
6.055	-1.522899
6.06	-1.5591585
6.065	-1.6316775
6.07	-1.5591585
6.075	-1.522899
6.08	-1.45038
6.085	-1.377861
6.09	-1.305342
6.095	-1.2690825
6.1	-1.2690825
6.105	-1.305342
6.11	-1.377861
6.115	-1.522899
6.12	-1.6316775
6.125	-1.7767155
6.13	-1.885494
6.135	-2.030532
6.14	-2.103051
6.145	-2.1393105
6.15	-2.103051
6.155	-2.030532
6.16	-1.958013
6.165	-1.8492345
6.17	-1.740456
6.175	-1.6316775
6.18	-1.5591585
6.185	-1.5591585
6.19	-1.6316775
6.195	-1.6316775
6.2	-1.740456
6.205	-1.8492345
6.21	-1.885494
6.215	-1.958013
6.22	-1.9942725
6.225	-1.9942725
6.23	-1.9942725
6.235	-1.958013
6.24	-1.885494
6.245	-1.8492345
6.25	-1.740456
6.255	-1.6316775
6.26	-1.522899
6.265	-1.4141205
6.27	-1.377861
6.275	-1.377861
6.28	-1.4141205
6.285	-1.522899
6.29	-1.6316775
6.295	-1.7767155
6.3	-1.885494
6.305	-1.9942725
6.31	-2.030532
6.315	-2.030532
6.32	-1.9942725
6.325	-1.958013
6.33	-1.7767155
6.335	-1.667937
6.34	-1.522899
6.345	-1.4141205
6.35	-1.4141205
6.355	-1.4141205
6.36	-1.522899
6.365	-1.6316775
6.37	-1.8492345
6.375	-1.958013
6.38	-2.030532
6.385	-2.103051
6.39	-2.103051
6.395	-2.030532
6.4	-1.9942725
6.405	-1.885494
6.41	-1.8492345
6.415	-1.740456
6.42	-1.667937
6.425	-1.6316775
6.43	-1.5591585
6.435	-1.5591585
6.44	-1.522899
6.445	-1.45038
6.45	-1.45038
6.455	-1.4141205
6.46	-1.4141205
6.465	-1.4141205
6.47	-1.377861
6.475	-1.377861
6.48	-1.2690825
6.485	-1.160304
6.49	-1.0515255
6.495	-0.942747
6.5	-0.8339685
6.505	-0.72519
6.51	-0.72519
6.515	-0.72519
6.52	-0.797709
6.525	-0.870228
6.53	-1.0515255
6.535	-1.1965635
6.54	-1.4141205
6.545	-1.5591585
6.55	-1.740456
6.555	-1.885494
6.56	-1.9942725
6.565	-2.030532
6.57	-2.030532
6.575	-1.9942725
6.58	-1.958013
6.585	-1.7767155
6.59	-1.667937
6.595	-1.522899
6.6	-1.4141205
6.605	-1.377861
6.61	-1.4141205
6.615	-1.45038
6.62	-1.5591585
6.625	-1.7767155
6.63	-1.958013
6.635	-2.030532
6.64	-2.1393105
6.645	-2.2118295
6.65	-2.1393105
6.655	-2.103051
6.66	-1.9942725
6.665	-1.885494
6.67	-1.740456
6.675	-1.6316775
6.68	-1.45038
6.685	-1.377861
6.69	-1.2690825
6.695	-1.1965635
6.7	-1.1965635
6.705	-1.2690825
6.71	-1.377861
6.715	-1.522899
6.72	-1.667937
6.725	-1.7767155
6.73	-1.885494
6.735	-1.958013
6.74	-1.958013
6.745	-1.885494
6.75	-1.7767155
6.755	-1.740456
6.76	-1.6316775
6.765	-1.5591585
6.77	-1.5591585
6.775	-1.5591585
6.78	-1.6316775
6.785	-1.740456
6.79	-1.885494
6.795	-1.9942725
6.8	-2.030532
6.805	-2.103051
6.81	-2.103051
6.815	-2.030532
6.82	-1.9942725
6.825	-1.885494
6.83	-1.7767155
6.835	-1.740456
6.84	-1.667937
6.845	-1.667937
6.85	-1.667937
6.855	-1.740456
6.86	-1.740456
6.865	-1.740456
6.87	-1.740456
6.875	-1.740456
6.88	-1.740456
6.885	-1.740456
6.89	-1.740456
6.895	-1.8492345
6.9	-1.885494
6.905	-1.9942725
6.91	-2.103051
6.915	-2.2118295
6.92	-2.320608
6.925	-2.3568675
6.93	-2.3568675
6.935	-2.3568675
6.94	-2.248089
6.945	-2.1393105
6.95	-1.9942725
6.955	-1.8492345
6.96	-1.667937
6.965	-1.6316775
6.97	-1.522899
6.975	-1.5591585
6.98	-1.6316775
6.985	-1.740456
6.99	-1.8492345
6.995	-1.9942725
7	-2.1393105
7.005	-2.248089
7.01	-2.3568675
7.015	-2.4293865
7.02	-2.4293865
7.025	-2.3568675
7.03	-2.320608
7.035	-2.248089
7.04	-2.2118295
7.045	-2.2118295
7.05	-2.2118295
7.055	-2.248089
7.06	-2.248089
7.065	-2.320608
7.07	-2.320608
7.075	-2.320608
7.08	-2.248089
7.085	-2.2118295
7.09	-2.1393105
7.095	-2.103051
7.1	-2.030532
7.105	-2.030532
7.11	-1.9942725
7.115	-1.958013
7.12	-1.958013
7.125	-1.958013
7.13	-1.958013
7.135	-1.9942725
7.14	-1.9942725
7.145	-2.030532
7.15	-2.030532
7.155	-2.030532
7.16	-2.030532
7.165	-2.030532
7.17	-1.9942725
7.175	-1.9942725
7.18	-1.958013
7.185	-1.885494
7.19	-1.7767155
7.195	-1.740456
7.2	-1.667937
7.205	-1.667937
7.21	-1.667937
7.215	-1.740456
7.22	-1.8492345
7.225	-1.958013
7.23	-1.9942725
7.235	-2.103051
7.24	-2.2118295
7.245	-2.248089
7.25	-2.2118295
7.255	-2.2118295
7.26	-2.103051
7.265	-1.9942725
7.27	-1.885494
7.275	-1.8492345
7.28	-1.8492345
7.285	-1.8492345
7.29	-1.885494
7.295	-1.958013
7.3	-2.030532
7.305	-2.103051
7.31	-2.1393105
7.315	-2.2118295
7.32	-2.1393105
7.325	-2.1393105
7.33	-2.103051
7.335	-2.030532
7.34	-1.958013
7.345	-1.885494
7.35	-1.7767155
7.355	-1.740456
7.36	-1.740456
7.365	-1.667937
7.37	-1.667937
7.375	-1.740456
7.38	-1.740456
7.385	-1.740456
7.39	-1.740456
7.395	-1.7767155
7.4	-1.7767155
7.405	-1.8492345
7.41	-1.885494
7.415	-1.885494
7.42	-1.885494
7.425	-1.8492345
7.43	-1.7767155
7.435	-1.740456
7.44	-1.667937
7.445	-1.6316775
7.45	-1.5591585
7.455	-1.5591585
7.46	-1.6316775
7.465	-1.667937
7.47	-1.740456
7.475	-1.8492345
7.48	-1.958013
7.485	-2.030532
7.49	-2.103051
7.495	-2.1393105
7.5	-2.1393105
7.505	-2.2118295
7.51	-2.1393105
7.515	-2.103051
7.52	-2.030532
7.525	-1.958013
7.53	-1.8492345
7.535	-1.740456
7.54	-1.6316775
7.545	-1.5591585
7.55	-1.5591585
7.555	-1.6316775
7.56	-1.740456
7.565	-1.8492345
7.57	-1.885494
7.575	-1.958013
7.58	-2.030532
7.585	-2.030532
7.59	-2.030532
7.595	-2.030532
7.6	-1.9942725
7.605	-1.958013
7.61	-1.8492345
7.615	-1.740456
7.62	-1.522899
7.625	-1.377861
7.63	-1.1965635
7.635	-1.0515255
7.64	-0.9790065
7.645	-1.0515255
7.65	-1.160304
7.655	-1.305342
7.66	-1.522899
7.665	-1.667937
7.67	-1.7767155
7.675	-1.8492345
7.68	-1.8492345
7.685	-1.7767155
7.69	-1.6316775
7.695	-1.522899
7.7	-1.377861
7.705	-1.2690825
7.71	-1.160304
7.715	-1.087785
7.72	-1.0515255
7.725	-0.9790065
7.73	-0.942747
7.735	-0.8339685
7.74	-0.6889305
7.745	-0.507633
7.75	-0.362595
7.755	-0.217557
7.76	-0.1087785
7.765	-0.1087785
7.77	-0.145038
7.775	-0.2538165
7.78	-0.3988545
7.785	-0.6164115
7.79	-0.797709
7.795	-0.942747
7.8	-1.0515255
7.805	-1.087785
7.81	-1.0515255
7.815	-0.870228
7.82	-0.797709
7.825	-0.6164115
7.83	-0.4713735
7.835	-0.3988545
7.84	-0.362595
7.845	-0.290076
7.85	-0.2538165
7.855	-0.2538165
7.86	-0.217557
7.865	-0.145038
7.87	-0.1087785
7.875	-0.1087785
7.88	-0.1087785
7.885	-0.217557
7.89	-0.362595
7.895	-0.507633
7.9	-0.6889305
7.905	-0.8339685
7.91	-0.9790065
7.915	-1.0515255
7.92	-1.0515255
7.925	-1.0515255
7.93	-0.9790065
7.935	-0.942747
7.94	-0.8339685
7.945	-0.8339685
7.95	-0.797709
7.955	-0.8339685
7.96	-0.870228
7.965	-0.9790065
7.97	-1.087785
7.975	-1.160304
7.98	-1.160304
7.985	-1.0515255
7.99	-0.870228
7.995	-0.6889305
8	-0.4713735
8.005	-0.290076
8.01	-0.217557
8.015	-0.217557
8.02	-0.290076
8.025	-0.507633
8.03	-0.72519
8.035	-0.942747
8.04	-1.160304
8.045	-1.2690825
8.05	-1.1965635
8.055	-1.087785
8.06	-0.870228
8.065	-0.580152
8.07	-0.2538165
8.075	-0.0362595
8.08	0.1087785
8.085	0.217557
8.09	0.1812975
8.095	0.072519
8.1	-0.145038
8.105	-0.290076
8.11	-0.4713735
8.115	-0.6164115
8.12	-0.6889305
8.125	-0.6889305
8.13	-0.6164115
8.135	-0.580152
8.14	-0.507633
8.145	-0.4713735
8.15	-0.4713735
8.155	-0.4713735
8.16	-0.507633
8.165	-0.6164115
8.17	-0.72519
8.175	-0.870228
8.18	-0.9790065
8.185	-1.087785
8.19	-1.160304
8.195	-1.160304
8.2	-1.087785
8.205	-0.9790065
8.21	-0.8339685
8.215	-0.72519
8.22	-0.580152
8.225	-0.507633
8.23	-0.4713735
8.235	-0.507633
8.24	-0.6164115
8.245	-0.72519
8.25	-0.870228
8.255	-1.0515255
8.26	-1.1965635
8.265	-1.305342
8.27	-1.4141205
8.275	-1.45038
8.28	-1.45038
8.285	-1.4141205
8.29	-1.377861
8.295	-1.2690825
8.3	-1.1965635
8.305	-1.087785
8.31	-0.9790065
8.315	-0.870228
8.32	-0.797709
8.325	-0.72519
8.33	-0.6889305
8.335	-0.6164115
8.34	-0.507633
8.345	-0.4713735
8.35	-0.4713735
8.355	-0.4713735
8.36	-0.580152
8.365	-0.72519
8.37	-0.942747
8.375	-1.1965635
8.38	-1.45038
8.385	-1.667937
8.39	-1.8492345
8.395	-1.885494
8.4	-1.8492345
8.405	-1.6316775
8.41	-1.4141205
8.415	-1.087785
8.42	-0.8339685
8.425	-0.6164115
8.43	-0.507633
8.435	-0.4713735
8.44	-0.580152
8.445	-0.72519
8.45	-0.870228
8.455	-1.087785
8.46	-1.305342
8.465	-1.4141205
8.47	-1.45038
8.475	-1.45038
8.48	-1.305342
8.485	-1.160304
8.49	-0.870228
8.495	-0.72519
8.5	-0.580152
8.505	-0.4713735
8.51	-0.4713735
8.515	-0.507633
8.52	-0.6889305
8.525	-0.797709
8.53	-0.942747
8.535	-1.087785
8.54	-1.1965635
8.545	-1.2690825
8.55	-1.305342
8.555	-1.377861
8.56	-1.377861
8.565	-1.305342
8.57	-1.1965635
8.575	-1.087785
8.58	-0.942747
8.585	-0.797709
8.59	-0.6164115
8.595	-0.3988545
8.6	-0.2538165
8.605	-0.1087785
8.61	-0.0362595
8.615	0
8.62	-0.1087785
8.625	-0.217557
8.63	-0.362595
8.635	-0.507633
8.64	-0.72519
8.645	-0.8339685
8.65	-0.9790065
8.655	-1.0515255
8.66	-1.0515255
8.665	-0.9790065
8.67	-0.870228
8.675	-0.72519
8.68	-0.6164115
8.685	-0.580152
8.69	-0.507633
8.695	-0.507633
8.7	-0.580152
8.705	-0.6164115
8.71	-0.72519
8.715	-0.8339685
8.72	-0.8339685
8.725	-0.870228
8.73	-0.8339685
8.735	-0.72519
8.74	-0.6889305
8.745	-0.580152
8.75	-0.507633
8.755	-0.507633
8.76	-0.580152
8.765	-0.6889305
8.77	-0.72519
8.775	-0.870228
8.78	-0.942747
8.785	-1.0515255
8.79	-1.0515255
8.795	-1.0515255
8.8	-0.9790065
8.805	-0.942747
8.81	-0.870228
8.815	-0.8339685
8.82	-0.8339685
8.825	-0.797709
8.83	-0.72519
8.835	-0.72519
8.84	-0.72519
8.845	-0.6889305
8.85	-0.6889305
8.855	-0.6889305
8.86	-0.6889305
8.865	-0.6889305
8.87	-0.6889305
8.875	-0.6889305
8.88	-0.6889305
8.885	-0.6164115
8.89	-0.6164115
8.895	-0.6164115
8.9	-0.580152
8.905	-0.580152
8.91	-0.580152
8.915	-0.507633
8.92	-0.507633
8.925	-0.4713735
8.93	-0.3988545
8.935	-0.362595
8.94	-0.290076
8.945	-0.290076
8.95	-0.2538165
8.955	-0.290076
8.96	-0.362595
8.965	-0.3988545
8.97	-0.4713735
8.975	-0.580152
8.98	-0.6164115
8.985	-0.72519
8.99	-0.72519
8.995	-0.797709
9	-0.797709
9.005	-0.72519
9.01	-0.72519
9.015	-0.6889305
9.02	-0.6889305
9.025	-0.6164115
9.03	-0.580152
9.035	-0.580152
9.04	-0.507633
9.045	-0.4713735
9.05	-0.3988545
9.055	-0.3988545
9.06	-0.4713735
9.065	-0.4713735
9.07	-0.507633
9.075	-0.507633
9.08	-0.580152
9.085	-0.6164115
9.09	-0.6889305
9.095	-0.72519
9.1	-0.797709
9.105	-0.797709
9.11	-0.797709
9.115	-0.797709
9.12	-0.72519
9.125	-0.6889305
9.13	-0.580152
9.135	-0.4713735
9.14	-0.362595
9.145	-0.2538165
9.15	-0.217557
9.155	-0.145038
9.16	-0.145038
9.165	-0.145038
9.17	-0.2538165
9.175	-0.362595
9.18	-0.4713735
9.185	-0.6164115
9.19	-0.72519
9.195	-0.797709
9.2	-0.8339685
9.205	-0.8339685
9.21	-0.797709
9.215	-0.6889305
9.22	-0.580152
9.225	-0.3988545
9.23	-0.290076
9.235	-0.2538165
9.24	-0.2538165
9.245	-0.290076
9.25	-0.3988545
9.255	-0.507633
9.26	-0.6164115
9.265	-0.72519
9.27	-0.797709
9.275	-0.797709
9.28	-0.797709
9.285	-0.72519
9.29	-0.580152
9.295	-0.3988545
9.3	-0.290076
9.305	-0.217557
9.31	-0.1087785
9.315	-0.1087785
9.32	-0.1087785
9.325	-0.145038
9.33	-0.2538165
9.335	-0.362595
9.34	-0.4713735
9.345	-0.507633
9.35	-0.580152
9.355	-0.580152
9.36	-0.580152
9.365	-0.507633
9.37	-0.507633
9.375	-0.507633
9.38	-0.580152
9.385	-0.6164115
9.39	-0.72519
9.395	-0.797709
9.4	-0.870228
9.405	-0.942747
9.41	-0.942747
9.415	-0.870228
9.42	-0.8339685
9.425	-0.72519
9.43	-0.6164115
9.435	-0.580152
9.44	-0.580152
9.445	-0.580152
9.45	-0.6889305
9.455	-0.797709
9.46	-0.870228
9.465	-1.0515255
9.47	-1.160304
9.475	-1.2690825
9.48	-1.305342
9.485	-1.2690825
9.49	-1.1965635
9.495	-1.087785
9.5	-0.942747
9.505	-0.797709
9.51	-0.6889305
9.515	-0.580152
9.52	-0.507633
9.525	-0.580152
9.53	-0.6889305
9.535	-0.797709
9.54	-0.9790065
9.545	-1.160304
9.55	-1.2690825
9.555	-1.377861
9.56	-1.377861
9.565	-1.305342
9.57	-1.160304
9.575	-0.942747
9.58	-0.797709
9.585	-0.6164115
9.59	-0.580152
9.595	-0.580152
9.6	-0.6164115
9.605	-0.797709
9.61	-0.870228
9.615	-1.0515255
9.62	-1.2690825
9.625	-1.377861
9.63	-1.45038
9.635	-1.522899
9.64	-1.522899
9.645	-1.45038
9.65	-1.377861
9.655	-1.2690825
9.66	-1.160304
9.665	-1.0515255
9.67	-0.942747
9.675	-0.942747
9.68	-0.942747
9.685	-0.9790065
9.69	-1.0515255
9.695	-1.087785
9.7	-1.1965635
9.705	-1.305342
9.71	-1.377861
9.715	-1.4141205
9.72	-1.4141205
9.725	-1.305342
9.73	-1.160304
9.735	-0.9790065
9.74	-0.8339685
9.745	-0.72519
9.75	-0.6164115
9.755	-0.6164115
9.76	-0.6164115
9.765	-0.6164115
9.77	-0.6889305
9.775	-0.72519
9.78	-0.797709
9.785	-0.797709
9.79	-0.797709
9.795	-0.797709
9.8	-0.72519
9.805	-0.6889305
9.81	-0.6164115
9.815	-0.6164115
9.82	-0.580152
9.825	-0.6164115
9.83	-0.6889305
9.835	-0.72519
9.84	-0.8339685
9.845	-0.942747
9.85	-0.9790065
9.855	-1.0515255
9.86	-1.0515255
9.865	-0.942747
9.87	-0.8339685
9.875	-0.6889305
9.88	-0.507633
9.885	-0.362595
9.89	-0.217557
9.895	-0.145038
9.9	-0.1087785
9.905	-0.1087785
9.91	-0.145038
9.915	-0.217557
9.92	-0.2538165
9.925	-0.290076
9.93	-0.362595
9.935	-0.3988545
9.94	-0.3988545
9.945	-0.3988545
9.95	-0.4713735
9.955	-0.4713735
9.96	-0.507633
9.965	-0.6164115
9.97	-0.6889305
9.975	-0.72519
9.98	-0.72519
9.985	-0.72519
9.99	-0.6889305
9.995	-0.6164115
10	-0.580152
10.005	-0.580152
10.01	-0.580152
10.015	-0.580152
10.02	-0.6164115
10.025	-0.72519
10.03	-0.797709
10.035	-0.870228
10.04	-0.942747
10.045	-0.942747
10.05	-0.870228
10.055	-0.870228
10.06	-0.797709
10.065	-0.72519
10.07	-0.6889305
10.075	-0.6164115
10.08	-0.6164115
10.085	-0.6164115
10.09	-0.6164115
10.095	-0.6889305
10.1	-0.6889305
10.105	-0.6889305
10.11	-0.6889305
10.115	-0.6889305
10.12	-0.72519
10.125	-0.797709
10.13	-0.8339685
10.135	-0.870228
10.14	-0.9790065
10.145	-1.0515255
10.15	-1.087785
10.155	-1.087785
10.16	-1.0515255
10.165	-0.9790065
10.17	-0.870228
10.175	-0.797709
10.18	-0.6889305
10.185	-0.6164115
10.19	-0.6164115
10.195	-0.6889305
10.2	-0.797709
10.205	-0.870228
10.21	-1.0515255
10.215	-1.160304
10.22	-1.2690825
10.225	-1.305342
10.23	-1.305342
10.235	-1.305342
10.24	-1.305342
10.245	-1.1965635
10.25	-1.160304
10.255	-1.0515255
10.26	-0.9790065
10.265	-0.870228
10.27	-0.870228
10.275	-0.8339685
10.28	-0.8339685
10.285	-0.8339685
10.29	-0.870228
10.295	-0.9790065
10.3	-1.0515255
10.305	-1.160304
10.31	-1.1965635
10.315	-1.2690825
10.32	-1.2690825
10.325	-1.1965635
10.33	-1.0515255
10.335	-0.942747
10.34	-0.797709
10.345	-0.6889305
10.35	-0.6889305
10.355	-0.72519
10.36	-0.870228
10.365	-1.0515255
10.37	-1.2690825
10.375	-1.4141205
10.38	-1.522899
10.385	-1.5591585
10.39	-1.5591585
10.395	-1.45038
10.4	-1.2690825
10.405	-1.0515255
10.41	-0.8339685
10.415	-0.6889305
10.42	-0.580152
10.425	-0.580152
10.43	-0.6164115
10.435	-0.797709
10.44	-0.870228
10.445	-1.087785
10.45	-1.2690825
10.455	-1.4141205
10.46	-1.5591585
10.465	-1.667937
10.47	-1.740456
10.475	-1.740456
10.48	-1.740456
10.485	-1.667937
10.49	-1.5591585
10.495	-1.522899
10.5	-1.4141205
10.505	-1.377861
10.51	-1.2690825
10.515	-1.160304
10.52	-1.087785
10.525	-1.0515255
10.53	-1.0515255
10.535	-1.087785
10.54	-1.160304
10.545	-1.2690825
10.55	-1.377861
10.555	-1.4141205
10.56	-1.45038
10.565	-1.45038
10.57	-1.4141205
10.575	-1.305342
10.58	-1.160304
10.585	-0.9790065
10.59	-0.870228
10.595	-0.797709
10.6	-0.6889305
10.605	-0.6889305
10.61	-0.72519
10.615	-0.797709
10.62	-0.870228
10.625	-0.9790065
10.63	-1.087785
10.635	-1.2690825
10.64	-1.377861
10.645	-1.4141205
10.65	-1.45038
10.655	-1.522899
10.66	-1.45038
10.665	-1.4141205
10.67	-1.305342
10.675	-1.160304
10.68	-1.0515255
10.685	-0.942747
10.69	-0.870228
10.695	-0.870228
10.7	-0.942747
10.705	-1.0515255
10.71	-1.087785
10.715	-1.1965635
10.72	-1.2690825
10.725	-1.305342
10.73	-1.305342
10.735	-1.2690825
10.74	-1.160304
10.745	-1.0515255
10.75	-0.942747
10.755	-0.8339685
10.76	-0.72519
10.765	-0.6889305
10.77	-0.6164115
10.775	-0.6164115
10.78	-0.6164115
10.785	-0.6889305
10.79	-0.797709
10.795	-0.8339685
10.8	-0.942747
10.805	-1.087785
10.81	-1.1965635
10.815	-1.2690825
10.82	-1.377861
10.825	-1.4141205
10.83	-1.4141205
10.835	-1.4141205
10.84	-1.377861
10.845	-1.305342
10.85	-1.2690825
10.855	-1.1965635
10.86	-1.087785
10.865	-1.087785
10.87	-1.0515255
10.875	-1.0515255
10.88	-1.087785
10.885	-1.087785
10.89	-1.087785
10.895	-1.087785
10.9	-1.0515255
10.905	-0.942747
10.91	-0.8339685
10.915	-0.72519
10.92	-0.6889305
10.925	-0.6164115
10.93	-0.6164115
10.935	-0.6889305
10.94	-0.72519
10.945	-0.8339685
10.95	-0.9790065
10.955	-1.087785
10.96	-1.1965635
10.965	-1.1965635
10.97	-1.1965635
10.975	-1.160304
10.98	-1.087785
10.985	-0.9790065
10.99	-0.870228
10.995	-0.797709
11	-0.6889305
11.005	-0.6164115
11.01	-0.580152
11.015	-0.580152
11.02	-0.580152
11.025	-0.580152
11.03	-0.580152
11.035	-0.6164115
11.04	-0.6889305
11.045	-0.72519
11.05	-0.797709
11.055	-0.8339685
11.06	-0.870228
11.065	-0.942747
11.07	-0.9790065
11.075	-0.9790065
11.08	-0.9790065
11.085	-1.0515255
11.09	-1.0515255
11.095	-0.9790065
11.1	-0.9790065
11.105	-0.942747
11.11	-0.870228
11.115	-0.8339685
11.12	-0.797709
11.125	-0.72519
11.13	-0.6889305
11.135	-0.6889305
11.14	-0.6889305
11.145	-0.6889305
11.15	-0.6889305
11.155	-0.6889305
11.16	-0.72519
11.165	-0.72519
11.17	-0.72519
11.175	-0.72519
11.18	-0.797709
11.185	-0.797709
11.19	-0.8339685
11.195	-0.870228
11.2	-0.942747
11.205	-0.9790065
11.21	-1.087785
11.215	-1.160304
11.22	-1.1965635
11.225	-1.2690825
11.23	-1.305342
11.235	-1.2690825
11.24	-1.1965635
11.245	-1.087785
11.25	-0.9790065
11.255	-0.8339685
11.26	-0.72519
11.265	-0.6889305
11.27	-0.6164115
11.275	-0.6889305
11.28	-0.72519
11.285	-0.8339685
11.29	-0.942747
11.295	-1.0515255
11.3	-1.160304
11.305	-1.2690825
11.31	-1.305342
11.315	-1.2690825
11.32	-1.1965635
11.325	-1.087785
11.33	-0.942747
11.335	-0.8339685
11.34	-0.72519
11.345	-0.6164115
11.35	-0.580152
11.355	-0.580152
11.36	-0.580152
11.365	-0.580152
11.37	-0.6164115
11.375	-0.72519
11.38	-0.8339685
11.385	-0.942747
11.39	-1.087785
11.395	-1.1965635
11.4	-1.305342
11.405	-1.377861
11.41	-1.377861
11.415	-1.2690825
11.42	-1.087785
11.425	-0.942747
11.43	-0.72519
11.435	-0.580152
11.44	-0.4713735
11.445	-0.3988545
11.45	-0.362595
11.455	-0.3988545
11.46	-0.507633
11.465	-0.6889305
11.47	-0.797709
11.475	-0.870228
11.48	-0.870228
11.485	-0.8339685
11.49	-0.72519
11.495	-0.580152
11.5	-0.3988545
11.505	-0.2538165
11.51	-0.145038
11.515	-0.1087785
11.52	-0.145038
11.525	-0.2538165
11.53	-0.4713735
11.535	-0.6164115
11.54	-0.797709
11.545	-0.870228
11.55	-0.942747
11.555	-0.942747
11.56	-0.870228
11.565	-0.72519
11.57	-0.580152
11.575	-0.4713735
11.58	-0.290076
11.585	-0.2538165
11.59	-0.2538165
11.595	-0.290076
11.6	-0.362595
11.605	-0.3988545
11.61	-0.4713735
11.615	-0.4713735
11.62	-0.4713735
11.625	-0.3988545
11.63	-0.3988545
11.635	-0.362595
11.64	-0.362595
11.645	-0.362595
11.65	-0.362595
11.655	-0.362595
11.66	-0.362595
11.665	-0.290076
11.67	-0.2538165
11.675	-0.2538165
11.68	-0.2538165
11.685	-0.2538165
11.69	-0.290076
11.695	-0.362595
11.7	-0.362595
11.705	-0.3988545
11.71	-0.4713735
11.715	-0.507633
11.72	-0.507633
11.725	-0.507633
11.73	-0.507633
11.735	-0.4713735
11.74	-0.3988545
11.745	-0.362595
11.75	-0.362595
11.755	-0.362595
11.76	-0.3988545
11.765	-0.507633
11.77	-0.6164115
11.775	-0.797709
11.78	-0.870228
11.785	-0.942747
11.79	-0.9790065
11.795	-0.9790065
11.8	-0.942747
11.805	-0.8339685
11.81	-0.797709
11.815	-0.6889305
11.82	-0.580152
11.825	-0.4713735
11.83	-0.3988545
11.835	-0.362595
11.84	-0.290076
11.845	-0.290076
11.85	-0.290076
11.855	-0.290076
11.86	-0.290076
11.865	-0.290076
11.87	-0.362595
11.875	-0.3988545
11.88	-0.4713735
11.885	-0.4713735
11.89	-0.507633
11.895	-0.4713735
11.9	-0.4713735
11.905	-0.4713735
11.91	-0.3988545
11.915	-0.362595
11.92	-0.362595
11.925	-0.290076
11.93	-0.290076
11.935	-0.290076
11.94	-0.290076
11.945	-0.290076
11.95	-0.290076
11.955	-0.290076
11.96	-0.290076
11.965	-0.290076
11.97	-0.362595
11.975	-0.362595
11.98	-0.3988545
11.985	-0.3988545
11.99	-0.4713735
11.995	-0.4713735
12	-0.4713735
12.005	-0.4713735
12.01	-0.4713735
12.015	-0.4713735
12.02	-0.3988545
12.025	-0.3988545
12.03	-0.4713735
12.035	-0.4713735
12.04	-0.507633
12.045	-0.507633
12.05	-0.4713735
12.055	-0.3988545
12.06	-0.362595
12.065	-0.2538165
12.07	-0.217557
12.075	-0.145038
12.08	-0.217557
12.085	-0.2538165
12.09	-0.362595
12.095	-0.4713735
12.1	-0.580152
12.105	-0.6889305
12.11	-0.797709
12.115	-0.8339685
12.12	-0.870228
12.125	-0.870228
12.13	-0.8339685
12.135	-0.797709
12.14	-0.6889305
12.145	-0.6164115
12.15	-0.580152
12.155	-0.580152
12.16	-0.507633
12.165	-0.507633
12.17	-0.507633
12.175	-0.507633
12.18	-0.4713735
12.185	-0.4713735
12.19	-0.4713735
12.195	-0.4713735
12.2	-0.3988545
12.205	-0.4713735
12.21	-0.4713735
12.215	-0.4713735
12.22	-0.507633
12.225	-0.507633
12.23	-0.580152
12.235	-0.580152
12.24	-0.580152
12.245	-0.507633
12.25	-0.507633
12.255	-0.4713735
12.26	-0.3988545
12.265	-0.3988545
12.27	-0.3988545
12.275	-0.3988545
12.28	-0.3988545
12.285	-0.4713735
12.29	-0.4713735
12.295	-0.507633
12.3	-0.507633
12.305	-0.580152
12.31	-0.580152
12.315	-0.507633
12.32	-0.507633
12.325	-0.4713735
12.33	-0.362595
12.335	-0.290076
12.34	-0.2538165
12.345	-0.217557
12.35	-0.145038
12.355	-0.145038
12.36	-0.217557
12.365	-0.2538165
12.37	-0.290076
12.375	-0.362595
12.38	-0.3988545
12.385	-0.4713735
12.39	-0.4713735
12.395	-0.4713735
12.4	-0.362595
12.405	-0.290076
12.41	-0.217557
12.415	-0.1087785
12.42	0
12.425	0.072519
12.43	0.1087785
12.435	0.1812975
12.44	0.1812975
12.445	0.1087785
12.45	0.072519
12.455	0
12.46	-0.0362595
12.465	-0.0362595
12.47	-0.1087785
12.475	-0.145038
12.48	-0.145038
12.485	-0.145038
12.49	-0.1087785
12.495	-0.0362595
12.5	0.072519
12.505	0.1087785
12.51	0.217557
12.515	0.290076
12.52	0.3263355
12.525	0.3263355
12.53	0.3263355
12.535	0.290076
12.54	0.217557
12.545	0.1087785
12.55	0.072519
12.555	0
12.56	-0.0362595
12.565	-0.1087785
12.57	-0.145038
12.575	-0.145038
12.58	-0.217557
12.585	-0.217557
12.59	-0.2538165
12.595	-0.217557
12.6	-0.145038
12.605	-0.0362595
12.61	0.072519
12.615	0.1812975
12.62	0.3263355
12.625	0.4713735
12.63	0.580152
12.635	0.652671
12.64	0.6889305
12.645	0.652671
12.65	0.580152
12.655	0.4713735
12.66	0.362595
12.665	0.290076
12.67	0.290076
12.675	0.290076
12.68	0.3263355
12.685	0.4713735
12.69	0.580152
12.695	0.6889305
12.7	0.7614495
12.705	0.7614495
12.71	0.6889305
12.715	0.580152
12.72	0.435114
12.725	0.290076
12.73	0.072519
12.735	-0.145038
12.74	-0.290076
12.745	-0.4713735
12.75	-0.507633
12.755	-0.580152
12.76	-0.580152
12.765	-0.507633
12.77	-0.3988545
12.775	-0.290076
12.78	-0.2538165
12.785	-0.217557
12.79	-0.145038
12.795	-0.217557
12.8	-0.217557
12.805	-0.2538165
12.81	-0.2538165
12.815	-0.290076
12.82	-0.2538165
12.825	-0.217557
12.83	-0.1087785
12.835	-0.0362595
12.84	0
12.845	0.1087785
12.85	0.1087785
12.855	0.1087785
12.86	0.1087785
12.865	0
12.87	-0.1087785
12.875	-0.217557
12.88	-0.290076
12.885	-0.3988545
12.89	-0.507633
12.895	-0.580152
12.9	-0.6164115
12.905	-0.6889305
12.91	-0.6889305
12.915	-0.6889305
12.92	-0.6889305
12.925	-0.6164115
12.93	-0.580152
12.935	-0.507633
12.94	-0.4713735
12.945	-0.4713735
12.95	-0.3988545
12.955	-0.3988545
12.96	-0.3988545
12.965	-0.4713735
12.97	-0.4713735
12.975	-0.507633
12.98	-0.507633
12.985	-0.507633
12.99	-0.507633
12.995	-0.507633
13	-0.4713735
13.005	-0.4713735
13.01	-0.4713735
13.015	-0.4713735
13.02	-0.4713735
13.025	-0.507633
13.03	-0.580152
13.035	-0.580152
13.04	-0.6164115
13.045	-0.6889305
13.05	-0.72519
13.055	-0.72519
13.06	-0.72519
13.065	-0.72519
13.07	-0.72519
13.075	-0.6889305
13.08	-0.6164115
13.085	-0.580152
13.09	-0.580152
13.095	-0.580152
13.1	-0.580152
13.105	-0.580152
13.11	-0.6164115
13.115	-0.6889305
13.12	-0.72519
13.125	-0.72519
13.13	-0.72519
13.135	-0.72519
13.14	-0.6889305
13.145	-0.507633
13.15	-0.3988545
13.155	-0.290076
13.16	-0.2538165
13.165	-0.217557
13.17	-0.217557
13.175	-0.2538165
13.18	-0.362595
13.185	-0.4713735
13.19	-0.580152
13.195	-0.6164115
13.2	-0.6164115
13.205	-0.6164115
13.21	-0.580152
13.215	-0.507633
13.22	-0.4713735
13.225	-0.3988545
13.23	-0.362595
13.235	-0.362595
13.24	-0.362595
13.245	-0.3988545
13.25	-0.507633
13.255	-0.580152
13.26	-0.6889305
13.265	-0.797709
13.27	-0.8339685
13.275	-0.8339685
13.28	-0.8339685
13.285	-0.8339685
13.29	-0.797709
13.295	-0.72519
13.3	-0.6889305
13.305	-0.580152
13.31	-0.4713735
13.315	-0.3988545
13.32	-0.290076
13.325	-0.2538165
13.33	-0.2538165
13.335	-0.217557
13.34	-0.217557
13.345	-0.2538165
13.35	-0.362595
13.355	-0.3988545
13.36	-0.4713735
13.365	-0.580152
13.37	-0.6164115
13.375	-0.6889305
13.38	-0.6889305
13.385	-0.6889305
13.39	-0.580152
13.395	-0.507633
13.4	-0.3988545
13.405	-0.290076
13.41	-0.217557
13.415	-0.145038
13.42	-0.1087785
13.425	-0.1087785
13.43	-0.1087785
13.435	-0.145038
13.44	-0.2538165
13.445	-0.362595
13.45	-0.3988545
13.455	-0.507633
13.46	-0.580152
13.465	-0.580152
13.47	-0.507633
13.475	-0.4713735
13.48	-0.362595
13.485	-0.290076
13.49	-0.2538165
13.495	-0.2538165
13.5	-0.2538165
13.505	-0.362595
13.51	-0.3988545
13.515	-0.507633
13.52	-0.6164115
13.525	-0.6889305
13.53	-0.6889305
13.535	-0.6164115
13.54	-0.580152
13.545	-0.4713735
13.55	-0.362595
13.555	-0.2538165
13.56	-0.217557
13.565	-0.145038
13.57	-0.145038
13.575	-0.217557
13.58	-0.2538165
13.585	-0.362595
13.59	-0.3988545
13.595	-0.4713735
13.6	-0.4713735
13.605	-0.507633
13.61	-0.4713735
13.615	-0.4713735
13.62	-0.362595
13.625	-0.290076
13.63	-0.217557
13.635	-0.145038
13.64	-0.0362595
13.645	0.072519
13.65	0.1087785
13.655	0.1087785
13.66	0.1087785
13.665	0
13.67	-0.1087785
13.675	-0.2538165
13.68	-0.3988545
13.685	-0.580152
13.69	-0.72519
13.695	-0.797709
13.7	-0.797709
13.705	-0.797709
13.71	-0.6889305
13.715	-0.580152
13.72	-0.3988545
13.725	-0.290076
13.73	-0.217557
13.735	-0.145038
13.74	-0.1087785
13.745	-0.145038
13.75	-0.217557
13.755	-0.290076
13.76	-0.3988545
13.765	-0.4713735
13.77	-0.507633
13.775	-0.580152
13.78	-0.507633
13.785	-0.507633
13.79	-0.4713735
13.795	-0.4713735
13.8	-0.4713735
13.805	-0.4713735
13.81	-0.507633
13.815	-0.507633
13.82	-0.580152
13.825	-0.6164115
13.83	-0.6164115
13.835	-0.580152
13.84	-0.580152
13.845	-0.4713735
13.85	-0.3988545
13.855	-0.362595
13.86	-0.290076
13.865	-0.2538165
13.87	-0.2538165
13.875	-0.362595
13.88	-0.3988545
13.885	-0.507633
13.89	-0.580152
13.895	-0.580152
13.9	-0.507633
13.905	-0.3988545
13.91	-0.290076
13.915	-0.145038
13.92	-0.1087785
13.925	0
13.93	0.072519
13.935	0
13.94	-0.0362595
13.945	-0.145038
13.95	-0.2538165
13.955	-0.362595
13.96	-0.4713735
13.965	-0.507633
13.97	-0.4713735
13.975	-0.3988545
13.98	-0.290076
13.985	-0.217557
13.99	-0.1087785
13.995	-0.0362595
14	0
14.005	0
14.01	-0.0362595
14.015	-0.1087785
14.02	-0.2538165
14.025	-0.362595
14.03	-0.4713735
14.035	-0.580152
14.04	-0.6164115
14.045	-0.6889305
14.05	-0.72519
14.055	-0.6889305
14.06	-0.6889305
14.065	-0.6164115
14.07	-0.507633
14.075	-0.3988545
14.08	-0.362595
14.085	-0.2538165
14.09	-0.2538165
14.095	-0.2538165
14.1	-0.2538165
14.105	-0.290076
14.11	-0.362595
14.115	-0.3988545
14.12	-0.4713735
14.125	-0.507633
14.13	-0.580152
14.135	-0.6164115
14.14	-0.6164115
14.145	-0.6164115
14.15	-0.6164115
14.155	-0.6164115
14.16	-0.6889305
14.165	-0.6889305
14.17	-0.6164115
14.175	-0.6164115
14.18	-0.580152
14.185	-0.507633
14.19	-0.3988545
14.195	-0.362595
14.2	-0.2538165
14.205	-0.217557
14.21	-0.217557
14.215	-0.217557
14.22	-0.2538165
14.225	-0.362595
14.23	-0.4713735
14.235	-0.580152
14.24	-0.6889305
14.245	-0.797709
14.25	-0.8339685
14.255	-0.870228
14.26	-0.870228
14.265	-0.8339685
14.27	-0.797709
14.275	-0.6889305
14.28	-0.580152
14.285	-0.507633
14.29	-0.4713735
14.295	-0.4713735
14.3	-0.4713735
14.305	-0.4713735
14.31	-0.4713735
14.315	-0.4713735
14.32	-0.4713735
14.325	-0.4713735
14.33	-0.507633
14.335	-0.507633
14.34	-0.507633
14.345	-0.507633
14.35	-0.507633
14.355	-0.507633
14.36	-0.507633
14.365	-0.507633
14.37	-0.507633
14.375	-0.507633
14.38	-0.507633
14.385	-0.507633
14.39	-0.4713735
14.395	-0.3988545
14.4	-0.362595
14.405	-0.290076
14.41	-0.2538165
14.415	-0.2538165
14.42	-0.217557
14.425	-0.217557
14.43	-0.217557
14.435	-0.217557
14.44	-0.217557
14.445	-0.2538165
14.45	-0.290076
14.455	-0.290076
14.46	-0.362595
14.465	-0.362595
14.47	-0.362595
14.475	-0.362595
14.48	-0.290076
14.485	-0.290076
14.49	-0.290076
14.495	-0.290076
14.5	-0.290076
14.505	-0.290076
14.51	-0.290076
14.515	-0.290076
14.52	-0.290076
14.525	-0.290076
14.53	-0.290076
14.535	-0.2538165
14.54	-0.2538165
14.545	-0.2538165
14.55	-0.217557
14.555	-0.217557
14.56	-0.2538165
14.565	-0.2538165
14.57	-0.290076
14.575	-0.362595
14.58	-0.3988545
14.585	-0.4713735
14.59	-0.4713735
14.595	-0.4713735
14.6	-0.4713735
14.605	-0.3988545
14.61	-0.362595
14.615	-0.290076
14.62	-0.2538165
14.625	-0.217557
14.63	-0.145038
14.635	-0.145038
14.64	-0.145038
14.645	-0.217557
14.65	-0.2538165
14.655	-0.290076
14.66	-0.290076
14.665	-0.362595
14.67	-0.362595
14.675	-0.290076
14.68	-0.290076
14.685	-0.290076
14.69	-0.290076
14.695	-0.290076
14.7	-0.290076
14.705	-0.362595
14.71	-0.362595
14.715	-0.3988545
14.72	-0.3988545
14.725	-0.3988545
14.73	-0.362595
14.735	-0.362595
14.74	-0.290076
14.745	-0.290076
14.75	-0.2538165
14.755	-0.217557
14.76	-0.217557
14.765	-0.217557
14.77	-0.217557
14.775	-0.217557
14.78	-0.217557
14.785	-0.2538165
14.79	-0.2538165
14.795	-0.290076
14.8	-0.290076
14.805	-0.2538165
14.81	-0.2538165
14.815	-0.2538165
14.82	-0.217557
14.825	-0.217557
14.83	-0.145038
14.835	-0.145038
14.84	-0.217557
14.845	-0.217557
14.85	-0.2538165
14.855	-0.2538165
14.86	-0.290076
14.865	-0.290076
14.87	-0.362595
14.875	-0.362595
14.88	-0.362595
14.885	-0.290076
14.89	-0.290076
14.895	-0.290076
14.9	-0.2538165
14.905	-0.2538165
14.91	-0.2538165
14.915	-0.2538165
14.92	-0.2538165
14.925	-0.290076
14.93	-0.362595
14.935	-0.362595
14.94	-0.3988545
14.945	-0.3988545
14.95	-0.362595
14.955	-0.362595
14.96	-0.362595
14.965	-0.290076
14.97	-0.290076
14.975	-0.290076
14.98	-0.290076
14.985	-0.290076
14.99	-0.290076
14.995	-0.290076
15	-0.290076
15.005	-0.290076
15.01	-0.290076
15.015	-0.290076
15.02	-0.290076
15.025	-0.2538165
15.03	-0.2538165
15.035	-0.290076
15.04	-0.290076
15.045	-0.362595
15.05	-0.3988545
15.055	-0.4713735
15.06	-0.4713735
15.065	-0.4713735
15.07	-0.4713735
15.075	-0.3988545
15.08	-0.290076
15.085	-0.217557
15.09	-0.1087785
15.095	0
15.1	0.1087785
15.105	0.217557
15.11	0.217557
15.115	0.217557
15.12	0.1812975
15.125	0.072519
15.13	-0.0362595
15.135	-0.145038
15.14	-0.2538165
15.145	-0.362595
15.15	-0.362595
15.155	-0.362595
15.16	-0.290076
15.165	-0.2538165
15.17	-0.145038
15.175	-0.0362595
15.18	0
15.185	0.072519
15.19	0
15.195	-0.0362595
15.2	-0.145038
15.205	-0.2538165
15.21	-0.362595
15.215	-0.3988545
15.22	-0.4713735
15.225	-0.4713735
15.23	-0.3988545
15.235	-0.290076
15.24	-0.217557
15.245	-0.145038
15.25	-0.0362595
15.255	0
15.26	0.072519
15.265	0.072519
15.27	0.072519
15.275	0
15.28	-0.1087785
15.285	-0.2538165
15.29	-0.290076
15.295	-0.3988545
15.3	-0.4713735
15.305	-0.4713735
15.31	-0.4713735
15.315	-0.4713735
15.32	-0.3988545
15.325	-0.362595
15.33	-0.362595
15.335	-0.290076
15.34	-0.290076
15.345	-0.362595
15.35	-0.362595
15.355	-0.3988545
15.36	-0.4713735
15.365	-0.4713735
15.37	-0.507633
15.375	-0.4713735
15.38	-0.4713735
15.385	-0.3988545
15.39	-0.362595
15.395	-0.290076
15.4	-0.2538165
15.405	-0.217557
15.41	-0.217557
15.415	-0.145038
15.42	-0.145038
15.425	-0.1087785
15.43	-0.1087785
15.435	-0.1087785
15.44	-0.1087785
15.445	-0.145038
15.45	-0.145038
15.455	-0.217557
15.46	-0.2538165
15.465	-0.290076
15.47	-0.362595
15.475	-0.362595
15.48	-0.362595
15.485	-0.362595
15.49	-0.362595
15.495	-0.362595
15.5	-0.290076
15.505	-0.290076
15.51	-0.290076
15.515	-0.290076
15.52	-0.290076
15.525	-0.362595
15.53	-0.362595
15.535	-0.3988545
15.54	-0.3988545
15.545	-0.3988545
15.55	-0.3988545
15.555	-0.3988545
15.56	-0.3988545
15.565	-0.3988545
15.57	-0.362595
15.575	-0.290076
15.58	-0.2538165
15.585	-0.2538165
15.59	-0.217557
15.595	-0.217557
15.6	-0.217557
15.605	-0.217557
15.61	-0.2538165
15.615	-0.290076
15.62	-0.362595
15.625	-0.362595
15.63	-0.3988545
15.635	-0.3988545
15.64	-0.3988545
15.645	-0.362595
15.65	-0.290076
15.655	-0.2538165
15.66	-0.2538165
15.665	-0.217557
15.67	-0.217557
15.675	-0.2538165
15.68	-0.2538165
15.685	-0.362595
15.69	-0.3988545
15.695	-0.4713735
15.7	-0.507633
15.705	-0.507633
15.71	-0.507633
15.715	-0.507633
15.72	-0.4713735
15.725	-0.4713735
15.73	-0.3988545
15.735	-0.3988545
15.74	-0.362595
15.745	-0.362595
15.75	-0.362595
15.755	-0.3988545
15.76	-0.4713735
15.765	-0.507633
15.77	-0.507633
15.775	-0.580152
15.78	-0.507633
15.785	-0.507633
15.79	-0.4713735
15.795	-0.362595
15.8	-0.290076
15.805	-0.2538165
15.81	-0.217557
15.815	-0.217557
15.82	-0.217557
15.825	-0.217557
15.83	-0.2538165
15.835	-0.362595
15.84	-0.3988545
15.845	-0.507633
15.85	-0.507633
15.855	-0.580152
15.86	-0.580152
15.865	-0.580152
15.87	-0.507633
15.875	-0.4713735
15.88	-0.3988545
15.885	-0.3988545
15.89	-0.3988545
15.895	-0.362595
15.9	-0.362595
15.905	-0.3988545
15.91	-0.3988545
15.915	-0.3988545
15.92	-0.3988545
15.925	-0.362595
15.93	-0.362595
15.935	-0.290076
15.94	-0.290076
15.945	-0.2538165
15.95	-0.2538165
15.955	-0.290076
15.96	-0.290076
15.965	-0.362595
15.97	-0.3988545
15.975	-0.4713735
15.98	-0.507633
15.985	-0.507633
15.99	-0.580152
15.995	-0.580152
16	-0.507633
16.005	-0.507633
16.01	-0.4713735
16.015	-0.3988545
16.02	-0.362595
16.025	-0.290076
16.03	-0.290076
16.035	-0.290076
16.04	-0.362595
16.045	-0.3988545
16.05	-0.4713735
16.055	-0.507633
16.06	-0.507633
16.065	-0.507633
16.07	-0.507633
16.075	-0.507633
16.08	-0.4713735
16.085	-0.362595
16.09	-0.290076
16.095	-0.2538165
16.1	-0.217557
16.105	-0.217557
16.11	-0.217557
16.115	-0.217557
16.12	-0.2538165
16.125	-0.2538165
16.13	-0.290076
16.135	-0.290076
16.14	-0.2538165
16.145	-0.217557
16.15	-0.145038
16.155	-0.145038
16.16	-0.145038
16.165	-0.1087785
16.17	-0.145038
16.175	-0.145038
16.18	-0.217557
16.185	-0.2538165
16.19	-0.2538165
16.195	-0.290076
16.2	-0.290076
16.205	-0.290076
16.21	-0.2538165
16.215	-0.217557
16.22	-0.145038
16.225	-0.145038
16.23	-0.1087785
16.235	-0.1087785
16.24	-0.145038
16.245	-0.217557
16.25	-0.2538165
16.255	-0.362595
16.26	-0.362595
16.265	-0.3988545
16.27	-0.362595
16.275	-0.362595
16.28	-0.290076
16.285	-0.217557
16.29	-0.145038
16.295	-0.0362595
16.3	0
16.305	0.072519
16.31	0.072519
16.315	0
16.32	-0.0362595
16.325	-0.1087785
16.33	-0.145038
16.335	-0.217557
16.34	-0.217557
16.345	-0.217557
16.35	-0.145038
16.355	-0.1087785
16.36	-0.1087785
16.365	-0.0362595
16.37	0
16.375	0
16.38	-0.0362595
16.385	-0.1087785
16.39	-0.145038
16.395	-0.217557
16.4	-0.290076
16.405	-0.362595
16.41	-0.362595
16.415	-0.290076
16.42	-0.2538165
16.425	-0.217557
16.43	-0.1087785
16.435	-0.0362595
16.44	0.072519
16.445	0.072519
16.45	0.1087785
16.455	0.072519
16.46	0.072519
16.465	0
16.47	-0.0362595
16.475	-0.1087785
16.48	-0.1087785
16.485	-0.145038
16.49	-0.145038
16.495	-0.1087785
16.5	-0.1087785
16.505	-0.0362595
16.51	-0.0362595
16.515	-0.0362595
16.52	-0.1087785
16.525	-0.145038
16.53	-0.217557
16.535	-0.2538165
16.54	-0.2538165
16.545	-0.290076
16.55	-0.290076
16.555	-0.2538165
16.56	-0.2538165
16.565	-0.2538165
16.57	-0.217557
16.575	-0.145038
16.58	-0.1087785
16.585	-0.0362595
16.59	0
16.595	0
16.6	0
16.605	0.072519
16.61	0.072519
16.615	0.072519
16.62	0.072519
16.625	0
16.63	0
16.635	-0.0362595
16.64	-0.0362595
16.645	-0.1087785
16.65	-0.145038
16.655	-0.145038
16.66	-0.145038
16.665	-0.145038
16.67	-0.1087785
16.675	-0.0362595
16.68	0
16.685	0.072519
16.69	0.1087785
16.695	0.1812975
16.7	0.217557
16.705	0.217557
16.71	0.1812975
16.715	0.1087785
16.72	0.072519
16.725	-0.0362595
16.73	-0.145038
16.735	-0.217557
16.74	-0.2538165
16.745	-0.290076
16.75	-0.2538165
16.755	-0.2538165
16.76	-0.145038
16.765	-0.1087785
16.77	0
16.775	0.1087785
16.78	0.1812975
16.785	0.1812975
16.79	0.217557
16.795	0.217557
16.8	0.1812975
16.805	0.1087785
16.81	0.1087785
16.815	0.072519
16.82	0
16.825	-0.0362595
16.83	-0.0362595
16.835	-0.1087785
16.84	-0.1087785
16.845	-0.145038
16.85	-0.217557
16.855	-0.2538165
16.86	-0.2538165
16.865	-0.290076
16.87	-0.362595
16.875	-0.362595
16.88	-0.362595
16.885	-0.362595
16.89	-0.290076
16.895	-0.2538165
16.9	-0.217557
16.905	-0.145038
16.91	-0.1087785
16.915	-0.0362595
16.92	-0.1087785
16.925	-0.1087785
16.93	-0.145038
16.935	-0.217557
16.94	-0.290076
16.945	-0.362595
16.95	-0.3988545
16.955	-0.4713735
16.96	-0.4713735
16.965	-0.4713735
16.97	-0.3988545
16.975	-0.290076
16.98	-0.2538165
16.985	-0.217557
16.99	-0.145038
16.995	-0.145038
17	-0.145038
17.005	-0.145038
17.01	-0.217557
17.015	-0.2538165
17.02	-0.2538165
17.025	-0.290076
17.03	-0.290076
17.035	-0.290076
