Label: 
0
Label: Event: NEAR-PROBE_SS_15_2014-07-02_A1
-2.96	0
-2.955	0
-2.95	0
-2.945	0
-2.94	0
-2.935	0
-2.93	0
-2.925	0
-2.92	0.0362595
-2.915	0.0362595
-2.91	0.0362595
-2.905	0.0362595
-2.9	0.0362595
-2.895	0
-2.89	0
-2.885	0
-2.88	0
-2.875	0
-2.87	0
-2.865	0
-2.86	-0.072519
-2.855	0
-2.85	0
-2.845	0
-2.84	0
-2.835	0
-2.83	0
-2.825	0
-2.82	0
-2.815	0
-2.81	0
-2.805	0
-2.8	0
-2.795	0
-2.79	0
-2.785	0
-2.78	0
-2.775	0
-2.77	0
-2.765	0
-2.76	0
-2.755	0
-2.75	0
-2.745	0
-2.74	0
-2.735	0
-2.73	0
-2.725	0
-2.72	0
-2.715	0
-2.71	0
-2.705	0
-2.7	0
-2.695	0
-2.69	0
-2.685	0
-2.68	0
-2.675	0
-2.67	0
-2.665	0
-2.66	0
-2.655	0
-2.65	0
-2.645	0
-2.64	0
-2.635	0
-2.63	0
-2.625	0
-2.62	0
-2.615	0
-2.61	0
-2.605	0
-2.6	0
-2.595	0
-2.59	0
-2.585	0
-2.58	0
-2.575	0
-2.57	0
-2.565	0
-2.56	0
-2.555	0
-2.55	0
-2.545	-0.072519
-2.54	0
-2.535	0
-2.53	0
-2.525	0
-2.52	0
-2.515	0
-2.51	0
-2.505	0
-2.5	0
-2.495	0
-2.49	0
-2.485	0
-2.48	0
-2.475	0
-2.47	0
-2.465	0
-2.46	0
-2.455	0
-2.45	0
-2.445	0
-2.44	0
-2.435	0
-2.43	0
-2.425	0
-2.42	0
-2.415	0
-2.41	0
-2.405	0
-2.4	0
-2.395	0
-2.39	0
-2.385	0
-2.38	0
-2.375	0
-2.37	0
-2.365	0
-2.36	0
-2.355	0
-2.35	0
-2.345	0
-2.34	0
-2.335	0
-2.33	0
-2.325	0
-2.32	0
-2.315	0
-2.31	0
-2.305	0
-2.3	0
-2.295	0
-2.29	0
-2.285	0
-2.28	0
-2.275	0
-2.27	0
-2.265	0
-2.26	0
-2.255	0
-2.25	0
-2.245	0
-2.24	0
-2.235	0
-2.23	0
-2.225	0
-2.22	0
-2.215	0
-2.21	0
-2.205	0
-2.2	0
-2.195	0
-2.19	0
-2.185	0
-2.18	0
-2.175	0
-2.17	0
-2.165	0
-2.16	0
-2.155	0
-2.15	0
-2.145	-0.072519
-2.14	0
-2.135	0
-2.13	0
-2.125	0.0362595
-2.12	0.0362595
-2.115	0.0362595
-2.11	0.0362595
-2.105	0.0362595
-2.1	0.0362595
-2.095	0
-2.09	0
-2.085	0
-2.08	0
-2.075	0
-2.07	0
-2.065	0
-2.06	0
-2.055	0
-2.05	0
-2.045	0
-2.04	0.0362595
-2.035	0.0362595
-2.03	0
-2.025	0
-2.02	0
-2.015	0
-2.01	0
-2.005	0
-2	0
-1.995	0
-1.99	0
-1.985	0
-1.98	0
-1.975	0
-1.97	0
-1.965	0
-1.96	0
-1.955	0
-1.95	0
-1.945	0
-1.94	0
-1.935	0
-1.93	0
-1.925	0
-1.92	0
-1.915	0
-1.91	0
-1.905	0
-1.9	0
-1.895	0
-1.89	0
-1.885	0
-1.88	0
-1.875	0
-1.87	0
-1.865	0
-1.86	0
-1.855	0
-1.85	0
-1.845	0
-1.84	0
-1.835	0
-1.83	0
-1.825	0
-1.82	0
-1.815	0
-1.81	0
-1.805	0
-1.8	0
-1.795	0
-1.79	0.0362595
-1.785	0
-1.78	0.0362595
-1.775	0
-1.77	0
-1.765	0
-1.76	0
-1.755	0
-1.75	0
-1.745	0.0362595
-1.74	0.0362595
-1.735	0.0362595
-1.73	0.0362595
-1.725	0.0362595
-1.72	0.0362595
-1.715	0
-1.71	0
-1.705	0
-1.7	0
-1.695	0
-1.69	0
-1.685	0
-1.68	0
-1.675	0
-1.67	0
-1.665	0
-1.66	0
-1.655	0
-1.65	0
-1.645	0.0362595
-1.64	0.0362595
-1.635	0
-1.63	0
-1.625	0
-1.62	0
-1.615	0
-1.61	0
-1.605	0
-1.6	0
-1.595	0.0362595
-1.59	0
-1.585	0.0362595
-1.58	0
-1.575	0
-1.57	0
-1.565	0
-1.56	0
-1.555	0
-1.55	0
-1.545	0
-1.54	0.0362595
-1.535	0.0362595
-1.53	0
-1.525	0
-1.52	0
-1.515	0
-1.51	0
-1.505	0
-1.5	0
-1.495	0
-1.49	0
-1.485	0
-1.48	0
-1.475	0
-1.47	0
-1.465	0
-1.46	0
-1.455	0
-1.45	0
-1.445	0
-1.44	0
-1.435	0
-1.43	0.0362595
-1.425	0
-1.42	0
-1.415	0.0362595
-1.41	0
-1.405	0
-1.4	0
-1.395	0.0362595
-1.39	0.0362595
-1.385	0.0362595
-1.38	0
-1.375	0
-1.37	0
-1.365	0
-1.36	0
-1.355	0
-1.35	0
-1.345	0
-1.34	0
-1.335	0
-1.33	0
-1.325	0
-1.32	0
-1.315	0
-1.31	0
-1.305	0
-1.3	0
-1.295	0
-1.29	0
-1.285	0
-1.28	-0.072519
-1.275	0
-1.27	0
-1.265	0
-1.26	0
-1.255	0
-1.25	0
-1.245	0
-1.24	0
-1.235	0
-1.23	0
-1.225	0
-1.22	0
-1.215	-0.072519
-1.21	-0.072519
-1.205	-0.072519
-1.2	0
-1.195	0
-1.19	0
-1.185	0
-1.18	0
-1.175	0
-1.17	0
-1.165	0
-1.16	0
-1.155	0
-1.15	0
-1.145	0
-1.14	0
-1.135	0
-1.13	0
-1.125	0
-1.12	0
-1.115	0
-1.11	0
-1.105	0
-1.1	0
-1.095	0
-1.09	0
-1.085	0
-1.08	0
-1.075	0
-1.07	0
-1.065	0
-1.06	0
-1.055	0.0362595
-1.05	0.0362595
-1.045	0
-1.04	0
-1.035	0
-1.03	0
-1.025	0
-1.02	0
-1.015	0
-1.01	0
-1.005	0
-1	0
-0.995	0
-0.99	0
-0.985	0
-0.98	0
-0.975	0
-0.97	0
-0.965	0
-0.96	0
-0.955	0
-0.95	0
-0.945	0
-0.94	0
-0.935	0
-0.93	0
-0.925	0
-0.92	0
-0.915	0
-0.91	0
-0.905	0
-0.9	0
-0.895	0
-0.89	0
-0.885	0
-0.88	0
-0.875	0
-0.87	0
-0.865	0
-0.86	0
-0.855	0.0362595
-0.85	0
-0.845	0.0362595
-0.84	0
-0.835	0
-0.83	0
-0.825	0
-0.82	0
-0.815	0
-0.81	0
-0.805	0
-0.8	0
-0.795	0
-0.79	0
-0.785	0
-0.78	0
-0.775	0
-0.77	0
-0.765	0
-0.76	0
-0.755	0
-0.75	0
-0.745	0
-0.74	0
-0.735	0
-0.73	0
-0.725	0
-0.72	0
-0.715	0
-0.71	0
-0.705	0
-0.7	0
-0.695	0
-0.69	0
-0.685	0
-0.68	0
-0.675	0
-0.67	0
-0.665	0
-0.66	0
-0.655	0
-0.65	0
-0.645	0
-0.64	0
-0.635	0
-0.63	0
-0.625	0
-0.62	0
-0.615	0
-0.61	0
-0.605	0
-0.6	0
-0.595	0
-0.59	0
-0.585	0
-0.58	0
-0.575	0
-0.57	0
-0.565	0
-0.56	0
-0.555	0
-0.55	0
-0.545	0
-0.54	0.0362595
-0.535	0
-0.53	0
-0.525	0
-0.52	0.0362595
-0.515	0
-0.51	0
-0.505	0
-0.5	0
-0.495	0
-0.49	0
-0.485	0
-0.48	0
-0.475	0
-0.47	0
-0.465	0
-0.46	0
-0.455	0
-0.45	0
-0.445	0
-0.44	0
-0.435	0
-0.43	0
-0.425	0
-0.42	0
-0.415	0
-0.41	0
-0.405	0
-0.4	0
-0.395	0
-0.39	0
-0.385	0
-0.38	0
-0.375	0
-0.37	0
-0.365	0
-0.36	0
-0.355	0
-0.35	0
-0.345	0
-0.34	0
-0.335	0
-0.33	0
-0.325	0
-0.32	0
-0.315	0
-0.31	-0.072519
-0.305	-0.072519
-0.3	-0.072519
-0.295	0
-0.29	0
-0.285	0
-0.28	0
-0.275	0
-0.27	0
-0.265	0
-0.26	0
-0.255	0
-0.25	0
-0.245	0
-0.24	0
-0.235	0
-0.23	0
-0.225	0
-0.22	0
-0.215	0
-0.21	0
-0.205	0
-0.2	0
-0.195	0
-0.19	0
-0.185	0
-0.18	0
-0.175	0
-0.17	0
-0.165	0
-0.16	0
-0.155	0
-0.15	0
-0.145	0.072519
-0.14	0.435114
-0.135	1.160304
-0.13	1.9942725
-0.125	3.118317
-0.12	4.1698425
-0.115	5.1125895
-0.11	5.7652605
-0.105	6.3454125
-0.1	6.7080075
-0.095	6.8530455
-0.09	6.889305
-0.085	6.889305
-0.08	6.7805265
-0.075	6.599229
-0.07	6.454191
-0.065	6.2728935
-0.06	5.9828175
-0.055	5.729001
-0.05	5.4751845
-0.045	5.221368
-0.04	4.931292
-0.035	4.713735
-0.03	4.5324375
-0.025	4.3148805
-0.02	4.061064
-0.015	3.916026
-0.01	3.698469
-0.005	3.553431
0	3.408393
0.005	3.2996145
0.01	3.2270955
0.015	3.1545765
0.02	3.1545765
0.025	3.118317
0.03	3.045798
0.035	3.045798
0.04	3.0095385
0.045	2.90076
0.05	2.7919815
0.055	2.6469435
0.06	2.465646
0.065	2.248089
0.07	2.0667915
0.075	1.885494
0.08	1.812975
0.085	1.740456
0.09	1.740456
0.095	1.812975
0.1	1.958013
0.105	2.103051
0.11	2.248089
0.115	2.465646
0.12	2.538165
0.125	2.7194625
0.13	2.7194625
0.135	2.7194625
0.14	2.610684
0.145	2.465646
0.15	2.248089
0.155	2.0667915
0.16	1.8492345
0.165	1.6316775
0.17	1.595418
0.175	1.5591585
0.18	1.595418
0.185	1.7041965
0.19	1.812975
0.195	1.958013
0.2	2.0667915
0.205	2.2118295
0.21	2.248089
0.215	2.320608
0.22	2.320608
0.225	2.248089
0.23	2.248089
0.235	2.2118295
0.24	2.2118295
0.245	2.248089
0.25	2.3568675
0.255	2.465646
0.26	2.610684
0.265	2.755722
0.27	2.90076
0.275	2.973279
0.28	2.973279
0.285	2.90076
0.29	2.7194625
0.295	2.465646
0.3	2.2118295
0.305	1.9942725
0.31	1.8492345
0.315	1.740456
0.32	1.812975
0.325	1.885494
0.33	2.0667915
0.335	2.248089
0.34	2.465646
0.345	2.6469435
0.35	2.7919815
0.355	2.90076
0.36	2.90076
0.365	2.90076
0.37	2.755722
0.375	2.610684
0.38	2.465646
0.385	2.320608
0.39	2.2118295
0.395	2.2118295
0.4	2.248089
0.405	2.320608
0.41	2.3568675
0.415	2.465646
0.42	2.5019055
0.425	2.5019055
0.43	2.465646
0.435	2.393127
0.44	2.248089
0.445	2.1393105
0.45	2.0667915
0.455	1.958013
0.46	1.958013
0.465	1.958013
0.47	1.9942725
0.475	2.103051
0.48	2.2118295
0.485	2.320608
0.49	2.3568675
0.495	2.393127
0.5	2.393127
0.505	2.3568675
0.51	2.248089
0.515	2.103051
0.52	1.9942725
0.525	1.885494
0.53	1.812975
0.535	1.740456
0.54	1.812975
0.545	1.8492345
0.55	1.958013
0.555	2.0667915
0.56	2.1393105
0.565	2.2118295
0.57	2.248089
0.575	2.248089
0.58	2.2118295
0.585	2.1393105
0.59	2.0667915
0.595	1.958013
0.6	1.8492345
0.605	1.740456
0.61	1.7041965
0.615	1.6316775
0.62	1.7041965
0.625	1.7041965
0.63	1.812975
0.635	1.8492345
0.64	1.958013
0.645	1.9942725
0.65	1.9942725
0.655	1.9942725
0.66	1.9942725
0.665	1.958013
0.67	1.885494
0.675	1.8492345
0.68	1.740456
0.685	1.740456
0.69	1.7041965
0.695	1.7041965
0.7	1.7041965
0.705	1.740456
0.71	1.740456
0.715	1.812975
0.72	1.8492345
0.725	1.8492345
0.73	1.885494
0.735	1.885494
0.74	1.8492345
0.745	1.812975
0.75	1.740456
0.755	1.7041965
0.76	1.6316775
0.765	1.595418
0.77	1.5591585
0.775	1.5591585
0.78	1.4866395
0.785	1.5591585
0.79	1.5591585
0.795	1.595418
0.8	1.6316775
0.805	1.7041965
0.81	1.7041965
0.815	1.7041965
0.82	1.6316775
0.825	1.595418
0.83	1.5591585
0.835	1.4866395
0.84	1.377861
0.845	1.3416015
0.85	1.305342
0.855	1.305342
0.86	1.305342
0.865	1.305342
0.87	1.305342
0.875	1.3416015
0.88	1.3416015
0.885	1.377861
0.89	1.377861
0.895	1.377861
0.9	1.377861
0.905	1.377861
0.91	1.3416015
0.915	1.305342
0.92	1.1965635
0.925	1.160304
0.93	1.160304
0.935	1.087785
0.94	1.087785
0.945	1.087785
0.95	1.160304
0.955	1.160304
0.96	1.1965635
0.965	1.1965635
0.97	1.1965635
0.975	1.1965635
0.98	1.1965635
0.985	1.1965635
0.99	1.160304
0.995	1.087785
1	1.087785
1.005	1.0515255
1.01	1.0515255
1.015	0.9790065
1.02	0.9790065
1.025	0.9790065
1.03	0.942747
1.035	0.942747
1.04	0.942747
1.045	0.942747
1.05	0.942747
1.055	0.942747
1.06	0.9064875
1.065	0.9064875
1.07	0.9064875
1.075	0.9064875
1.08	0.8339685
1.085	0.8339685
1.09	0.8339685
1.095	0.797709
1.1	0.797709
1.105	0.72519
1.11	0.72519
1.115	0.72519
1.12	0.72519
1.125	0.72519
1.13	0.6889305
1.135	0.6889305
1.14	0.72519
1.145	0.72519
1.15	0.72519
1.155	0.72519
1.16	0.72519
1.165	0.6889305
1.17	0.6889305
1.175	0.6889305
1.18	0.6889305
1.185	0.652671
1.19	0.652671
1.195	0.652671
1.2	0.580152
1.205	0.580152
1.21	0.5438925
1.215	0.5438925
1.22	0.5438925
1.225	0.5438925
1.23	0.5438925
1.235	0.5438925
1.24	0.5438925
1.245	0.5438925
1.25	0.4713735
1.255	0.4713735
1.26	0.4713735
1.265	0.435114
1.27	0.435114
1.275	0.435114
1.28	0.3988545
1.285	0.3988545
1.29	0.3988545
1.295	0.3263355
1.3	0.3263355
1.305	0.3263355
1.31	0.3263355
1.315	0.3263355
1.32	0.290076
1.325	0.290076
1.33	0.2538165
1.335	0.2538165
1.34	0.2538165
1.345	0.2538165
1.35	0.2538165
1.355	0.290076
1.36	0.290076
1.365	0.290076
1.37	0.290076
1.375	0.290076
1.38	0.290076
1.385	0.290076
1.39	0.290076
1.395	0.290076
1.4	0.290076
1.405	0.290076
1.41	0.290076
1.415	0.290076
1.42	0.290076
1.425	0.290076
1.43	0.2538165
1.435	0.290076
1.44	0.290076
1.445	0.2538165
1.45	0.2538165
1.455	0.2538165
1.46	0.2538165
1.465	0.2538165
1.47	0.2538165
1.475	0.2538165
1.48	0.2538165
1.485	0.2538165
1.49	0.1812975
1.495	0.1812975
1.5	0.1812975
1.505	0.145038
1.51	0.145038
1.515	0.145038
1.52	0.145038
1.525	0.072519
1.53	0.145038
1.535	0.145038
1.54	0.1812975
1.545	0.1812975
1.55	0.2538165
1.555	0.2538165
1.56	0.2538165
1.565	0.2538165
1.57	0.2538165
1.575	0.1812975
1.58	0.1812975
1.585	0.145038
1.59	0.145038
1.595	0.072519
1.6	0.0362595
1.605	0.0362595
1.61	0
1.615	0.0362595
1.62	0.0362595
1.625	0.0362595
1.63	0.0362595
1.635	0.072519
1.64	0.072519
1.645	0.072519
1.65	0.072519
1.655	0.072519
1.66	0.0362595
1.665	0.0362595
1.67	0
1.675	0
1.68	-0.072519
1.685	-0.072519
1.69	-0.072519
1.695	-0.1087785
1.7	-0.1087785
1.705	-0.1087785
1.71	-0.1087785
1.715	-0.072519
1.72	-0.072519
1.725	-0.072519
1.73	-0.072519
1.735	0
1.74	-0.072519
1.745	-0.072519
1.75	-0.072519
1.755	-0.1087785
1.76	-0.1087785
1.765	-0.1812975
1.77	-0.217557
1.775	-0.217557
1.78	-0.217557
1.785	-0.2538165
1.79	-0.2538165
1.795	-0.217557
1.8	-0.217557
1.805	-0.2538165
1.81	-0.217557
1.815	-0.217557
1.82	-0.217557
1.825	-0.217557
1.83	-0.217557
1.835	-0.217557
1.84	-0.217557
1.845	-0.217557
1.85	-0.217557
1.855	-0.217557
1.86	-0.1812975
1.865	-0.1087785
1.87	-0.072519
1.875	0
1.88	0.0362595
1.885	0.072519
1.89	0.3263355
1.895	0.72519
1.9	1.305342
1.905	1.9942725
1.91	2.755722
1.915	3.553431
1.92	4.1698425
1.925	4.6774755
1.93	5.0400705
1.935	5.293887
1.94	5.3301465
1.945	5.1851085
1.95	4.9675515
1.955	4.713735
1.96	4.3873995
1.965	4.133583
1.97	3.916026
1.975	3.8797665
1.98	3.8797665
1.985	3.9522855
1.99	4.0248045
1.995	4.0248045
2	3.916026
2.005	3.698469
2.01	3.480912
2.015	3.1545765
2.02	2.8645005
2.025	2.538165
2.03	2.320608
2.035	2.1393105
2.04	2.103051
2.045	2.1393105
2.05	2.2118295
2.055	2.3568675
2.06	2.465646
2.065	2.5019055
2.07	2.5019055
2.075	2.5019055
2.08	2.465646
2.085	2.320608
2.09	2.1393105
2.095	1.9942725
2.1	1.8492345
2.105	1.812975
2.11	1.812975
2.115	1.8492345
2.12	1.9942725
2.125	2.2118295
2.13	2.393127
2.135	2.538165
2.14	2.7194625
2.145	2.7919815
2.15	2.755722
2.155	2.6469435
2.16	2.465646
2.165	2.1393105
2.17	1.885494
2.175	1.7041965
2.18	1.595418
2.185	1.6316775
2.19	1.740456
2.195	1.9942725
2.2	2.320608
2.205	2.610684
2.21	2.90076
2.215	3.1545765
2.22	3.263355
2.225	3.2996145
2.23	3.263355
2.235	3.118317
2.24	2.8645005
2.245	2.610684
2.25	2.3568675
2.255	2.103051
2.26	1.885494
2.265	1.812975
2.27	1.812975
2.275	1.8492345
2.28	1.958013
2.285	2.103051
2.29	2.320608
2.295	2.465646
2.3	2.610684
2.305	2.6469435
2.31	2.610684
2.315	2.538165
2.32	2.393127
2.325	2.248089
2.33	2.0667915
2.335	1.885494
2.34	1.812975
2.345	1.7041965
2.35	1.7041965
2.355	1.7041965
2.36	1.812975
2.365	1.885494
2.37	2.0667915
2.375	2.1393105
2.38	2.248089
2.385	2.248089
2.39	2.248089
2.395	2.248089
2.4	2.2118295
2.405	2.103051
2.41	2.0667915
2.415	1.9942725
2.42	1.958013
2.425	1.885494
2.43	1.958013
2.435	1.958013
2.44	1.9942725
2.445	2.0667915
2.45	2.103051
2.455	2.1393105
2.46	2.1393105
2.465	2.1393105
2.47	2.103051
2.475	1.9942725
2.48	1.885494
2.485	1.812975
2.49	1.6316775
2.495	1.5591585
2.5	1.4866395
2.505	1.45038
2.51	1.45038
2.515	1.4866395
2.52	1.5591585
2.525	1.595418
2.53	1.7041965
2.535	1.812975
2.54	1.8492345
2.545	1.8492345
2.55	1.812975
2.555	1.7041965
2.56	1.595418
2.565	1.4866395
2.57	1.45038
2.575	1.377861
2.58	1.45038
2.585	1.4866395
2.59	1.595418
2.595	1.7041965
2.6	1.812975
2.605	1.8492345
2.61	1.8492345
2.615	1.812975
2.62	1.740456
2.625	1.595418
2.63	1.4866395
2.635	1.3416015
2.64	1.232823
2.645	1.1965635
2.65	1.160304
2.655	1.160304
2.66	1.1965635
2.665	1.232823
2.67	1.3416015
2.675	1.377861
2.68	1.5591585
2.685	1.595418
2.69	1.6316775
2.695	1.7041965
2.7	1.7041965
2.705	1.6316775
2.71	1.595418
2.715	1.5591585
2.72	1.377861
2.725	1.305342
2.73	1.1965635
2.735	1.087785
2.74	1.0515255
2.745	1.0515255
2.75	1.087785
2.755	1.160304
2.76	1.1965635
2.765	1.305342
2.77	1.377861
2.775	1.4866395
2.78	1.4866395
2.785	1.4866395
2.79	1.45038
2.795	1.3416015
2.8	1.1965635
2.805	1.087785
2.81	0.9790065
2.815	0.9790065
2.82	0.9790065
2.825	1.087785
2.83	1.232823
2.835	1.377861
2.84	1.595418
2.845	1.740456
2.85	1.812975
2.855	1.8492345
2.86	1.740456
2.865	1.6316775
2.87	1.4866395
2.875	1.3416015
2.88	1.1965635
2.885	1.087785
2.89	0.9790065
2.895	0.9790065
2.9	0.9790065
2.905	1.0515255
2.91	1.160304
2.915	1.232823
2.92	1.232823
2.925	1.232823
2.93	1.1965635
2.935	1.160304
2.94	1.0515255
2.945	0.9790065
2.95	0.9790065
2.955	0.9790065
2.96	0.9790065
2.965	1.0515255
2.97	1.087785
2.975	1.160304
2.98	1.160304
2.985	1.160304
2.99	1.087785
2.995	0.9790065
3	0.9064875
3.005	0.797709
3.01	0.72519
3.015	0.6889305
3.02	0.6889305
3.025	0.72519
3.03	0.797709
3.035	0.8339685
3.04	0.8339685
3.045	0.8339685
3.05	0.8339685
3.055	0.797709
3.06	0.6889305
3.065	0.652671
3.07	0.5438925
3.075	0.435114
3.08	0.3988545
3.085	0.3988545
3.09	0.3988545
3.095	0.435114
3.1	0.5438925
3.105	0.580152
3.11	0.6889305
3.115	0.72519
3.12	0.797709
3.125	0.72519
3.13	0.6889305
3.135	0.652671
3.14	0.580152
3.145	0.5438925
3.15	0.5438925
3.155	0.5438925
3.16	0.580152
3.165	0.652671
3.17	0.6889305
3.175	0.6889305
3.18	0.72519
3.185	0.6889305
3.19	0.652671
3.195	0.580152
3.2	0.5438925
3.205	0.4713735
3.21	0.435114
3.215	0.3988545
3.22	0.435114
3.225	0.435114
3.23	0.4713735
3.235	0.5438925
3.24	0.580152
3.245	0.652671
3.25	0.652671
3.255	0.580152
3.26	0.580152
3.265	0.5438925
3.27	0.5438925
3.275	0.5438925
3.28	0.5438925
3.285	0.5438925
3.29	0.580152
3.295	0.5438925
3.3	0.5438925
3.305	0.4713735
3.31	0.3988545
3.315	0.290076
3.32	0.2538165
3.325	0.145038
3.33	0.0362595
3.335	0
3.34	0
3.345	0
3.35	0.072519
3.355	0.1812975
3.36	0.3988545
3.365	0.5438925
3.37	0.72519
3.375	0.9064875
3.38	0.9790065
3.385	1.0515255
3.39	0.9790065
3.395	0.9064875
3.4	0.72519
3.405	0.5438925
3.41	0.3263355
3.415	0.1812975
3.42	0.0362595
3.425	-0.072519
3.43	-0.1087785
3.435	-0.1087785
3.44	-0.072519
3.445	0.0362595
3.45	0.145038
3.455	0.2538165
3.46	0.290076
3.465	0.290076
3.47	0.2538165
3.475	0.145038
3.48	0.0362595
3.485	-0.072519
3.49	-0.1812975
3.495	-0.2538165
3.5	-0.2538165
3.505	-0.3263355
3.51	-0.3263355
3.515	-0.3263355
3.52	-0.2538165
3.525	-0.2538165
3.53	-0.2538165
3.535	-0.2538165
3.54	-0.3263355
3.545	-0.3263355
3.55	-0.362595
3.555	-0.362595
3.56	-0.435114
3.565	-0.4713735
3.57	-0.4713735
3.575	-0.4713735
3.58	-0.507633
3.585	-0.507633
3.59	-0.507633
3.595	-0.507633
3.6	-0.507633
3.605	-0.4713735
3.61	-0.4713735
3.615	-0.435114
3.62	-0.362595
3.625	-0.362595
3.63	-0.362595
3.635	-0.362595
3.64	-0.362595
3.645	-0.435114
3.65	-0.507633
3.655	-0.580152
3.66	-0.6164115
3.665	-0.6164115
3.67	-0.6164115
3.675	-0.6164115
3.68	-0.580152
3.685	-0.580152
3.69	-0.507633
3.695	-0.4713735
3.7	-0.435114
3.705	-0.435114
3.71	-0.435114
3.715	-0.362595
3.72	-0.362595
3.725	-0.435114
3.73	-0.435114
3.735	-0.435114
3.74	-0.435114
3.745	-0.4713735
3.75	-0.4713735
3.755	-0.507633
3.76	-0.507633
3.765	-0.580152
3.77	-0.6164115
3.775	-0.6889305
3.78	-0.72519
3.785	-0.7614495
3.79	-0.8339685
3.795	-0.8339685
3.8	-0.8339685
3.805	-0.870228
3.81	-0.870228
3.815	-0.870228
3.82	-0.8339685
3.825	-0.8339685
3.83	-0.72519
3.835	-0.6889305
3.84	-0.580152
3.845	-0.435114
3.85	-0.3263355
3.855	-0.1812975
3.86	-0.072519
3.865	0.0362595
3.87	0.072519
3.875	0.145038
3.88	0.145038
3.885	0.145038
3.89	0.145038
3.895	0.145038
3.9	0.145038
3.905	0.072519
3.91	0.0362595
3.915	0
3.92	-0.072519
3.925	-0.072519
3.93	-0.072519
3.935	-0.072519
3.94	-0.072519
3.945	-0.072519
3.95	-0.072519
3.955	-0.072519
3.96	-0.1087785
3.965	-0.1087785
3.97	-0.217557
3.975	-0.2538165
3.98	-0.362595
3.985	-0.435114
3.99	-0.4713735
3.995	-0.507633
4	-0.507633
4.005	-0.507633
4.01	-0.507633
4.015	-0.507633
4.02	-0.507633
4.025	-0.507633
4.03	-0.580152
4.035	-0.580152
4.04	-0.6164115
4.045	-0.6164115
4.05	-0.6889305
4.055	-0.6889305
4.06	-0.72519
4.065	-0.72519
4.07	-0.72519
4.075	-0.7614495
4.08	-0.7614495
4.085	-0.7614495
4.09	-0.8339685
4.095	-0.870228
4.1	-0.870228
4.105	-0.9064875
4.11	-0.9790065
4.115	-0.9790065
4.12	-0.9790065
4.125	-0.9064875
4.13	-0.9064875
4.135	-0.870228
4.14	-0.870228
4.145	-0.870228
4.15	-0.870228
4.155	-0.870228
4.16	-0.870228
4.165	-0.9064875
4.17	-0.9790065
4.175	-1.015266
4.18	-1.015266
4.185	-1.087785
4.19	-1.087785
4.195	-1.087785
4.2	-1.087785
4.205	-1.015266
4.21	-1.015266
4.215	-0.9790065
4.22	-0.9064875
4.225	-0.870228
4.23	-0.870228
4.235	-0.870228
4.24	-0.870228
4.245	-0.870228
4.25	-0.870228
4.255	-0.9064875
4.26	-0.9064875
4.265	-0.9064875
4.27	-0.9790065
4.275	-0.9790065
4.28	-0.9790065
4.285	-0.9790065
4.29	-0.9790065
4.295	-0.9790065
4.3	-0.9064875
4.305	-0.9064875
4.31	-0.870228
4.315	-0.8339685
4.32	-0.8339685
4.325	-0.8339685
4.33	-0.870228
4.335	-0.870228
4.34	-0.9064875
4.345	-1.015266
4.35	-1.087785
4.355	-1.160304
4.36	-1.232823
4.365	-1.2690825
4.37	-1.3416015
4.375	-1.3416015
4.38	-1.3416015
4.385	-1.3416015
4.39	-1.232823
4.395	-1.160304
4.4	-1.1240445
4.405	-1.015266
4.41	-0.9064875
4.415	-0.870228
4.42	-0.7614495
4.425	-0.72519
4.43	-0.6889305
4.435	-0.6164115
4.44	-0.6164115
4.445	-0.6164115
4.45	-0.6889305
4.455	-0.72519
4.46	-0.8339685
4.465	-0.9064875
4.47	-0.9790065
4.475	-1.087785
4.48	-1.087785
4.485	-1.1240445
4.49	-1.1240445
4.495	-1.087785
4.5	-1.087785
4.505	-1.015266
4.51	-0.9790065
4.515	-0.9064875
4.52	-0.870228
4.525	-0.870228
4.53	-0.870228
4.535	-0.870228
4.54	-0.870228
4.545	-0.9064875
4.55	-0.9064875
4.555	-0.9790065
4.56	-1.015266
4.565	-1.087785
4.57	-1.1240445
4.575	-1.160304
4.58	-1.232823
4.585	-1.232823
4.59	-1.232823
4.595	-1.2690825
4.6	-1.2690825
4.605	-1.2690825
4.61	-1.2690825
4.615	-1.2690825
4.62	-1.232823
4.625	-1.232823
4.63	-1.232823
4.635	-1.160304
4.64	-1.160304
4.645	-1.160304
4.65	-1.232823
4.655	-1.232823
4.66	-1.232823
4.665	-1.2690825
4.67	-1.2690825
4.675	-1.2690825
4.68	-1.232823
4.685	-1.232823
4.69	-1.160304
4.695	-1.160304
4.7	-1.160304
4.705	-1.160304
4.71	-1.160304
4.715	-1.160304
4.72	-1.160304
4.725	-1.160304
4.73	-1.232823
4.735	-1.232823
4.74	-1.160304
4.745	-1.1240445
4.75	-1.1240445
4.755	-1.087785
4.76	-1.015266
4.765	-1.015266
4.77	-1.015266
4.775	-1.015266
4.78	-1.015266
4.785	-1.015266
4.79	-1.087785
4.795	-1.160304
4.8	-1.232823
4.805	-1.3416015
4.81	-1.4141205
4.815	-1.4866395
4.82	-1.522899
4.825	-1.522899
4.83	-1.522899
4.835	-1.4866395
4.84	-1.377861
4.845	-1.232823
4.85	-1.1240445
4.855	-0.9790065
4.86	-0.8339685
4.865	-0.72519
4.87	-0.6889305
4.875	-0.6889305
4.88	-0.7614495
4.885	-0.870228
4.89	-1.087785
4.895	-1.232823
4.9	-1.377861
4.905	-1.522899
4.91	-1.595418
4.915	-1.595418
4.92	-1.4866395
4.925	-1.377861
4.93	-1.232823
4.935	-1.1240445
4.94	-0.9790065
4.945	-0.9064875
4.95	-0.9064875
4.955	-0.9790065
4.96	-1.087785
4.965	-1.1240445
4.97	-1.232823
4.975	-1.2690825
4.98	-1.2690825
4.985	-1.2690825
4.99	-1.232823
4.995	-1.160304
5	-1.160304
5.005	-1.1240445
5.01	-1.160304
5.015	-1.160304
5.02	-1.232823
5.025	-1.160304
5.03	-0.9790065
5.035	-0.6889305
5.04	-0.1812975
5.045	0.3263355
5.05	0.8339685
5.055	1.1965635
5.06	1.45038
5.065	1.595418
5.07	1.6316775
5.075	1.6316775
5.08	1.5591585
5.085	1.45038
5.09	1.305342
5.095	1.160304
5.1	1.0515255
5.105	0.9790065
5.11	1.0515255
5.115	1.087785
5.12	1.1965635
5.125	1.305342
5.13	1.3416015
5.135	1.3416015
5.14	1.232823
5.145	1.0515255
5.15	0.8339685
5.155	0.580152
5.16	0.3263355
5.165	0.145038
5.17	-0.072519
5.175	-0.217557
5.18	-0.2538165
5.185	-0.2538165
5.19	-0.2538165
5.195	-0.217557
5.2	-0.217557
5.205	-0.217557
5.21	-0.217557
5.215	-0.2538165
5.22	-0.3263355
5.225	-0.362595
5.23	-0.435114
5.235	-0.435114
5.24	-0.362595
5.245	-0.3263355
5.25	-0.1812975
5.255	0
5.26	0.1812975
5.265	0.3988545
5.27	0.4713735
5.275	0.580152
5.28	0.580152
5.285	0.5438925
5.29	0.4713735
5.295	0.3988545
5.3	0.2538165
5.305	0.145038
5.31	0.0362595
5.315	-0.072519
5.32	-0.1087785
5.325	-0.1812975
5.33	-0.1812975
5.335	-0.1812975
5.34	-0.1812975
5.345	-0.072519
5.35	0.0362595
5.355	0.1812975
5.36	0.3263355
5.365	0.5438925
5.37	0.652671
5.375	0.72519
5.38	0.797709
5.385	0.6889305
5.39	0.5438925
5.395	0.3263355
5.4	0.072519
5.405	-0.1087785
5.41	-0.3263355
5.415	-0.435114
5.42	-0.435114
5.425	-0.435114
5.43	-0.3263355
5.435	-0.217557
5.44	-0.1087785
5.445	0
5.45	0.0362595
5.455	0.072519
5.46	0.072519
5.465	0.0362595
5.47	-0.072519
5.475	-0.1087785
5.48	-0.2538165
5.485	-0.362595
5.49	-0.4713735
5.495	-0.507633
5.5	-0.580152
5.505	-0.580152
5.51	-0.507633
5.515	-0.4713735
5.52	-0.435114
5.525	-0.362595
5.53	-0.3263355
5.535	-0.2538165
5.54	-0.217557
5.545	-0.217557
5.55	-0.2538165
5.555	-0.362595
5.56	-0.4713735
5.565	-0.580152
5.57	-0.6889305
5.575	-0.72519
5.58	-0.7614495
5.585	-0.7614495
5.59	-0.7614495
5.595	-0.72519
5.6	-0.72519
5.605	-0.6889305
5.61	-0.6889305
5.615	-0.6164115
5.62	-0.6164115
5.625	-0.6164115
5.63	-0.6164115
5.635	-0.6889305
5.64	-0.6889305
5.645	-0.72519
5.65	-0.72519
5.655	-0.7614495
5.66	-0.8339685
5.665	-0.8339685
5.67	-0.8339685
5.675	-0.8339685
5.68	-0.870228
5.685	-0.870228
5.69	-0.9064875
5.695	-0.9790065
5.7	-1.087785
5.705	-1.1240445
5.71	-1.160304
5.715	-1.232823
5.72	-1.232823
5.725	-1.2690825
5.73	-1.2690825
5.735	-1.232823
5.74	-1.160304
5.745	-1.1240445
5.75	-1.015266
5.755	-0.9064875
5.76	-0.870228
5.765	-0.7614495
5.77	-0.7614495
5.775	-0.7614495
5.78	-0.8339685
5.785	-0.870228
5.79	-0.9790065
5.795	-1.087785
5.8	-1.1240445
5.805	-1.232823
5.81	-1.232823
5.815	-1.160304
5.82	-1.1240445
5.825	-1.087785
5.83	-0.9790065
5.835	-0.9064875
5.84	-0.9064875
5.845	-0.9064875
5.85	-0.9790065
5.855	-1.015266
5.86	-1.1240445
5.865	-1.232823
5.87	-1.3416015
5.875	-1.4141205
5.88	-1.4866395
5.885	-1.522899
5.89	-1.522899
5.895	-1.4866395
5.9	-1.4141205
5.905	-1.3416015
5.91	-1.232823
5.915	-1.160304
5.92	-1.1240445
5.925	-1.1240445
5.93	-1.160304
5.935	-1.232823
5.94	-1.3416015
5.945	-1.4141205
5.95	-1.522899
5.955	-1.595418
5.96	-1.667937
5.965	-1.740456
5.97	-1.740456
5.975	-1.740456
5.98	-1.740456
5.985	-1.667937
5.99	-1.6316775
5.995	-1.595418
6	-1.522899
6.005	-1.522899
6.01	-1.522899
6.015	-1.522899
6.02	-1.595418
6.025	-1.6316775
6.03	-1.740456
6.035	-1.8492345
6.04	-1.885494
6.045	-1.9942725
6.05	-2.030532
6.055	-2.030532
6.06	-1.9942725
6.065	-1.9217535
6.07	-1.8492345
6.075	-1.740456
6.08	-1.6316775
6.085	-1.595418
6.09	-1.522899
6.095	-1.522899
6.1	-1.595418
6.105	-1.6316775
6.11	-1.740456
6.115	-1.8492345
6.12	-1.9217535
6.125	-1.9942725
6.13	-2.030532
6.135	-2.030532
6.14	-1.9942725
6.145	-1.885494
6.15	-1.7767155
6.155	-1.6316775
6.16	-1.595418
6.165	-1.522899
6.17	-1.4866395
6.175	-1.522899
6.18	-1.595418
6.185	-1.667937
6.19	-1.740456
6.195	-1.8492345
6.2	-1.9217535
6.205	-1.9217535
6.21	-1.9217535
6.215	-1.9217535
6.22	-1.885494
6.225	-1.7767155
6.23	-1.740456
6.235	-1.6316775
6.24	-1.595418
6.245	-1.522899
6.25	-1.522899
6.255	-1.595418
6.26	-1.6316775
6.265	-1.667937
6.27	-1.740456
6.275	-1.7767155
6.28	-1.7767155
6.285	-1.7767155
6.29	-1.740456
6.295	-1.667937
6.3	-1.6316775
6.305	-1.595418
6.31	-1.522899
6.315	-1.522899
6.32	-1.522899
6.325	-1.595418
6.33	-1.6316775
6.335	-1.667937
6.34	-1.740456
6.345	-1.7767155
6.35	-1.8492345
6.355	-1.8492345
6.36	-1.7767155
6.365	-1.7767155
6.37	-1.740456
6.375	-1.6316775
6.38	-1.595418
6.385	-1.522899
6.39	-1.4866395
6.395	-1.4141205
6.4	-1.377861
6.405	-1.377861
6.41	-1.377861
6.415	-1.3416015
6.42	-1.3416015
6.425	-1.2690825
6.43	-1.160304
6.435	-1.160304
6.44	-1.1240445
6.445	-1.1240445
6.45	-1.160304
6.455	-1.2690825
6.46	-1.377861
6.465	-1.4141205
6.47	-1.4141205
6.475	-1.4141205
6.48	-1.3416015
6.485	-1.160304
6.49	-1.015266
6.495	-0.8339685
6.5	-0.6889305
6.505	-0.507633
6.51	-0.4713735
6.515	-0.4713735
6.52	-0.580152
6.525	-0.72519
6.53	-0.870228
6.535	-1.015266
6.54	-1.160304
6.545	-1.3416015
6.55	-1.377861
6.555	-1.377861
6.56	-1.3416015
6.565	-1.2690825
6.57	-1.160304
6.575	-1.015266
6.58	-0.9064875
6.585	-0.870228
6.59	-0.7614495
6.595	-0.7614495
6.6	-0.7614495
6.605	-0.870228
6.61	-0.9790065
6.615	-1.1240445
6.62	-1.3416015
6.625	-1.4866395
6.63	-1.6316775
6.635	-1.667937
6.64	-1.667937
6.645	-1.6316775
6.65	-1.595418
6.655	-1.4141205
6.66	-1.3416015
6.665	-1.232823
6.67	-1.1240445
6.675	-1.015266
6.68	-1.015266
6.685	-1.015266
6.69	-1.015266
6.695	-1.1240445
6.7	-1.160304
6.705	-1.2690825
6.71	-1.377861
6.715	-1.4141205
6.72	-1.522899
6.725	-1.595418
6.73	-1.595418
6.735	-1.595418
6.74	-1.595418
6.745	-1.522899
6.75	-1.4866395
6.755	-1.4141205
6.76	-1.377861
6.765	-1.3416015
6.77	-1.3416015
6.775	-1.2690825
6.78	-1.232823
6.785	-1.160304
6.79	-1.160304
6.795	-1.160304
6.8	-1.160304
6.805	-1.232823
6.81	-1.2690825
6.815	-1.377861
6.82	-1.4866395
6.825	-1.522899
6.83	-1.595418
6.835	-1.6316775
6.84	-1.6316775
6.845	-1.595418
6.85	-1.4866395
6.855	-1.4141205
6.86	-1.3416015
6.865	-1.232823
6.87	-1.160304
6.875	-1.1240445
6.88	-1.087785
6.885	-1.1240445
6.89	-1.160304
6.895	-1.232823
6.9	-1.3416015
6.905	-1.4866395
6.91	-1.595418
6.915	-1.667937
6.92	-1.740456
6.925	-1.740456
6.93	-1.740456
6.935	-1.667937
6.94	-1.595418
6.945	-1.4866395
6.95	-1.377861
6.955	-1.2690825
6.96	-1.232823
6.965	-1.160304
6.97	-1.1240445
6.975	-1.160304
6.98	-1.160304
6.985	-1.232823
6.99	-1.2690825
6.995	-1.3416015
7	-1.3416015
7.005	-1.2690825
7.01	-1.232823
7.015	-1.1240445
7.02	-1.015266
7.025	-0.9064875
7.03	-0.8339685
7.035	-0.72519
7.04	-0.6889305
7.045	-0.6889305
7.05	-0.72519
7.055	-0.7614495
7.06	-0.870228
7.065	-0.9790065
7.07	-1.087785
7.075	-1.1240445
7.08	-1.160304
7.085	-1.232823
7.09	-1.232823
7.095	-1.232823
7.1	-1.160304
7.105	-1.1240445
7.11	-1.015266
7.115	-0.9064875
7.12	-0.870228
7.125	-0.8339685
7.13	-0.7614495
7.135	-0.7614495
7.14	-0.8339685
7.145	-0.870228
7.15	-0.9064875
7.155	-1.015266
7.16	-1.087785
7.165	-1.087785
7.17	-1.1240445
7.175	-1.087785
7.18	-1.015266
7.185	-0.9790065
7.19	-0.870228
7.195	-0.7614495
7.2	-0.6889305
7.205	-0.6164115
7.21	-0.580152
7.215	-0.507633
7.22	-0.6164115
7.225	-0.72519
7.23	-0.8339685
7.235	-0.9790065
7.24	-1.1240445
7.245	-1.232823
7.25	-1.3416015
7.255	-1.377861
7.26	-1.377861
7.265	-1.3416015
7.27	-1.2690825
7.275	-1.160304
7.28	-1.015266
7.285	-0.9064875
7.29	-0.8339685
7.295	-0.7614495
7.3	-0.72519
7.305	-0.72519
7.31	-0.8339685
7.315	-0.870228
7.32	-0.9790065
7.325	-1.087785
7.33	-1.1240445
7.335	-1.1240445
7.34	-1.160304
7.345	-1.160304
7.35	-1.160304
7.355	-1.160304
7.36	-1.160304
7.365	-1.160304
7.37	-1.232823
7.375	-1.232823
7.38	-1.2690825
7.385	-1.3416015
7.39	-1.377861
7.395	-1.4141205
7.4	-1.4141205
7.405	-1.4866395
7.41	-1.4866395
7.415	-1.4141205
7.42	-1.377861
7.425	-1.3416015
7.43	-1.160304
7.435	-1.087785
7.44	-0.9790065
7.445	-0.870228
7.45	-0.870228
7.455	-0.870228
7.46	-0.9064875
7.465	-1.015266
7.47	-1.1240445
7.475	-1.2690825
7.48	-1.4141205
7.485	-1.595418
7.49	-1.667937
7.495	-1.740456
7.5	-1.740456
7.505	-1.667937
7.51	-1.6316775
7.515	-1.522899
7.52	-1.4141205
7.525	-1.3416015
7.53	-1.232823
7.535	-1.1240445
7.54	-1.015266
7.545	-0.9790065
7.55	-0.9064875
7.555	-0.9064875
7.56	-0.9790065
7.565	-1.015266
7.57	-1.1240445
7.575	-1.232823
7.58	-1.2690825
7.585	-1.377861
7.59	-1.4141205
7.595	-1.4141205
7.6	-1.377861
7.605	-1.3416015
7.61	-1.160304
7.615	-1.087785
7.62	-0.9064875
7.625	-0.8339685
7.63	-0.72519
7.635	-0.6889305
7.64	-0.6889305
7.645	-0.72519
7.65	-0.8339685
7.655	-0.9064875
7.66	-1.015266
7.665	-1.160304
7.67	-1.2690825
7.675	-1.2690825
7.68	-1.2690825
7.685	-1.2690825
7.69	-1.232823
7.695	-1.160304
7.7	-1.087785
7.705	-1.015266
7.71	-0.9790065
7.715	-0.9790065
7.72	-0.9790065
7.725	-0.9790065
7.73	-1.015266
7.735	-1.087785
7.74	-1.1240445
7.745	-1.232823
7.75	-1.3416015
7.755	-1.377861
7.76	-1.4141205
7.765	-1.4866395
7.77	-1.4866395
7.775	-1.4141205
7.78	-1.4141205
7.785	-1.377861
7.79	-1.2690825
7.795	-1.232823
7.8	-1.160304
7.805	-1.1240445
7.81	-1.1240445
7.815	-1.1240445
7.82	-1.160304
7.825	-1.160304
7.83	-1.160304
7.835	-1.232823
7.84	-1.160304
7.845	-1.1240445
7.85	-1.087785
7.855	-1.015266
7.86	-0.9064875
7.865	-0.870228
7.87	-0.870228
7.875	-0.8339685
7.88	-0.7614495
7.885	-0.7614495
7.89	-0.7614495
7.895	-0.7614495
7.9	-0.7614495
7.905	-0.8339685
7.91	-0.870228
7.915	-0.870228
7.92	-0.870228
7.925	-0.9064875
7.93	-0.870228
7.935	-0.8339685
7.94	-0.7614495
7.945	-0.72519
7.95	-0.6164115
7.955	-0.580152
7.96	-0.507633
7.965	-0.4713735
7.97	-0.4713735
7.975	-0.507633
7.98	-0.580152
7.985	-0.6889305
7.99	-0.8339685
7.995	-0.9790065
8	-1.1240445
8.005	-1.232823
8.01	-1.3416015
8.015	-1.3416015
8.02	-1.3416015
8.025	-1.2690825
8.03	-1.232823
8.035	-1.1240445
8.04	-1.087785
8.045	-1.015266
8.05	-0.9064875
8.055	-0.8339685
8.06	-0.72519
8.065	-0.580152
8.07	-0.4713735
8.075	-0.362595
8.08	-0.3263355
8.085	-0.3263355
8.09	-0.362595
8.095	-0.4713735
8.1	-0.6164115
8.105	-0.8339685
8.11	-0.9790065
8.115	-1.087785
8.12	-1.087785
8.125	-1.087785
8.13	-0.9790065
8.135	-0.870228
8.14	-0.72519
8.145	-0.6164115
8.15	-0.507633
8.155	-0.4713735
8.16	-0.4713735
8.165	-0.507633
8.17	-0.6164115
8.175	-0.72519
8.18	-0.7614495
8.185	-0.8339685
8.19	-0.8339685
8.195	-0.8339685
8.2	-0.72519
8.205	-0.6164115
8.21	-0.507633
8.215	-0.4713735
8.22	-0.362595
8.225	-0.3263355
8.23	-0.362595
8.235	-0.435114
8.24	-0.4713735
8.245	-0.580152
8.25	-0.6889305
8.255	-0.72519
8.26	-0.7614495
8.265	-0.8339685
8.27	-0.8339685
8.275	-0.870228
8.28	-0.870228
8.285	-0.9064875
8.29	-0.9064875
8.295	-0.9064875
8.3	-0.9064875
8.305	-0.870228
8.31	-0.8339685
8.315	-0.7614495
8.32	-0.6889305
8.325	-0.580152
8.33	-0.507633
8.335	-0.507633
8.34	-0.507633
8.345	-0.6164115
8.35	-0.72519
8.355	-0.870228
8.36	-1.015266
8.365	-1.1240445
8.37	-1.160304
8.375	-1.160304
8.38	-1.160304
8.385	-1.087785
8.39	-0.9790065
8.395	-0.9064875
8.4	-0.8339685
8.405	-0.7614495
8.41	-0.7614495
8.415	-0.7614495
8.42	-0.7614495
8.425	-0.8339685
8.43	-0.8339685
8.435	-0.870228
8.44	-0.870228
8.445	-0.870228
8.45	-0.870228
8.455	-0.870228
8.46	-0.9064875
8.465	-0.9064875
8.47	-0.9064875
8.475	-0.9064875
8.48	-0.9064875
8.485	-0.9064875
8.49	-0.9064875
8.495	-0.9064875
8.5	-0.9064875
8.505	-0.9064875
8.51	-0.9064875
8.515	-0.9064875
8.52	-0.9064875
8.525	-0.9064875
8.53	-0.870228
8.535	-0.8339685
8.54	-0.7614495
8.545	-0.72519
8.55	-0.6889305
8.555	-0.6164115
8.56	-0.6164115
8.565	-0.6164115
8.57	-0.580152
8.575	-0.580152
8.58	-0.580152
8.585	-0.507633
8.59	-0.4713735
8.595	-0.4713735
8.6	-0.435114
8.605	-0.362595
8.61	-0.362595
8.615	-0.362595
8.62	-0.435114
8.625	-0.4713735
8.63	-0.507633
8.635	-0.6164115
8.64	-0.72519
8.645	-0.7614495
8.65	-0.8339685
8.655	-0.870228
8.66	-0.870228
8.665	-0.870228
8.67	-0.8339685
8.675	-0.7614495
8.68	-0.72519
8.685	-0.6164115
8.69	-0.507633
8.695	-0.435114
8.7	-0.3263355
8.705	-0.2538165
8.71	-0.217557
8.715	-0.217557
8.72	-0.217557
8.725	-0.3263355
8.73	-0.4713735
8.735	-0.6164115
8.74	-0.7614495
8.745	-0.9064875
8.75	-1.015266
8.755	-1.015266
8.76	-1.087785
8.765	-1.015266
8.77	-0.9790065
8.775	-0.9790065
8.78	-0.9064875
8.785	-0.870228
8.79	-0.870228
8.795	-0.8339685
8.8	-0.7614495
8.805	-0.72519
8.81	-0.6889305
8.815	-0.6164115
8.82	-0.580152
8.825	-0.507633
8.83	-0.507633
8.835	-0.507633
8.84	-0.580152
8.845	-0.6889305
8.85	-0.7614495
8.855	-0.870228
8.86	-0.9064875
8.865	-1.015266
8.87	-1.015266
8.875	-0.9790065
8.88	-0.9064875
8.885	-0.870228
8.89	-0.7614495
8.895	-0.6889305
8.9	-0.580152
8.905	-0.4713735
8.91	-0.435114
8.915	-0.362595
8.92	-0.435114
8.925	-0.435114
8.93	-0.4713735
8.935	-0.507633
8.94	-0.6164115
8.945	-0.6889305
8.95	-0.72519
8.955	-0.7614495
8.96	-0.8339685
8.965	-0.8339685
8.97	-0.7614495
8.975	-0.7614495
8.98	-0.72519
8.985	-0.6889305
8.99	-0.6889305
8.995	-0.6889305
9	-0.6889305
9.005	-0.72519
9.01	-0.72519
9.015	-0.7614495
9.02	-0.7614495
9.025	-0.7614495
9.03	-0.72519
9.035	-0.6164115
9.04	-0.507633
9.045	-0.435114
9.05	-0.362595
9.055	-0.3263355
9.06	-0.3263355
9.065	-0.3263355
9.07	-0.362595
9.075	-0.4713735
9.08	-0.507633
9.085	-0.580152
9.09	-0.580152
9.095	-0.507633
9.1	-0.435114
9.105	-0.362595
9.11	-0.217557
9.115	-0.1087785
9.12	0
9.125	0.072519
9.13	0.145038
9.135	0.072519
9.14	0.072519
9.145	0
9.15	-0.1087785
9.155	-0.217557
9.16	-0.2538165
9.165	-0.3263355
9.17	-0.3263355
9.175	-0.217557
9.18	-0.1812975
9.185	-0.1087785
9.19	-0.072519
9.195	0
9.2	0
9.205	-0.072519
9.21	-0.072519
9.215	-0.072519
9.22	-0.072519
9.225	0
9.23	0.0362595
9.235	0.072519
9.24	0.145038
9.245	0.145038
9.25	0.072519
9.255	0
9.26	-0.1087785
9.265	-0.217557
9.27	-0.2538165
9.275	-0.362595
9.28	-0.435114
9.285	-0.4713735
9.29	-0.507633
9.295	-0.507633
9.3	-0.507633
9.305	-0.507633
9.31	-0.4713735
9.315	-0.435114
9.32	-0.362595
9.325	-0.362595
9.33	-0.3263355
9.335	-0.3263355
9.34	-0.362595
9.345	-0.435114
9.35	-0.435114
9.355	-0.435114
9.36	-0.362595
9.365	-0.3263355
9.37	-0.217557
9.375	-0.1087785
9.38	0.0362595
9.385	0.145038
9.39	0.1812975
9.395	0.2538165
9.4	0.290076
9.405	0.2538165
9.41	0.145038
9.415	0.072519
9.42	0
9.425	-0.1087785
9.43	-0.1812975
9.435	-0.1812975
9.44	-0.217557
9.445	-0.1812975
9.45	-0.1812975
9.455	-0.1812975
9.46	-0.1812975
9.465	-0.1812975
9.47	-0.1812975
9.475	-0.217557
9.48	-0.2538165
9.485	-0.2538165
9.49	-0.362595
9.495	-0.435114
9.5	-0.507633
9.505	-0.580152
9.51	-0.6164115
9.515	-0.6889305
9.52	-0.72519
9.525	-0.7614495
9.53	-0.7614495
9.535	-0.6889305
9.54	-0.6164115
9.545	-0.507633
9.55	-0.435114
9.555	-0.3263355
9.56	-0.2538165
9.565	-0.2538165
9.57	-0.3263355
9.575	-0.362595
9.58	-0.4713735
9.585	-0.580152
9.59	-0.6889305
9.595	-0.72519
9.6	-0.72519
9.605	-0.6889305
9.61	-0.580152
9.615	-0.4713735
9.62	-0.3263355
9.625	-0.217557
9.63	-0.1087785
9.635	-0.072519
9.64	0
9.645	0
9.65	0
9.655	0
9.66	-0.072519
9.665	-0.1087785
9.67	-0.1812975
9.675	-0.2538165
9.68	-0.2538165
9.685	-0.3263355
9.69	-0.362595
9.695	-0.362595
9.7	-0.435114
9.705	-0.435114
9.71	-0.435114
9.715	-0.435114
9.72	-0.362595
9.725	-0.3263355
9.73	-0.3263355
9.735	-0.2538165
9.74	-0.2538165
9.745	-0.217557
9.75	-0.217557
9.755	-0.217557
9.76	-0.217557
9.765	-0.217557
9.77	-0.2538165
9.775	-0.3263355
9.78	-0.435114
9.785	-0.4713735
9.79	-0.507633
9.795	-0.580152
9.8	-0.507633
9.805	-0.507633
9.81	-0.435114
9.815	-0.3263355
9.82	-0.2538165
9.825	-0.217557
9.83	-0.1812975
9.835	-0.217557
9.84	-0.217557
9.845	-0.2538165
9.85	-0.362595
9.855	-0.435114
9.86	-0.4713735
9.865	-0.507633
9.87	-0.580152
9.875	-0.6889305
9.88	-0.72519
9.885	-0.72519
9.89	-0.7614495
9.895	-0.7614495
9.9	-0.7614495
9.905	-0.72519
9.91	-0.72519
9.915	-0.6164115
9.92	-0.580152
9.925	-0.507633
9.93	-0.4713735
9.935	-0.435114
9.94	-0.362595
9.945	-0.3263355
9.95	-0.3263355
9.955	-0.3263355
9.96	-0.3263355
9.965	-0.362595
9.97	-0.435114
9.975	-0.4713735
9.98	-0.507633
9.985	-0.580152
9.99	-0.6889305
9.995	-0.6889305
10	-0.72519
10.005	-0.6889305
10.01	-0.6164115
10.015	-0.580152
10.02	-0.4713735
10.025	-0.3263355
10.03	-0.2538165
10.035	-0.217557
10.04	-0.217557
10.045	-0.2538165
10.05	-0.362595
10.055	-0.4713735
10.06	-0.580152
10.065	-0.6889305
10.07	-0.7614495
10.075	-0.7614495
10.08	-0.7614495
10.085	-0.72519
10.09	-0.6164115
10.095	-0.4713735
10.1	-0.362595
10.105	-0.3263355
10.11	-0.2538165
10.115	-0.217557
10.12	-0.2538165
10.125	-0.3263355
10.13	-0.362595
10.135	-0.435114
10.14	-0.4713735
10.145	-0.507633
10.15	-0.580152
10.155	-0.580152
10.16	-0.580152
10.165	-0.507633
10.17	-0.507633
10.175	-0.4713735
10.18	-0.4713735
10.185	-0.435114
10.19	-0.435114
10.195	-0.435114
10.2	-0.435114
10.205	-0.4713735
10.21	-0.4713735
10.215	-0.4713735
10.22	-0.580152
10.225	-0.6164115
10.23	-0.6889305
10.235	-0.72519
10.24	-0.7614495
10.245	-0.7614495
10.25	-0.7614495
10.255	-0.72519
10.26	-0.6164115
10.265	-0.580152
10.27	-0.4713735
10.275	-0.435114
10.28	-0.362595
10.285	-0.3263355
10.29	-0.3263355
10.295	-0.362595
10.3	-0.362595
10.305	-0.4713735
10.31	-0.4713735
10.315	-0.507633
10.32	-0.580152
10.325	-0.6164115
10.33	-0.6164115
10.335	-0.6164115
10.34	-0.6164115
10.345	-0.6164115
10.35	-0.6164115
10.355	-0.580152
10.36	-0.580152
10.365	-0.507633
10.37	-0.507633
10.375	-0.4713735
10.38	-0.4713735
10.385	-0.435114
10.39	-0.435114
10.395	-0.4713735
10.4	-0.4713735
10.405	-0.507633
10.41	-0.580152
10.415	-0.580152
10.42	-0.6164115
10.425	-0.6164115
10.43	-0.6164115
10.435	-0.580152
10.44	-0.580152
10.445	-0.507633
10.45	-0.4713735
10.455	-0.4713735
10.46	-0.4713735
10.465	-0.435114
10.47	-0.4713735
10.475	-0.4713735
10.48	-0.4713735
10.485	-0.507633
10.49	-0.507633
10.495	-0.580152
10.5	-0.6164115
10.505	-0.6164115
10.51	-0.6889305
10.515	-0.72519
10.52	-0.72519
10.525	-0.7614495
10.53	-0.7614495
10.535	-0.7614495
10.54	-0.72519
10.545	-0.6889305
10.55	-0.6889305
10.555	-0.6164115
10.56	-0.580152
10.565	-0.580152
10.57	-0.6164115
10.575	-0.6164115
10.58	-0.6889305
10.585	-0.72519
10.59	-0.7614495
10.595	-0.7614495
10.6	-0.7614495
10.605	-0.72519
10.61	-0.6889305
10.615	-0.6164115
10.62	-0.580152
10.625	-0.507633
10.63	-0.507633
10.635	-0.4713735
10.64	-0.4713735
10.645	-0.507633
10.65	-0.580152
10.655	-0.6889305
10.66	-0.72519
10.665	-0.7614495
10.67	-0.8339685
10.675	-0.8339685
10.68	-0.8339685
10.685	-0.7614495
10.69	-0.72519
10.695	-0.6889305
10.7	-0.6164115
10.705	-0.580152
10.71	-0.507633
10.715	-0.507633
10.72	-0.507633
10.725	-0.507633
10.73	-0.507633
10.735	-0.580152
10.74	-0.6164115
10.745	-0.6889305
10.75	-0.6889305
10.755	-0.6889305
10.76	-0.6164115
10.765	-0.580152
10.77	-0.580152
10.775	-0.507633
10.78	-0.507633
10.785	-0.507633
10.79	-0.580152
10.795	-0.580152
10.8	-0.6164115
10.805	-0.6164115
10.81	-0.6889305
10.815	-0.6889305
10.82	-0.6164115
10.825	-0.6164115
10.83	-0.6164115
10.835	-0.580152
10.84	-0.580152
10.845	-0.6164115
10.85	-0.6889305
10.855	-0.7614495
10.86	-0.8339685
10.865	-0.870228
10.87	-0.870228
10.875	-0.870228
10.88	-0.870228
10.885	-0.8339685
10.89	-0.8339685
10.895	-0.7614495
10.9	-0.72519
10.905	-0.72519
10.91	-0.6889305
10.915	-0.6164115
10.92	-0.580152
10.925	-0.580152
10.93	-0.6164115
10.935	-0.6164115
10.94	-0.6889305
10.945	-0.72519
10.95	-0.7614495
10.955	-0.7614495
10.96	-0.8339685
10.965	-0.8339685
10.97	-0.7614495
10.975	-0.72519
10.98	-0.6889305
10.985	-0.580152
10.99	-0.4713735
10.995	-0.435114
11	-0.435114
11.005	-0.435114
11.01	-0.4713735
11.015	-0.507633
11.02	-0.6164115
11.025	-0.6889305
11.03	-0.7614495
11.035	-0.8339685
11.04	-0.870228
11.045	-0.870228
11.05	-0.7614495
11.055	-0.72519
11.06	-0.580152
11.065	-0.4713735
11.07	-0.362595
11.075	-0.3263355
11.08	-0.2538165
11.085	-0.2538165
11.09	-0.2538165
11.095	-0.2538165
11.1	-0.3263355
11.105	-0.362595
11.11	-0.435114
11.115	-0.435114
11.12	-0.4713735
11.125	-0.4713735
11.13	-0.435114
11.135	-0.435114
11.14	-0.362595
11.145	-0.362595
11.15	-0.2538165
11.155	-0.217557
11.16	-0.217557
11.165	-0.1812975
11.17	-0.1812975
11.175	-0.217557
11.18	-0.2538165
11.185	-0.2538165
11.19	-0.362595
11.195	-0.362595
11.2	-0.435114
11.205	-0.362595
11.21	-0.362595
11.215	-0.3263355
11.22	-0.2538165
11.225	-0.217557
11.23	-0.217557
11.235	-0.2538165
11.24	-0.3263355
11.245	-0.435114
11.25	-0.507633
11.255	-0.6164115
11.26	-0.6889305
11.265	-0.72519
11.27	-0.72519
11.275	-0.72519
11.28	-0.6889305
11.285	-0.6164115
11.29	-0.507633
11.295	-0.4713735
11.3	-0.362595
11.305	-0.3263355
11.31	-0.3263355
11.315	-0.2538165
11.32	-0.2538165
11.325	-0.2538165
11.33	-0.3263355
11.335	-0.362595
11.34	-0.435114
11.345	-0.507633
11.35	-0.580152
11.355	-0.6164115
11.36	-0.6164115
11.365	-0.6164115
11.37	-0.580152
11.375	-0.4713735
11.38	-0.435114
11.385	-0.362595
11.39	-0.2538165
11.395	-0.2538165
11.4	-0.2538165
11.405	-0.2538165
11.41	-0.3263355
11.415	-0.362595
11.42	-0.4713735
11.425	-0.4713735
11.43	-0.507633
11.435	-0.507633
11.44	-0.507633
11.445	-0.4713735
11.45	-0.4713735
11.455	-0.435114
11.46	-0.362595
11.465	-0.3263355
11.47	-0.3263355
11.475	-0.3263355
11.48	-0.3263355
11.485	-0.362595
11.49	-0.4713735
11.495	-0.507633
11.5	-0.580152
11.505	-0.6164115
11.51	-0.6164115
11.515	-0.580152
11.52	-0.4713735
11.525	-0.362595
11.53	-0.217557
11.535	-0.1087785
11.54	0
11.545	0
11.55	0
11.555	-0.072519
11.56	-0.1812975
11.565	-0.2538165
11.57	-0.362595
11.575	-0.4713735
11.58	-0.507633
11.585	-0.580152
11.59	-0.580152
11.595	-0.507633
11.6	-0.4713735
11.605	-0.435114
11.61	-0.3263355
11.615	-0.2538165
11.62	-0.217557
11.625	-0.217557
11.63	-0.1812975
11.635	-0.217557
11.64	-0.2538165
11.645	-0.3263355
11.65	-0.362595
11.655	-0.4713735
11.66	-0.4713735
11.665	-0.4713735
11.67	-0.4713735
11.675	-0.4713735
11.68	-0.4713735
11.685	-0.4713735
11.69	-0.4713735
11.695	-0.4713735
11.7	-0.4713735
11.705	-0.4713735
11.71	-0.507633
11.715	-0.507633
11.72	-0.4713735
11.725	-0.4713735
11.73	-0.4713735
11.735	-0.435114
11.74	-0.435114
11.745	-0.435114
11.75	-0.435114
11.755	-0.435114
11.76	-0.435114
11.765	-0.435114
11.77	-0.362595
11.775	-0.362595
11.78	-0.3263355
11.785	-0.217557
11.79	-0.1812975
11.795	-0.072519
11.8	0.0362595
11.805	0.145038
11.81	0.2538165
11.815	0.3263355
11.82	0.435114
11.825	0.4713735
11.83	0.4713735
11.835	0.4713735
11.84	0.3988545
11.845	0.2538165
11.85	0.072519
11.855	-0.1087785
11.86	-0.3263355
11.865	-0.4713735
11.87	-0.507633
11.875	-0.580152
11.88	-0.6164115
11.885	-0.580152
11.89	-0.507633
11.895	-0.362595
11.9	-0.217557
11.905	-0.072519
11.91	0.072519
11.915	0.2538165
11.92	0.3988545
11.925	0.435114
11.93	0.435114
11.935	0.3988545
11.94	0.2538165
11.945	0.072519
11.95	-0.1087785
11.955	-0.2538165
11.96	-0.4713735
11.965	-0.580152
11.97	-0.6164115
11.975	-0.6164115
11.98	-0.507633
11.985	-0.362595
11.99	-0.217557
11.995	-0.072519
12	0.072519
12.005	0.1812975
12.01	0.2538165
12.015	0.1812975
12.02	0.145038
12.025	0.0362595
12.03	-0.1087785
12.035	-0.217557
12.04	-0.3263355
12.045	-0.435114
12.05	-0.4713735
12.055	-0.4713735
12.06	-0.4713735
12.065	-0.435114
12.07	-0.362595
12.075	-0.2538165
12.08	-0.217557
12.085	-0.1812975
12.09	-0.1812975
12.095	-0.1087785
12.1	-0.1812975
12.105	-0.1812975
12.11	-0.217557
12.115	-0.2538165
12.12	-0.3263355
12.125	-0.362595
12.13	-0.4713735
12.135	-0.507633
12.14	-0.580152
12.145	-0.6164115
12.15	-0.6164115
12.155	-0.6164115
12.16	-0.580152
12.165	-0.507633
12.17	-0.435114
12.175	-0.362595
12.18	-0.2538165
12.185	-0.2538165
12.19	-0.2538165
12.195	-0.3263355
12.2	-0.362595
12.205	-0.4713735
12.21	-0.507633
12.215	-0.580152
12.22	-0.580152
12.225	-0.580152
12.23	-0.580152
12.235	-0.507633
12.24	-0.4713735
12.245	-0.435114
12.25	-0.362595
12.255	-0.362595
12.26	-0.3263355
12.265	-0.362595
12.27	-0.362595
12.275	-0.435114
12.28	-0.4713735
12.285	-0.507633
12.29	-0.580152
12.295	-0.6164115
12.3	-0.6164115
12.305	-0.6889305
12.31	-0.6889305
12.315	-0.6889305
12.32	-0.72519
12.325	-0.72519
12.33	-0.6889305
12.335	-0.6889305
12.34	-0.6889305
12.345	-0.6164115
12.35	-0.580152
12.355	-0.4713735
12.36	-0.435114
12.365	-0.435114
12.37	-0.362595
12.375	-0.362595
12.38	-0.435114
12.385	-0.435114
12.39	-0.435114
12.395	-0.4713735
12.4	-0.507633
12.405	-0.507633
12.41	-0.507633
12.415	-0.507633
12.42	-0.507633
12.425	-0.507633
12.43	-0.4713735
12.435	-0.4713735
12.44	-0.435114
12.445	-0.435114
12.45	-0.435114
12.455	-0.4713735
12.46	-0.580152
12.465	-0.6164115
12.47	-0.72519
12.475	-0.7614495
12.48	-0.8339685
12.485	-0.8339685
12.49	-0.8339685
12.495	-0.7614495
12.5	-0.6889305
12.505	-0.580152
12.51	-0.435114
12.515	-0.3263355
12.52	-0.1812975
12.525	-0.072519
12.53	0
12.535	0.0362595
12.54	0.0362595
12.545	0
12.55	-0.1087785
12.555	-0.217557
12.56	-0.362595
12.565	-0.435114
12.57	-0.507633
12.575	-0.507633
12.58	-0.507633
12.585	-0.435114
12.59	-0.362595
12.595	-0.2538165
12.6	-0.1812975
12.605	-0.1087785
12.61	-0.072519
12.615	0
12.62	0
12.625	-0.072519
12.63	-0.1812975
12.635	-0.217557
12.64	-0.2538165
12.645	-0.362595
12.65	-0.435114
12.655	-0.435114
12.66	-0.4713735
12.665	-0.4713735
12.67	-0.4713735
12.675	-0.507633
12.68	-0.507633
12.685	-0.507633
12.69	-0.507633
12.695	-0.507633
12.7	-0.4713735
12.705	-0.435114
12.71	-0.362595
12.715	-0.3263355
12.72	-0.3263355
12.725	-0.2538165
12.73	-0.2538165
12.735	-0.217557
12.74	-0.217557
12.745	-0.217557
12.75	-0.2538165
12.755	-0.2538165
12.76	-0.362595
12.765	-0.435114
12.77	-0.4713735
12.775	-0.507633
12.78	-0.507633
12.785	-0.507633
12.79	-0.507633
12.795	-0.4713735
12.8	-0.362595
12.805	-0.3263355
12.81	-0.2538165
12.815	-0.217557
12.82	-0.1812975
12.825	-0.217557
12.83	-0.2538165
12.835	-0.3263355
12.84	-0.362595
12.845	-0.362595
12.85	-0.362595
12.855	-0.362595
12.86	-0.362595
12.865	-0.3263355
12.87	-0.3263355
12.875	-0.2538165
12.88	-0.2538165
12.885	-0.2538165
12.89	-0.2538165
12.895	-0.3263355
12.9	-0.3263355
12.905	-0.3263355
12.91	-0.362595
12.915	-0.362595
12.92	-0.435114
12.925	-0.435114
12.93	-0.435114
12.935	-0.435114
12.94	-0.435114
12.945	-0.435114
12.95	-0.362595
12.955	-0.435114
12.96	-0.435114
12.965	-0.435114
12.97	-0.435114
12.975	-0.435114
12.98	-0.435114
12.985	-0.362595
12.99	-0.3263355
12.995	-0.2538165
13	-0.217557
13.005	-0.217557
13.01	-0.1812975
13.015	-0.217557
13.02	-0.217557
13.025	-0.3263355
13.03	-0.362595
13.035	-0.362595
13.04	-0.435114
13.045	-0.4713735
13.05	-0.4713735
13.055	-0.4713735
13.06	-0.4713735
13.065	-0.4713735
13.07	-0.435114
13.075	-0.435114
13.08	-0.435114
13.085	-0.435114
13.09	-0.362595
13.095	-0.362595
13.1	-0.435114
13.105	-0.435114
13.11	-0.4713735
13.115	-0.4713735
13.12	-0.507633
13.125	-0.507633
13.13	-0.580152
13.135	-0.507633
13.14	-0.507633
13.145	-0.435114
13.15	-0.3263355
13.155	-0.217557
13.16	-0.1087785
13.165	0.0362595
13.17	0.145038
13.175	0.2538165
13.18	0.290076
13.185	0.290076
13.19	0.290076
13.195	0.1812975
13.2	0.072519
13.205	-0.072519
13.21	-0.1812975
13.215	-0.2538165
13.22	-0.362595
13.225	-0.435114
13.23	-0.435114
13.235	-0.435114
13.24	-0.362595
13.245	-0.2538165
13.25	-0.1087785
13.255	0.0362595
13.26	0.145038
13.265	0.2538165
13.27	0.290076
13.275	0.290076
13.28	0.1812975
13.285	0.072519
13.29	-0.072519
13.295	-0.2538165
13.3	-0.362595
13.305	-0.4713735
13.31	-0.4713735
13.315	-0.4713735
13.32	-0.435114
13.325	-0.3263355
13.33	-0.1812975
13.335	-0.1087785
13.34	0
13.345	0
13.35	0
13.355	-0.072519
13.36	-0.1087785
13.365	-0.217557
13.37	-0.2538165
13.375	-0.3263355
13.38	-0.3263355
13.385	-0.3263355
13.39	-0.2538165
13.395	-0.217557
13.4	-0.1812975
13.405	-0.1812975
13.41	-0.1087785
13.415	-0.072519
13.42	0
13.425	0
13.43	0
13.435	0
13.44	-0.072519
13.445	-0.1087785
13.45	-0.217557
13.455	-0.2538165
13.46	-0.362595
13.465	-0.435114
13.47	-0.4713735
13.475	-0.507633
13.48	-0.507633
13.485	-0.4713735
13.49	-0.435114
13.495	-0.2538165
13.5	-0.1812975
13.505	-0.1087785
13.51	0
13.515	0.0362595
13.52	0.0362595
13.525	0.0362595
13.53	0
13.535	-0.1087785
13.54	-0.217557
13.545	-0.3263355
13.55	-0.435114
13.555	-0.4713735
13.56	-0.4713735
13.565	-0.4713735
13.57	-0.362595
13.575	-0.3263355
13.58	-0.217557
13.585	-0.1087785
13.59	-0.072519
13.595	0
13.6	0
13.605	0
13.61	-0.1087785
13.615	-0.1812975
13.62	-0.217557
13.625	-0.3263355
13.63	-0.362595
13.635	-0.435114
13.64	-0.435114
13.645	-0.435114
13.65	-0.362595
13.655	-0.3263355
13.66	-0.2538165
13.665	-0.217557
13.67	-0.1812975
13.675	-0.1087785
13.68	-0.1087785
13.685	-0.1087785
13.69	-0.1812975
13.695	-0.217557
13.7	-0.2538165
13.705	-0.362595
13.71	-0.4713735
13.715	-0.507633
13.72	-0.580152
13.725	-0.580152
13.73	-0.6164115
13.735	-0.580152
13.74	-0.507633
13.745	-0.4713735
13.75	-0.435114
13.755	-0.3263355
13.76	-0.2538165
13.765	-0.217557
13.77	-0.1812975
13.775	-0.1812975
13.78	-0.217557
13.785	-0.2538165
13.79	-0.3263355
13.795	-0.362595
13.8	-0.435114
13.805	-0.4713735
13.81	-0.507633
13.815	-0.4713735
13.82	-0.4713735
13.825	-0.362595
13.83	-0.3263355
13.835	-0.217557
13.84	-0.1087785
13.845	-0.072519
13.85	0
13.855	0
13.86	0
13.865	-0.1087785
13.87	-0.1812975
13.875	-0.217557
13.88	-0.3263355
13.885	-0.362595
13.89	-0.362595
13.895	-0.362595
13.9	-0.362595
13.905	-0.3263355
13.91	-0.2538165
13.915	-0.217557
13.92	-0.1812975
13.925	-0.1812975
13.93	-0.1812975
13.935	-0.217557
13.94	-0.217557
13.945	-0.2538165
13.95	-0.2538165
13.955	-0.3263355
13.96	-0.3263355
13.965	-0.362595
13.97	-0.362595
13.975	-0.3263355
13.98	-0.3263355
13.985	-0.2538165
13.99	-0.217557
13.995	-0.217557
14	-0.1812975
14.005	-0.1812975
14.01	-0.217557
14.015	-0.217557
14.02	-0.2538165
14.025	-0.2538165
14.03	-0.2538165
14.035	-0.3263355
14.04	-0.2538165
14.045	-0.2538165
14.05	-0.217557
14.055	-0.217557
14.06	-0.1812975
14.065	-0.1812975
14.07	-0.1812975
14.075	-0.217557
14.08	-0.2538165
14.085	-0.3263355
14.09	-0.362595
14.095	-0.435114
14.1	-0.4713735
14.105	-0.507633
14.11	-0.580152
14.115	-0.580152
14.12	-0.507633
14.125	-0.4713735
14.13	-0.362595
14.135	-0.2538165
14.14	-0.217557
14.145	-0.1812975
14.15	-0.1087785
14.155	-0.1087785
14.16	-0.1087785
14.165	-0.1087785
14.17	-0.1087785
14.175	-0.1087785
14.18	-0.1087785
14.185	-0.1087785
14.19	-0.1812975
14.195	-0.217557
14.2	-0.2538165
14.205	-0.3263355
14.21	-0.3263355
14.215	-0.362595
14.22	-0.362595
14.225	-0.3263355
14.23	-0.2538165
14.235	-0.1812975
14.24	-0.1087785
14.245	-0.072519
14.25	0
14.255	0.0362595
14.26	0.0362595
14.265	0
14.27	-0.072519
14.275	-0.1812975
14.28	-0.2538165
14.285	-0.3263355
14.29	-0.362595
14.295	-0.435114
14.3	-0.435114
14.305	-0.362595
14.31	-0.362595
14.315	-0.3263355
14.32	-0.2538165
14.325	-0.217557
14.33	-0.1812975
14.335	-0.1087785
14.34	0
14.345	0.0362595
14.35	0.0362595
14.355	0.072519
14.36	0.0362595
14.365	0.0362595
14.37	0
14.375	-0.1087785
14.38	-0.1812975
14.385	-0.217557
14.39	-0.3263355
14.395	-0.362595
14.4	-0.435114
14.405	-0.435114
14.41	-0.362595
14.415	-0.3263355
14.42	-0.217557
14.425	-0.1812975
14.43	-0.072519
14.435	0
14.44	0.0362595
14.445	0.072519
14.45	0.0362595
14.455	0.0362595
14.46	0
14.465	-0.072519
14.47	-0.1812975
14.475	-0.2538165
14.48	-0.3263355
14.485	-0.362595
14.49	-0.435114
14.495	-0.4713735
14.5	-0.435114
14.505	-0.362595
14.51	-0.3263355
14.515	-0.2538165
14.52	-0.217557
14.525	-0.217557
14.53	-0.1812975
14.535	-0.1812975
14.54	-0.217557
14.545	-0.2538165
14.55	-0.2538165
14.555	-0.3263355
14.56	-0.3263355
14.565	-0.3263355
14.57	-0.3263355
14.575	-0.2538165
14.58	-0.217557
14.585	-0.1812975
14.59	-0.1812975
14.595	-0.1087785
14.6	-0.072519
14.605	-0.072519
14.61	-0.072519
14.615	-0.072519
14.62	-0.072519
14.625	-0.072519
14.63	-0.1087785
14.635	-0.1812975
14.64	-0.217557
14.645	-0.3263355
14.65	-0.362595
14.655	-0.435114
14.66	-0.4713735
14.665	-0.4713735
14.67	-0.4713735
14.675	-0.4713735
14.68	-0.435114
14.685	-0.362595
14.69	-0.2538165
14.695	-0.1812975
14.7	-0.1087785
14.705	-0.1087785
14.71	-0.072519
14.715	-0.1087785
14.72	-0.1812975
14.725	-0.217557
14.73	-0.2538165
14.735	-0.3263355
14.74	-0.362595
14.745	-0.362595
14.75	-0.435114
14.755	-0.435114
14.76	-0.362595
14.765	-0.362595
14.77	-0.362595
14.775	-0.3263355
14.78	-0.3263355
14.785	-0.2538165
14.79	-0.217557
14.795	-0.1812975
14.8	-0.1087785
14.805	-0.1087785
14.81	-0.1812975
14.815	-0.217557
14.82	-0.2538165
14.825	-0.3263355
14.83	-0.3263355
14.835	-0.362595
14.84	-0.362595
14.845	-0.3263355
14.85	-0.3263355
14.855	-0.2538165
14.86	-0.217557
14.865	-0.217557
14.87	-0.1812975
14.875	-0.217557
14.88	-0.217557
14.885	-0.2538165
14.89	-0.3263355
14.895	-0.362595
14.9	-0.362595
14.905	-0.435114
14.91	-0.435114
14.915	-0.435114
14.92	-0.435114
14.925	-0.435114
14.93	-0.435114
14.935	-0.435114
14.94	-0.362595
14.945	-0.362595
14.95	-0.3263355
14.955	-0.3263355
14.96	-0.2538165
14.965	-0.2538165
14.97	-0.217557
14.975	-0.217557
14.98	-0.217557
14.985	-0.217557
14.99	-0.2538165
14.995	-0.2538165
15	-0.3263355
15.005	-0.3263355
15.01	-0.362595
15.015	-0.362595
15.02	-0.3263355
15.025	-0.3263355
15.03	-0.2538165
15.035	-0.2538165
15.04	-0.2538165
15.045	-0.217557
15.05	-0.2538165
15.055	-0.2538165
15.06	-0.2538165
15.065	-0.2538165
15.07	-0.3263355
15.075	-0.362595
15.08	-0.362595
15.085	-0.435114
15.09	-0.435114
15.095	-0.435114
15.1	-0.362595
15.105	-0.362595
15.11	-0.3263355
15.115	-0.217557
15.12	-0.1812975
15.125	-0.072519
15.13	0
15.135	0.0362595
15.14	0.072519
15.145	0.072519
15.15	0.0362595
15.155	0
15.16	-0.072519
15.165	-0.1087785
15.17	-0.217557
15.175	-0.217557
15.18	-0.2538165
15.185	-0.2538165
15.19	-0.217557
15.195	-0.1812975
15.2	-0.1087785
15.205	-0.072519
15.21	0
15.215	0
15.22	-0.072519
15.225	-0.072519
15.23	-0.1812975
15.235	-0.217557
15.24	-0.2538165
15.245	-0.3263355
15.25	-0.3263355
15.255	-0.3263355
15.26	-0.2538165
15.265	-0.217557
15.27	-0.1087785
15.275	0
15.28	0.0362595
15.285	0.072519
15.29	0.072519
15.295	0.072519
15.3	0.0362595
15.305	0.0362595
15.31	0
15.315	0
15.32	-0.072519
15.325	-0.1087785
15.33	-0.1087785
15.335	-0.1812975
15.34	-0.217557
15.345	-0.217557
15.35	-0.1812975
15.355	-0.1812975
15.36	-0.1087785
15.365	-0.072519
15.37	0
15.375	0.0362595
15.38	0.072519
15.385	0.145038
15.39	0.072519
15.395	0.072519
15.4	0.0362595
15.405	0.0362595
15.41	0
15.415	-0.072519
15.42	-0.1087785
15.425	-0.1087785
15.43	-0.1812975
15.435	-0.1812975
15.44	-0.217557
15.445	-0.217557
15.45	-0.217557
15.455	-0.217557
15.46	-0.217557
15.465	-0.1812975
15.47	-0.1812975
15.475	-0.1812975
15.48	-0.1812975
15.485	-0.1087785
15.49	-0.1087785
15.495	-0.1087785
15.5	-0.1087785
15.505	-0.072519
15.51	-0.072519
15.515	-0.072519
15.52	-0.072519
15.525	-0.072519
15.53	-0.072519
15.535	-0.1087785
15.54	-0.1087785
15.545	-0.1087785
15.55	-0.1087785
15.555	-0.1812975
15.56	-0.1812975
15.565	-0.217557
15.57	-0.2538165
15.575	-0.3263355
15.58	-0.3263355
15.585	-0.3263355
15.59	-0.3263355
15.595	-0.2538165
15.6	-0.217557
15.605	-0.1087785
15.61	-0.072519
15.615	0
15.62	0.0362595
15.625	0.072519
15.63	0.072519
15.635	0.072519
15.64	0.072519
15.645	0.0362595
15.65	0.0362595
15.655	0
15.66	-0.072519
15.665	-0.1087785
15.67	-0.1087785
15.675	-0.1812975
15.68	-0.1087785
15.685	-0.1087785
15.69	-0.072519
15.695	0
15.7	0.0362595
15.705	0.072519
15.71	0.072519
15.715	0.072519
15.72	0.0362595
15.725	0.0362595
15.73	0
15.735	-0.072519
15.74	-0.072519
15.745	-0.072519
15.75	-0.072519
15.755	-0.072519
15.76	0
15.765	0
15.77	0
15.775	0.0362595
15.78	0.0362595
15.785	0.0362595
15.79	0.0362595
15.795	0.0362595
15.8	0.0362595
15.805	0.0362595
15.81	0.0362595
15.815	0.0362595
15.82	0.0362595
15.825	0.0362595
15.83	0.0362595
15.835	0.0362595
15.84	0.0362595
15.845	0.0362595
15.85	0.0362595
15.855	0.0362595
15.86	0.0362595
15.865	0
15.87	0
15.875	0
15.88	0
15.885	0
15.89	0
15.895	0
15.9	0
15.905	0
15.91	0
15.915	0
15.92	0
15.925	0
15.93	0
15.935	0
15.94	0
15.945	0.0362595
15.95	0.0362595
15.955	0.0362595
15.96	0.072519
15.965	0.0362595
15.97	0.0362595
15.975	0.0362595
15.98	0
15.985	0
15.99	0
15.995	0.0362595
16	0.0362595
16.005	0.072519
16.01	0.072519
16.015	0.145038
16.02	0.072519
16.025	0.072519
16.03	0
16.035	-0.072519
16.04	-0.1087785
16.045	-0.1087785
16.05	-0.1812975
16.055	-0.1087785
16.06	-0.1087785
16.065	-0.072519
16.07	0
16.075	0.072519
16.08	0.145038
16.085	0.145038
16.09	0.1812975
16.095	0.1812975
16.1	0.145038
16.105	0.145038
16.11	0.072519
16.115	0
16.12	-0.072519
16.125	-0.1087785
16.13	-0.1812975
16.135	-0.217557
16.14	-0.217557
16.145	-0.1812975
16.15	-0.1812975
16.155	-0.072519
16.16	0
16.165	0.072519
16.17	0.145038
16.175	0.1812975
16.18	0.2538165
16.185	0.2538165
16.19	0.1812975
16.195	0.145038
16.2	0.072519
16.205	0
16.21	-0.072519
16.215	-0.1087785
16.22	-0.1812975
16.225	-0.1812975
16.23	-0.1087785
16.235	-0.072519
16.24	0
16.245	0.072519
16.25	0.145038
16.255	0.1812975
16.26	0.2538165
16.265	0.2538165
16.27	0.1812975
16.275	0.145038
16.28	0.072519
16.285	0
16.29	-0.072519
16.295	-0.1087785
16.3	-0.1087785
16.305	-0.1087785
16.31	-0.072519
16.315	0
16.32	0.0362595
16.325	0.0362595
16.33	0.072519
16.335	0.072519
16.34	0.072519
16.345	0.0362595
16.35	-0.072519
16.355	-0.1087785
16.36	-0.1812975
16.365	-0.217557
16.37	-0.2538165
16.375	-0.217557
16.38	-0.217557
16.385	-0.1087785
16.39	-0.072519
16.395	0.0362595
16.4	0.072519
16.405	0.145038
16.41	0.145038
16.415	0.145038
16.42	0.145038
16.425	0.072519
16.43	0
16.435	-0.1087785
16.44	-0.1812975
16.445	-0.217557
16.45	-0.2538165
16.455	-0.2538165
16.46	-0.217557
16.465	-0.1812975
16.47	-0.1087785
16.475	0
16.48	0.072519
16.485	0.145038
16.49	0.145038
16.495	0.1812975
16.5	0.145038
16.505	0.145038
16.51	0.072519
16.515	0.0362595
16.52	0
16.525	-0.1087785
16.53	-0.1812975
16.535	-0.1812975
16.54	-0.217557
16.545	-0.1812975
16.55	-0.1812975
16.555	-0.1087785
16.56	0
16.565	0.0362595
16.57	0.0362595
16.575	0.072519
16.58	0.145038
16.585	0.145038
16.59	0.145038
16.595	0.145038
16.6	0.072519
16.605	0.0362595
16.61	0
16.615	-0.072519
16.62	-0.1087785
16.625	-0.1812975
16.63	-0.1812975
16.635	-0.1812975
16.64	-0.1812975
16.645	-0.1812975
16.65	-0.1087785
16.655	-0.1087785
16.66	-0.072519
16.665	-0.072519
16.67	-0.072519
16.675	-0.072519
16.68	-0.072519
16.685	-0.072519
16.69	-0.072519
16.695	-0.072519
16.7	-0.072519
16.705	-0.1087785
16.71	-0.1087785
16.715	-0.1087785
16.72	-0.1087785
16.725	-0.1087785
16.73	-0.1087785
16.735	-0.072519
16.74	-0.072519
16.745	-0.072519
16.75	0
16.755	0
16.76	0
16.765	0
16.77	0
16.775	0
16.78	-0.072519
16.785	-0.072519
16.79	-0.1087785
16.795	-0.1087785
16.8	-0.1812975
16.805	-0.1812975
16.81	-0.1812975
16.815	-0.1812975
16.82	-0.1812975
16.825	-0.1812975
16.83	-0.1812975
16.835	-0.1812975
16.84	-0.1087785
16.845	-0.1087785
16.85	-0.1087785
16.855	-0.1087785
16.86	-0.072519
16.865	-0.072519
16.87	0
16.875	0
16.88	0.0362595
16.885	0.0362595
16.89	0
16.895	0
16.9	-0.072519
16.905	-0.1087785
16.91	-0.1812975
16.915	-0.217557
16.92	-0.217557
16.925	-0.217557
16.93	-0.1812975
16.935	-0.1087785
16.94	-0.072519
16.945	0.0362595
16.95	0.0362595
16.955	0.072519
16.96	0.072519
16.965	0.0362595
16.97	0
16.975	-0.072519
16.98	-0.1087785
16.985	-0.1812975
16.99	-0.2538165
16.995	-0.2538165
17	-0.3263355
17.005	-0.3263355
17.01	-0.3263355
17.015	-0.2538165
17.02	-0.217557
17.025	-0.1812975
17.03	-0.1812975
17.035	-0.1087785
