Label: 
0
Label: Event: NEAR-PROBE_SS_15_2014-07-02_A1
-2.96	0
-2.955	0
-2.95	0
-2.945	0
-2.94	0
-2.935	0
-2.93	0
-2.925	-0.0362595
-2.92	-0.0362595
-2.915	-0.0362595
-2.91	-0.0362595
-2.905	-0.0362595
-2.9	-0.0362595
-2.895	-0.0362595
-2.89	-0.0362595
-2.885	-0.0362595
-2.88	0
-2.875	0
-2.87	0
-2.865	0
-2.86	0
-2.855	0
-2.85	0
-2.845	0
-2.84	0
-2.835	0
-2.83	0
-2.825	0
-2.82	0
-2.815	-0.0362595
-2.81	-0.0362595
-2.805	-0.0362595
-2.8	-0.0362595
-2.795	-0.0362595
-2.79	-0.0362595
-2.785	-0.0362595
-2.78	-0.0362595
-2.775	-0.0362595
-2.77	-0.0362595
-2.765	-0.0362595
-2.76	-0.0362595
-2.755	-0.0362595
-2.75	0
-2.745	0
-2.74	-0.0362595
-2.735	-0.0362595
-2.73	-0.0362595
-2.725	-0.0362595
-2.72	-0.0362595
-2.715	-0.0362595
-2.71	-0.0362595
-2.705	-0.0362595
-2.7	-0.0362595
-2.695	0
-2.69	0
-2.685	0
-2.68	0
-2.675	-0.0362595
-2.67	-0.0362595
-2.665	-0.0362595
-2.66	-0.0362595
-2.655	-0.0362595
-2.65	-0.0362595
-2.645	-0.0362595
-2.64	-0.0362595
-2.635	-0.0362595
-2.63	-0.0362595
-2.625	-0.0362595
-2.62	-0.0362595
-2.615	-0.0362595
-2.61	-0.0362595
-2.605	0
-2.6	-0.0362595
-2.595	0
-2.59	-0.0362595
-2.585	-0.0362595
-2.58	-0.0362595
-2.575	-0.0362595
-2.57	-0.0362595
-2.565	-0.0362595
-2.56	-0.0362595
-2.555	-0.0362595
-2.55	0
-2.545	0
-2.54	-0.0362595
-2.535	-0.0362595
-2.53	-0.0362595
-2.525	-0.0362595
-2.52	-0.0362595
-2.515	-0.0362595
-2.51	-0.0362595
-2.505	-0.0362595
-2.5	-0.0362595
-2.495	0
-2.49	0
-2.485	-0.0362595
-2.48	0
-2.475	0
-2.47	0
-2.465	-0.0362595
-2.46	-0.0362595
-2.455	-0.0362595
-2.45	-0.0362595
-2.445	-0.0362595
-2.44	-0.0362595
-2.435	-0.0362595
-2.43	-0.0362595
-2.425	-0.0362595
-2.42	-0.0362595
-2.415	-0.0362595
-2.41	-0.0362595
-2.405	0
-2.4	-0.0362595
-2.395	0
-2.39	0
-2.385	0
-2.38	0
-2.375	0
-2.37	-0.0362595
-2.365	-0.0362595
-2.36	-0.0362595
-2.355	-0.0362595
-2.35	-0.0362595
-2.345	-0.0362595
-2.34	-0.0362595
-2.335	-0.0362595
-2.33	-0.0362595
-2.325	0
-2.32	0
-2.315	0
-2.31	0
-2.305	0
-2.3	0
-2.295	0
-2.29	0
-2.285	0
-2.28	0
-2.275	-0.0362595
-2.27	-0.0362595
-2.265	-0.0362595
-2.26	-0.0362595
-2.255	-0.0362595
-2.25	-0.0362595
-2.245	-0.0362595
-2.24	-0.0362595
-2.235	-0.0362595
-2.23	0
-2.225	0
-2.22	0
-2.215	0
-2.21	0
-2.205	0
-2.2	0
-2.195	0
-2.19	-0.0362595
-2.185	-0.0362595
-2.18	-0.0362595
-2.175	-0.0362595
-2.17	-0.0362595
-2.165	-0.0362595
-2.16	-0.0362595
-2.155	-0.0362595
-2.15	0
-2.145	0
-2.14	0
-2.135	0
-2.13	-0.0362595
-2.125	-0.0362595
-2.12	-0.0362595
-2.115	-0.0362595
-2.11	-0.0362595
-2.105	-0.0362595
-2.1	-0.0362595
-2.095	-0.0362595
-2.09	-0.0362595
-2.085	-0.0362595
-2.08	-0.0362595
-2.075	0
-2.07	-0.0362595
-2.065	-0.0362595
-2.06	-0.0362595
-2.055	-0.0362595
-2.05	-0.0362595
-2.045	-0.0362595
-2.04	-0.0362595
-2.035	-0.0362595
-2.03	-0.0362595
-2.025	-0.0362595
-2.02	-0.0362595
-2.015	-0.0362595
-2.01	-0.0362595
-2.005	-0.0362595
-2	-0.0362595
-1.995	-0.0362595
-1.99	-0.0362595
-1.985	-0.0362595
-1.98	-0.0362595
-1.975	-0.0362595
-1.97	-0.0362595
-1.965	-0.0362595
-1.96	-0.0362595
-1.955	-0.0362595
-1.95	-0.0362595
-1.945	-0.0362595
-1.94	-0.0362595
-1.935	-0.0362595
-1.93	-0.0362595
-1.925	-0.0362595
-1.92	-0.0362595
-1.915	-0.0362595
-1.91	-0.0362595
-1.905	-0.0362595
-1.9	-0.0362595
-1.895	-0.0362595
-1.89	-0.0362595
-1.885	-0.0362595
-1.88	-0.0362595
-1.875	-0.0362595
-1.87	-0.0362595
-1.865	-0.0362595
-1.86	-0.0362595
-1.855	-0.0362595
-1.85	-0.0362595
-1.845	0
-1.84	0
-1.835	-0.0362595
-1.83	-0.0362595
-1.825	-0.0362595
-1.82	-0.0362595
-1.815	-0.0362595
-1.81	-0.0362595
-1.805	-0.0362595
-1.8	-0.0362595
-1.795	-0.0362595
-1.79	-0.0362595
-1.785	-0.0362595
-1.78	-0.0362595
-1.775	0
-1.77	0
-1.765	0
-1.76	0
-1.755	0
-1.75	0
-1.745	0
-1.74	0
-1.735	0
-1.73	-0.0362595
-1.725	-0.0362595
-1.72	-0.0362595
-1.715	0
-1.71	0
-1.705	0
-1.7	-0.0362595
-1.695	-0.0362595
-1.69	-0.0362595
-1.685	-0.0362595
-1.68	-0.0362595
-1.675	-0.0362595
-1.67	0
-1.665	0
-1.66	0
-1.655	0
-1.65	0
-1.645	0
-1.64	0
-1.635	0
-1.63	-0.0362595
-1.625	-0.0362595
-1.62	-0.0362595
-1.615	-0.0362595
-1.61	-0.0362595
-1.605	-0.0362595
-1.6	-0.0362595
-1.595	0
-1.59	0
-1.585	0
-1.58	-0.0362595
-1.575	0
-1.57	-0.0362595
-1.565	-0.0362595
-1.56	-0.0362595
-1.555	-0.0362595
-1.55	-0.0362595
-1.545	-0.0362595
-1.54	-0.0362595
-1.535	-0.0362595
-1.53	-0.0362595
-1.525	-0.0362595
-1.52	-0.0362595
-1.515	0
-1.51	0
-1.505	0
-1.5	0
-1.495	-0.0362595
-1.49	-0.0362595
-1.485	-0.0362595
-1.48	-0.0362595
-1.475	-0.0362595
-1.47	-0.0362595
-1.465	-0.0362595
-1.46	-0.0362595
-1.455	0
-1.45	0
-1.445	0
-1.44	0
-1.435	0
-1.43	0
-1.425	-0.0362595
-1.42	-0.0362595
-1.415	-0.0362595
-1.41	-0.0362595
-1.405	-0.0362595
-1.4	-0.0362595
-1.395	-0.0362595
-1.39	-0.0362595
-1.385	0
-1.38	0
-1.375	0
-1.37	-0.0362595
-1.365	-0.0362595
-1.36	-0.0362595
-1.355	-0.0362595
-1.35	-0.0362595
-1.345	0
-1.34	0
-1.335	-0.0362595
-1.33	-0.0362595
-1.325	-0.0362595
-1.32	-0.0362595
-1.315	-0.0362595
-1.31	-0.0362595
-1.305	0
-1.3	0
-1.295	0
-1.29	0
-1.285	0
-1.28	0
-1.275	-0.0362595
-1.27	-0.0362595
-1.265	0
-1.26	0
-1.255	-0.0362595
-1.25	-0.0362595
-1.245	-0.0362595
-1.24	-0.0362595
-1.235	-0.0362595
-1.23	0
-1.225	0
-1.22	0
-1.215	0
-1.21	0
-1.205	-0.0362595
-1.2	-0.0362595
-1.195	-0.0362595
-1.19	-0.0362595
-1.185	0
-1.18	0
-1.175	0
-1.17	0
-1.165	0
-1.16	0
-1.155	0
-1.15	0
-1.145	0
-1.14	0
-1.135	0
-1.13	0
-1.125	0
-1.12	-0.0362595
-1.115	0
-1.11	-0.0362595
-1.105	-0.0362595
-1.1	0
-1.095	0
-1.09	0
-1.085	0
-1.08	0
-1.075	0
-1.07	0
-1.065	0
-1.06	-0.0362595
-1.055	-0.0362595
-1.05	-0.0362595
-1.045	-0.0362595
-1.04	-0.0362595
-1.035	-0.0362595
-1.03	-0.0362595
-1.025	-0.0362595
-1.02	0
-1.015	0
-1.01	0
-1.005	0
-1	0
-0.995	-0.0362595
-0.99	-0.0362595
-0.985	-0.0362595
-0.98	-0.0362595
-0.975	-0.0362595
-0.97	0
-0.965	0
-0.96	0
-0.955	0
-0.95	0
-0.945	0
-0.94	0
-0.935	0
-0.93	0
-0.925	0
-0.92	0
-0.915	0
-0.91	0
-0.905	-0.0362595
-0.9	0
-0.895	-0.0362595
-0.89	-0.0362595
-0.885	-0.0362595
-0.88	-0.0362595
-0.875	-0.0362595
-0.87	-0.0362595
-0.865	-0.0362595
-0.86	-0.0362595
-0.855	-0.0362595
-0.85	-0.0362595
-0.845	-0.0362595
-0.84	-0.0362595
-0.835	-0.0362595
-0.83	-0.0362595
-0.825	-0.0362595
-0.82	-0.0362595
-0.815	-0.0362595
-0.81	-0.0362595
-0.805	-0.0362595
-0.8	-0.0362595
-0.795	-0.0362595
-0.79	-0.0362595
-0.785	-0.0362595
-0.78	0
-0.775	-0.0362595
-0.77	0
-0.765	0
-0.76	0
-0.755	0
-0.75	0
-0.745	0
-0.74	0
-0.735	0
-0.73	0
-0.725	-0.0362595
-0.72	-0.0362595
-0.715	-0.0362595
-0.71	0
-0.705	0
-0.7	0
-0.695	0
-0.69	0
-0.685	-0.0362595
-0.68	-0.0362595
-0.675	-0.0362595
-0.67	-0.0362595
-0.665	-0.0362595
-0.66	-0.0362595
-0.655	-0.0362595
-0.65	-0.0362595
-0.645	-0.0362595
-0.64	-0.0362595
-0.635	-0.0362595
-0.63	-0.0362595
-0.625	-0.0362595
-0.62	-0.0362595
-0.615	0
-0.61	0
-0.605	-0.0362595
-0.6	-0.0362595
-0.595	0
-0.59	0
-0.585	0
-0.58	0
-0.575	-0.0362595
-0.57	-0.0362595
-0.565	-0.0362595
-0.56	-0.0362595
-0.555	-0.0362595
-0.55	-0.0362595
-0.545	-0.0362595
-0.54	-0.0362595
-0.535	-0.0362595
-0.53	-0.0362595
-0.525	-0.0362595
-0.52	-0.0362595
-0.515	-0.0362595
-0.51	-0.0362595
-0.505	-0.0362595
-0.5	-0.0362595
-0.495	-0.0362595
-0.49	-0.0362595
-0.485	-0.0362595
-0.48	-0.0362595
-0.475	-0.0362595
-0.47	-0.0362595
-0.465	-0.0362595
-0.46	-0.0362595
-0.455	-0.0362595
-0.45	0
-0.445	-0.0362595
-0.44	0
-0.435	-0.0362595
-0.43	-0.0362595
-0.425	-0.0362595
-0.42	0
-0.415	-0.0362595
-0.41	-0.0362595
-0.405	-0.0362595
-0.4	-0.0362595
-0.395	-0.0362595
-0.39	-0.0362595
-0.385	-0.0362595
-0.38	0
-0.375	0
-0.37	-0.0362595
-0.365	-0.0362595
-0.36	-0.0362595
-0.355	-0.0362595
-0.35	-0.0362595
-0.345	-0.0362595
-0.34	-0.0362595
-0.335	-0.0362595
-0.33	-0.0362595
-0.325	0
-0.32	0
-0.315	-0.0362595
-0.31	0
-0.305	0
-0.3	0
-0.295	0
-0.29	0
-0.285	0
-0.28	-0.0362595
-0.275	-0.0362595
-0.27	-0.0362595
-0.265	-0.0362595
-0.26	-0.0362595
-0.255	-0.0362595
-0.25	-0.0362595
-0.245	0
-0.24	-0.0362595
-0.235	-0.0362595
-0.23	-0.0362595
-0.225	0
-0.22	-0.0362595
-0.215	-0.0362595
-0.21	-0.0362595
-0.205	-0.0362595
-0.2	-0.0362595
-0.195	-0.0362595
-0.19	-0.0362595
-0.185	-0.0362595
-0.18	-0.0362595
-0.175	-0.0362595
-0.17	-0.0362595
-0.165	-0.0362595
-0.16	-0.0362595
-0.155	-0.0362595
-0.15	-0.0362595
-0.145	0
-0.14	0
-0.135	0
-0.13	0
-0.125	-0.0362595
-0.12	-0.0362595
-0.115	-0.0362595
-0.11	-0.0362595
-0.105	0.1087785
-0.1	0.435114
-0.095	1.160304
-0.09	2.0667915
-0.085	3.0095385
-0.08	4.133583
-0.075	5.148849
-0.07	5.80152
-0.065	6.3454125
-0.06	6.8530455
-0.055	6.9980835
-0.05	6.9980835
-0.045	7.0706025
-0.04	6.889305
-0.035	6.7080075
-0.03	6.4904505
-0.025	6.3454125
-0.02	6.0553365
-0.015	5.80152
-0.01	5.5477035
-0.005	5.3301465
0	5.0400705
0.005	4.786254
0.01	4.641216
0.015	4.423659
0.02	4.2423615
0.025	4.0248045
0.03	3.8797665
0.035	3.6622095
0.04	3.480912
0.045	3.3721335
0.05	3.263355
0.055	3.263355
0.06	3.2270955
0.065	3.2270955
0.07	3.2270955
0.075	3.2270955
0.08	3.190836
0.085	3.118317
0.09	3.0095385
0.095	2.828241
0.1	2.5744245
0.105	2.320608
0.11	2.103051
0.115	1.9217535
0.12	1.7767155
0.125	1.7041965
0.13	1.7767155
0.135	1.8492345
0.14	2.030532
0.145	2.2118295
0.15	2.465646
0.155	2.683203
0.16	2.8645005
0.165	2.973279
0.17	2.973279
0.175	2.9370195
0.18	2.755722
0.185	2.5019055
0.19	2.2843485
0.195	2.030532
0.2	1.812975
0.205	1.595418
0.21	1.5591585
0.215	1.522899
0.22	1.5591585
0.225	1.667937
0.23	1.7767155
0.235	1.9217535
0.24	2.0667915
0.245	2.17557
0.25	2.2118295
0.255	2.2118295
0.26	2.2118295
0.265	2.17557
0.27	2.17557
0.275	2.17557
0.28	2.17557
0.285	2.2843485
0.29	2.3568675
0.295	2.5744245
0.3	2.7194625
0.305	2.9370195
0.31	3.0095385
0.315	3.0095385
0.32	3.0095385
0.325	2.828241
0.33	2.5744245
0.335	2.320608
0.34	2.0667915
0.345	1.8492345
0.35	1.7767155
0.355	1.7767155
0.36	1.812975
0.365	2.030532
0.37	2.17557
0.375	2.3568675
0.38	2.5744245
0.385	2.755722
0.39	2.8645005
0.395	2.8645005
0.4	2.828241
0.405	2.683203
0.41	2.5019055
0.415	2.4293865
0.42	2.320608
0.425	2.2843485
0.43	2.2843485
0.435	2.320608
0.44	2.3568675
0.445	2.4293865
0.45	2.5019055
0.455	2.5019055
0.46	2.5019055
0.465	2.5019055
0.47	2.4293865
0.475	2.320608
0.48	2.2118295
0.485	2.103051
0.49	2.0667915
0.495	2.030532
0.5	2.0667915
0.505	2.103051
0.51	2.2843485
0.515	2.3568675
0.52	2.465646
0.525	2.5744245
0.53	2.5744245
0.535	2.5744245
0.54	2.465646
0.545	2.3568675
0.55	2.2118295
0.555	2.0667915
0.56	1.958013
0.565	1.8492345
0.57	1.812975
0.575	1.8492345
0.58	1.9217535
0.585	1.958013
0.59	2.0667915
0.595	2.17557
0.6	2.2118295
0.605	2.2843485
0.61	2.2843485
0.615	2.2843485
0.62	2.17557
0.625	2.0667915
0.63	1.958013
0.635	1.8492345
0.64	1.812975
0.645	1.7767155
0.65	1.7041965
0.655	1.7767155
0.66	1.812975
0.665	1.8492345
0.67	1.958013
0.675	2.030532
0.68	2.0667915
0.685	2.103051
0.69	2.103051
0.695	2.0667915
0.7	2.0667915
0.705	2.030532
0.71	1.958013
0.715	1.8492345
0.72	1.812975
0.725	1.7767155
0.73	1.7767155
0.735	1.7041965
0.74	1.7767155
0.745	1.7767155
0.75	1.812975
0.755	1.8492345
0.76	1.8492345
0.765	1.8492345
0.77	1.9217535
0.775	1.8492345
0.78	1.812975
0.785	1.7767155
0.79	1.7041965
0.795	1.667937
0.8	1.595418
0.805	1.5591585
0.81	1.5591585
0.815	1.5591585
0.82	1.5591585
0.825	1.595418
0.83	1.667937
0.835	1.7041965
0.84	1.7041965
0.845	1.7767155
0.85	1.7767155
0.855	1.7767155
0.86	1.7041965
0.865	1.667937
0.87	1.5591585
0.875	1.522899
0.88	1.4141205
0.885	1.3416015
0.89	1.305342
0.895	1.305342
0.9	1.305342
0.905	1.305342
0.91	1.305342
0.915	1.3416015
0.92	1.4141205
0.925	1.4141205
0.93	1.4141205
0.935	1.4141205
0.94	1.4141205
0.945	1.3416015
0.95	1.305342
0.955	1.2690825
0.96	1.1965635
0.965	1.1965635
0.97	1.160304
0.975	1.160304
0.98	1.160304
0.985	1.160304
0.99	1.1965635
0.995	1.1965635
1	1.2690825
1.005	1.2690825
1.01	1.2690825
1.015	1.1965635
1.02	1.1965635
1.025	1.160304
1.03	1.1240445
1.035	1.0515255
1.04	1.0515255
1.045	1.015266
1.05	1.015266
1.055	1.015266
1.06	1.015266
1.065	1.015266
1.07	1.0515255
1.075	1.0515255
1.08	1.0515255
1.085	1.0515255
1.09	1.0515255
1.095	1.0515255
1.1	1.015266
1.105	1.015266
1.11	0.942747
1.115	0.9064875
1.12	0.9064875
1.125	0.870228
1.13	0.797709
1.135	0.797709
1.14	0.797709
1.145	0.797709
1.15	0.797709
1.155	0.797709
1.16	0.797709
1.165	0.797709
1.17	0.797709
1.175	0.797709
1.18	0.797709
1.185	0.797709
1.19	0.7614495
1.195	0.6889305
1.2	0.6889305
1.205	0.652671
1.21	0.652671
1.215	0.652671
1.22	0.652671
1.225	0.6889305
1.23	0.6889305
1.235	0.6889305
1.24	0.652671
1.245	0.652671
1.25	0.652671
1.255	0.6164115
1.26	0.6164115
1.265	0.6164115
1.27	0.6164115
1.275	0.6164115
1.28	0.6164115
1.285	0.6164115
1.29	0.6164115
1.295	0.6164115
1.3	0.6164115
1.305	0.6164115
1.31	0.6164115
1.315	0.6164115
1.32	0.5438925
1.325	0.5438925
1.33	0.507633
1.335	0.435114
1.34	0.435114
1.345	0.3988545
1.35	0.3988545
1.355	0.362595
1.36	0.362595
1.365	0.362595
1.37	0.362595
1.375	0.362595
1.38	0.362595
1.385	0.3988545
1.39	0.3988545
1.395	0.3988545
1.4	0.3988545
1.405	0.435114
1.41	0.3988545
1.415	0.362595
1.42	0.290076
1.425	0.2538165
1.43	0.217557
1.435	0.145038
1.44	0.1087785
1.445	0.1087785
1.45	0.1087785
1.455	0.1087785
1.46	0.1087785
1.465	0.217557
1.47	0.2538165
1.475	0.290076
1.48	0.362595
1.485	0.435114
1.49	0.435114
1.495	0.435114
1.5	0.435114
1.505	0.3988545
1.51	0.290076
1.515	0.217557
1.52	0.1087785
1.525	0.0362595
1.53	0
1.535	0
1.54	0
1.545	0
1.55	0.0362595
1.555	0.1087785
1.56	0.145038
1.565	0.145038
1.57	0.217557
1.575	0.217557
1.58	0.145038
1.585	0.1087785
1.59	0.0362595
1.595	0
1.6	-0.0362595
1.605	-0.1087785
1.61	-0.1087785
1.615	-0.1087785
1.62	-0.1087785
1.625	-0.0362595
1.63	0
1.635	0.0362595
1.64	0.1087785
1.645	0.1087785
1.65	0.1087785
1.655	0.0362595
1.66	0
1.665	-0.0362595
1.67	-0.0362595
1.675	-0.1087785
1.68	-0.145038
1.685	-0.217557
1.69	-0.145038
1.695	-0.145038
1.7	-0.1087785
1.705	-0.0362595
1.71	-0.0362595
1.715	-0.0362595
1.72	0
1.725	-0.0362595
1.73	-0.0362595
1.735	-0.1087785
1.74	-0.145038
1.745	-0.217557
1.75	-0.217557
1.755	-0.2538165
1.76	-0.2538165
1.765	-0.2538165
1.77	-0.2538165
1.775	-0.2538165
1.78	-0.2538165
1.785	-0.2538165
1.79	-0.217557
1.795	-0.217557
1.8	-0.217557
1.805	-0.217557
1.81	-0.217557
1.815	-0.217557
1.82	-0.217557
1.825	-0.217557
1.83	-0.2538165
1.835	-0.2538165
1.84	-0.2538165
1.845	-0.2538165
1.85	-0.2538165
1.855	-0.2538165
1.86	-0.2538165
1.865	-0.1087785
1.87	0.217557
1.875	0.7614495
1.88	1.4141205
1.885	2.2118295
1.89	3.0820575
1.895	3.843507
1.9	4.278621
1.905	4.6774755
1.91	4.931292
1.915	5.148849
1.92	5.148849
1.925	5.0400705
1.93	4.7499945
1.935	4.423659
1.94	4.133583
1.945	3.8797665
1.95	3.770988
1.955	3.843507
1.96	3.916026
1.965	4.0248045
1.97	4.0973235
1.975	4.0248045
1.98	3.8797665
1.985	3.5896905
1.99	3.263355
1.995	2.8645005
2	2.5744245
2.005	2.2843485
2.01	2.0667915
2.015	1.9217535
2.02	1.958013
2.025	2.0667915
2.03	2.2118295
2.035	2.4293865
2.04	2.610684
2.045	2.7194625
2.05	2.755722
2.055	2.7194625
2.06	2.610684
2.065	2.4293865
2.07	2.17557
2.075	1.958013
2.08	1.7767155
2.085	1.667937
2.09	1.667937
2.095	1.7041965
2.1	1.812975
2.105	2.030532
2.11	2.17557
2.115	2.2843485
2.12	2.3568675
2.125	2.3568675
2.13	2.2843485
2.135	2.103051
2.14	1.9217535
2.145	1.7041965
2.15	1.522899
2.155	1.3416015
2.16	1.305342
2.165	1.2690825
2.17	1.2690825
2.175	1.305342
2.18	1.3416015
2.185	1.4141205
2.19	1.45038
2.195	1.522899
2.2	1.5591585
2.205	1.595418
2.21	1.595418
2.215	1.595418
2.22	1.595418
2.225	1.667937
2.23	1.667937
2.235	1.667937
2.24	1.667937
2.245	1.667937
2.25	1.667937
2.255	1.667937
2.26	1.595418
2.265	1.595418
2.27	1.595418
2.275	1.595418
2.28	1.667937
2.285	1.7767155
2.29	1.958013
2.295	2.2118295
2.3	2.5744245
2.305	2.8645005
2.31	3.190836
2.315	3.335874
2.32	3.335874
2.325	3.190836
2.33	2.8645005
2.335	2.5744245
2.34	2.2843485
2.345	2.030532
2.35	1.812975
2.355	1.667937
2.36	1.667937
2.365	1.667937
2.37	1.7767155
2.375	1.8492345
2.38	1.958013
2.385	2.0667915
2.39	2.17557
2.395	2.2118295
2.4	2.2118295
2.405	2.2118295
2.41	2.17557
2.415	2.0667915
2.42	1.958013
2.425	1.8492345
2.43	1.812975
2.435	1.7767155
2.44	1.7041965
2.445	1.7041965
2.45	1.7041965
2.455	1.7041965
2.46	1.7041965
2.465	1.7041965
2.47	1.7041965
2.475	1.7041965
2.48	1.7767155
2.485	1.7767155
2.49	1.7767155
2.495	1.7767155
2.5	1.7767155
2.505	1.7767155
2.51	1.812975
2.515	1.8492345
2.52	1.958013
2.525	2.0667915
2.53	2.17557
2.535	2.2843485
2.54	2.320608
2.545	2.2843485
2.55	2.17557
2.555	2.0667915
2.56	1.8492345
2.565	1.667937
2.57	1.522899
2.575	1.3416015
2.58	1.305342
2.585	1.305342
2.59	1.3416015
2.595	1.45038
2.6	1.522899
2.605	1.595418
2.61	1.667937
2.615	1.7041965
2.62	1.7041965
2.625	1.667937
2.63	1.595418
2.635	1.522899
2.64	1.4141205
2.645	1.305342
2.65	1.1965635
2.655	1.1240445
2.66	1.015266
2.665	1.015266
2.67	1.015266
2.675	1.0515255
2.68	1.160304
2.685	1.2690825
2.69	1.305342
2.695	1.4141205
2.7	1.45038
2.705	1.4141205
2.71	1.3416015
2.715	1.305342
2.72	1.160304
2.725	1.0515255
2.73	1.015266
2.735	0.9064875
2.74	0.9064875
2.745	0.9064875
2.75	0.9064875
2.755	0.942747
2.76	1.015266
2.765	1.0515255
2.77	1.1240445
2.775	1.1240445
2.78	1.1240445
2.785	1.0515255
2.79	1.015266
2.795	0.9064875
2.8	0.9064875
2.805	0.870228
2.81	0.9064875
2.815	0.942747
2.82	1.015266
2.825	1.1240445
2.83	1.160304
2.835	1.1965635
2.84	1.2690825
2.845	1.2690825
2.85	1.1965635
2.855	1.1240445
2.86	1.0515255
2.865	0.942747
2.87	0.9064875
2.875	0.9064875
2.88	0.9064875
2.885	0.9064875
2.89	1.015266
2.895	1.0515255
2.9	1.1240445
2.905	1.160304
2.91	1.1965635
2.915	1.160304
2.92	1.160304
2.925	1.0515255
2.93	1.015266
2.935	0.9064875
2.94	0.870228
2.945	0.797709
2.95	0.797709
2.955	0.870228
2.96	0.9064875
2.965	0.942747
2.97	1.015266
2.975	1.0515255
2.98	1.0515255
2.985	1.0515255
2.99	1.0515255
2.995	1.015266
3	1.015266
3.005	1.015266
3.01	1.015266
3.015	1.015266
3.02	1.015266
3.025	1.015266
3.03	1.015266
3.035	0.942747
3.04	0.9064875
3.045	0.870228
3.05	0.797709
3.055	0.7614495
3.06	0.6889305
3.065	0.6889305
3.07	0.7614495
3.075	0.797709
3.08	0.870228
3.085	0.9064875
3.09	0.942747
3.095	0.942747
3.1	0.9064875
3.105	0.870228
3.11	0.7614495
3.115	0.652671
3.12	0.5438925
3.125	0.507633
3.13	0.435114
3.135	0.435114
3.14	0.507633
3.145	0.5438925
3.15	0.652671
3.155	0.6889305
3.16	0.7614495
3.165	0.6889305
3.17	0.6889305
3.175	0.652671
3.18	0.5438925
3.185	0.507633
3.19	0.3988545
3.195	0.362595
3.2	0.290076
3.205	0.290076
3.21	0.290076
3.215	0.290076
3.22	0.3988545
3.225	0.507633
3.23	0.6164115
3.235	0.6889305
3.24	0.797709
3.245	0.870228
3.25	0.870228
3.255	0.870228
3.26	0.797709
3.265	0.6889305
3.27	0.5438925
3.275	0.435114
3.28	0.362595
3.285	0.290076
3.29	0.290076
3.295	0.362595
3.3	0.435114
3.305	0.5438925
3.31	0.6889305
3.315	0.797709
3.32	0.942747
3.325	1.015266
3.33	1.0515255
3.335	1.015266
3.34	0.942747
3.345	0.870228
3.35	0.7614495
3.355	0.652671
3.36	0.5438925
3.365	0.507633
3.37	0.435114
3.375	0.435114
3.38	0.507633
3.385	0.5438925
3.39	0.652671
3.395	0.7614495
3.4	0.797709
3.405	0.797709
3.41	0.797709
3.415	0.7614495
3.42	0.6889305
3.425	0.6164115
3.43	0.507633
3.435	0.3988545
3.44	0.362595
3.445	0.362595
3.45	0.3988545
3.455	0.435114
3.46	0.5438925
3.465	0.652671
3.47	0.6889305
3.475	0.6889305
3.48	0.6889305
3.485	0.652671
3.49	0.6164115
3.495	0.507633
3.5	0.435114
3.505	0.362595
3.51	0.290076
3.515	0.290076
3.52	0.2538165
3.525	0.2538165
3.53	0.290076
3.535	0.290076
3.54	0.3988545
3.545	0.3988545
3.55	0.435114
3.555	0.435114
3.56	0.435114
3.565	0.3988545
3.57	0.3988545
3.575	0.362595
3.58	0.290076
3.585	0.290076
3.59	0.2538165
3.595	0.217557
3.6	0.217557
3.605	0.145038
3.61	0.145038
3.615	0.145038
3.62	0.145038
3.625	0.1087785
3.63	0.0362595
3.635	0
3.64	-0.0362595
3.645	-0.1087785
3.65	-0.145038
3.655	-0.145038
3.66	-0.145038
3.665	-0.145038
3.67	-0.145038
3.675	-0.145038
3.68	-0.1087785
3.685	-0.1087785
3.69	-0.1087785
3.695	-0.1087785
3.7	-0.1087785
3.705	-0.145038
3.71	-0.145038
3.715	-0.145038
3.72	-0.145038
3.725	-0.145038
3.73	-0.145038
3.735	-0.145038
3.74	-0.145038
3.745	-0.217557
3.75	-0.217557
3.755	-0.217557
3.76	-0.217557
3.765	-0.2538165
3.77	-0.2538165
3.775	-0.217557
3.78	-0.217557
3.785	-0.145038
3.79	-0.145038
3.795	-0.1087785
3.8	-0.1087785
3.805	-0.0362595
3.81	-0.1087785
3.815	-0.145038
3.82	-0.217557
3.825	-0.2538165
3.83	-0.290076
3.835	-0.362595
3.84	-0.3988545
3.845	-0.3988545
3.85	-0.4713735
3.855	-0.4713735
3.86	-0.4713735
3.865	-0.3988545
3.87	-0.3988545
3.875	-0.3988545
3.88	-0.3988545
3.885	-0.4713735
3.89	-0.4713735
3.895	-0.507633
3.9	-0.507633
3.905	-0.507633
3.91	-0.507633
3.915	-0.4713735
3.92	-0.3988545
3.925	-0.290076
3.93	-0.2538165
3.935	-0.2538165
3.94	-0.2538165
3.945	-0.2538165
3.95	-0.290076
3.955	-0.362595
3.96	-0.3988545
3.965	-0.507633
3.97	-0.6164115
3.975	-0.652671
3.98	-0.652671
3.985	-0.72519
3.99	-0.652671
3.995	-0.652671
4	-0.6164115
4.005	-0.5438925
4.01	-0.5438925
4.015	-0.507633
4.02	-0.507633
4.025	-0.507633
4.03	-0.507633
4.035	-0.5438925
4.04	-0.6164115
4.045	-0.652671
4.05	-0.72519
4.055	-0.797709
4.06	-0.870228
4.065	-0.9064875
4.07	-0.942747
4.075	-0.942747
4.08	-0.942747
4.085	-0.942747
4.09	-0.942747
4.095	-0.942747
4.1	-0.9064875
4.105	-0.870228
4.11	-0.797709
4.115	-0.72519
4.12	-0.652671
4.125	-0.5438925
4.13	-0.507633
4.135	-0.507633
4.14	-0.5438925
4.145	-0.6164115
4.15	-0.72519
4.155	-0.797709
4.16	-0.9064875
4.165	-1.015266
4.17	-1.015266
4.175	-1.015266
4.18	-1.015266
4.185	-0.942747
4.19	-0.870228
4.195	-0.797709
4.2	-0.7614495
4.205	-0.7614495
4.21	-0.7614495
4.215	-0.797709
4.22	-0.870228
4.225	-0.942747
4.23	-1.015266
4.235	-1.1240445
4.24	-1.160304
4.245	-1.1965635
4.25	-1.1965635
4.255	-1.160304
4.26	-1.0515255
4.265	-1.015266
4.27	-0.9064875
4.275	-0.870228
4.28	-0.797709
4.285	-0.7614495
4.29	-0.7614495
4.295	-0.7614495
4.3	-0.7614495
4.305	-0.72519
4.31	-0.72519
4.315	-0.72519
4.32	-0.652671
4.325	-0.652671
4.33	-0.652671
4.335	-0.652671
4.34	-0.72519
4.345	-0.797709
4.35	-0.9064875
4.355	-1.015266
4.36	-1.1240445
4.365	-1.160304
4.37	-1.160304
4.375	-1.160304
4.38	-1.1240445
4.385	-1.0515255
4.39	-1.015266
4.395	-0.942747
4.4	-0.9064875
4.405	-0.9064875
4.41	-0.9064875
4.415	-1.015266
4.42	-1.0515255
4.425	-1.160304
4.43	-1.2690825
4.435	-1.4141205
4.44	-1.45038
4.445	-1.5591585
4.45	-1.5591585
4.455	-1.5591585
4.46	-1.522899
4.465	-1.4141205
4.47	-1.305342
4.475	-1.1965635
4.48	-1.1240445
4.485	-1.0515255
4.49	-1.0515255
4.495	-1.0515255
4.5	-1.0515255
4.505	-1.1240445
4.51	-1.1965635
4.515	-1.2690825
4.52	-1.2690825
4.525	-1.2690825
4.53	-1.1965635
4.535	-1.1240445
4.54	-1.0515255
4.545	-0.942747
4.55	-0.9064875
4.555	-0.870228
4.56	-0.870228
4.565	-0.9064875
4.57	-1.015266
4.575	-1.1240445
4.58	-1.2690825
4.585	-1.377861
4.59	-1.4141205
4.595	-1.45038
4.6	-1.4141205
4.605	-1.305342
4.61	-1.1965635
4.615	-1.0515255
4.62	-0.942747
4.625	-0.870228
4.63	-0.797709
4.635	-0.797709
4.64	-0.870228
4.645	-0.9064875
4.65	-1.015266
4.655	-1.1240445
4.66	-1.1965635
4.665	-1.305342
4.67	-1.4141205
4.675	-1.4141205
4.68	-1.4141205
4.685	-1.305342
4.69	-1.1965635
4.695	-1.0515255
4.7	-0.9064875
4.705	-0.797709
4.71	-0.72519
4.715	-0.652671
4.72	-0.652671
4.725	-0.72519
4.73	-0.7614495
4.735	-0.870228
4.74	-0.942747
4.745	-1.015266
4.75	-1.1240445
4.755	-1.1240445
4.76	-1.1240445
4.765	-1.0515255
4.77	-0.942747
4.775	-0.870228
4.78	-0.72519
4.785	-0.6164115
4.79	-0.5438925
4.795	-0.507633
4.8	-0.5438925
4.805	-0.6164115
4.81	-0.72519
4.815	-0.7614495
4.82	-0.870228
4.825	-0.942747
4.83	-1.015266
4.835	-1.015266
4.84	-0.942747
4.845	-0.9064875
4.85	-0.870228
4.855	-0.7614495
4.86	-0.652671
4.865	-0.652671
4.87	-0.652671
4.875	-0.72519
4.88	-0.797709
4.885	-0.9064875
4.89	-1.0515255
4.895	-1.160304
4.9	-1.2690825
4.905	-1.2690825
4.91	-1.305342
4.915	-1.2690825
4.92	-1.1965635
4.925	-1.1240445
4.93	-1.0515255
4.935	-1.015266
4.94	-0.942747
4.945	-0.9064875
4.95	-0.9064875
4.955	-0.942747
4.96	-1.015266
4.965	-1.1240445
4.97	-1.160304
4.975	-1.2690825
4.98	-1.305342
4.985	-1.377861
4.99	-1.377861
4.995	-1.377861
5	-1.305342
5.005	-1.1965635
5.01	-1.1240445
5.015	-1.0515255
5.02	-0.942747
5.025	-0.9064875
5.03	-0.870228
5.035	-0.870228
5.04	-0.9064875
5.045	-1.015266
5.05	-1.1240445
5.055	-1.160304
5.06	-1.2690825
5.065	-1.377861
5.07	-1.377861
5.075	-1.377861
5.08	-1.377861
5.085	-1.2690825
5.09	-1.1965635
5.095	-1.160304
5.1	-1.1240445
5.105	-1.0515255
5.11	-1.0515255
5.115	-1.015266
5.12	-1.015266
5.125	-0.942747
5.13	-0.942747
5.135	-1.015266
5.14	-1.015266
5.145	-1.015266
5.15	-1.015266
5.155	-1.015266
5.16	-0.9064875
5.165	-0.797709
5.17	-0.652671
5.175	-0.4713735
5.18	-0.290076
5.185	-0.145038
5.19	-0.0362595
5.195	0.1087785
5.2	0.217557
5.205	0.362595
5.21	0.435114
5.215	0.6164115
5.22	0.6889305
5.225	0.797709
5.23	0.797709
5.235	0.870228
5.24	0.9064875
5.245	0.9064875
5.25	0.870228
5.255	0.797709
5.26	0.7614495
5.265	0.652671
5.27	0.507633
5.275	0.3988545
5.28	0.2538165
5.285	0.145038
5.29	0.0362595
5.295	0
5.3	-0.0362595
5.305	-0.0362595
5.31	-0.0362595
5.315	-0.0362595
5.32	-0.1087785
5.325	-0.145038
5.33	-0.2538165
5.335	-0.3988545
5.34	-0.507633
5.345	-0.6164115
5.35	-0.652671
5.355	-0.652671
5.36	-0.6164115
5.365	-0.507633
5.37	-0.362595
5.375	-0.145038
5.38	0
5.385	0.1087785
5.39	0.1087785
5.395	0
5.4	-0.145038
5.405	-0.362595
5.41	-0.5438925
5.415	-0.72519
5.42	-0.797709
5.425	-0.870228
5.43	-0.797709
5.435	-0.652671
5.44	-0.507633
5.445	-0.290076
5.45	-0.0362595
5.455	0.145038
5.46	0.2538165
5.465	0.362595
5.47	0.290076
5.475	0.145038
5.48	0
5.485	-0.2538165
5.49	-0.4713735
5.495	-0.652671
5.5	-0.797709
5.505	-0.9064875
5.51	-0.9064875
5.515	-0.870228
5.52	-0.7614495
5.525	-0.6164115
5.53	-0.3988545
5.535	-0.2538165
5.54	-0.217557
5.545	-0.145038
5.55	-0.145038
5.555	-0.2538165
5.56	-0.3988545
5.565	-0.5438925
5.57	-0.72519
5.575	-0.870228
5.58	-0.942747
5.585	-1.015266
5.59	-1.0515255
5.595	-1.015266
5.6	-1.015266
5.605	-0.9064875
5.61	-0.797709
5.615	-0.7614495
5.62	-0.652671
5.625	-0.6164115
5.63	-0.6164115
5.635	-0.652671
5.64	-0.72519
5.645	-0.797709
5.65	-0.9064875
5.655	-1.015266
5.66	-1.0515255
5.665	-1.1240445
5.67	-1.0515255
5.675	-1.015266
5.68	-0.9064875
5.685	-0.870228
5.69	-0.797709
5.695	-0.7614495
5.7	-0.797709
5.705	-0.870228
5.71	-0.9064875
5.715	-0.942747
5.72	-1.0515255
5.725	-1.0515255
5.73	-1.0515255
5.735	-1.0515255
5.74	-1.015266
5.745	-0.942747
5.75	-0.942747
5.755	-0.942747
5.76	-0.942747
5.765	-1.015266
5.77	-1.0515255
5.775	-1.1240445
5.78	-1.160304
5.785	-1.160304
5.79	-1.1965635
5.795	-1.160304
5.8	-1.1240445
5.805	-1.0515255
5.81	-0.942747
5.815	-0.870228
5.82	-0.797709
5.825	-0.7614495
5.83	-0.7614495
5.835	-0.7614495
5.84	-0.797709
5.845	-0.870228
5.85	-0.942747
5.855	-1.0515255
5.86	-1.1965635
5.865	-1.305342
5.87	-1.377861
5.875	-1.4141205
5.88	-1.4141205
5.885	-1.377861
5.89	-1.2690825
5.895	-1.1965635
5.9	-1.1240445
5.905	-1.015266
5.91	-0.942747
5.915	-0.942747
5.92	-0.942747
5.925	-1.015266
5.93	-1.1240445
5.935	-1.1965635
5.94	-1.305342
5.945	-1.4141205
5.95	-1.522899
5.955	-1.6316775
5.96	-1.667937
5.965	-1.667937
5.97	-1.6316775
5.975	-1.5591585
5.98	-1.522899
5.985	-1.45038
5.99	-1.4141205
5.995	-1.377861
6	-1.377861
6.005	-1.305342
6.01	-1.305342
6.015	-1.4141205
6.02	-1.45038
6.025	-1.522899
6.03	-1.6316775
6.035	-1.667937
6.04	-1.7041965
6.045	-1.7041965
6.05	-1.667937
6.055	-1.667937
6.06	-1.6316775
6.065	-1.5591585
6.07	-1.45038
6.075	-1.45038
6.08	-1.45038
6.085	-1.45038
6.09	-1.522899
6.095	-1.6316775
6.1	-1.667937
6.105	-1.7767155
6.11	-1.812975
6.115	-1.9217535
6.12	-1.9217535
6.125	-1.9217535
6.13	-1.885494
6.135	-1.812975
6.14	-1.7041965
6.145	-1.5591585
6.15	-1.45038
6.155	-1.305342
6.16	-1.160304
6.165	-1.1240445
6.17	-1.0515255
6.175	-1.1240445
6.18	-1.160304
6.185	-1.2690825
6.19	-1.377861
6.195	-1.45038
6.2	-1.522899
6.205	-1.5591585
6.21	-1.6316775
6.215	-1.6316775
6.22	-1.6316775
6.225	-1.6316775
6.23	-1.5591585
6.235	-1.522899
6.24	-1.45038
6.245	-1.4141205
6.25	-1.377861
6.255	-1.305342
6.26	-1.2690825
6.265	-1.1965635
6.27	-1.1240445
6.275	-1.0515255
6.28	-1.0515255
6.285	-1.0515255
6.29	-1.0515255
6.295	-1.1240445
6.3	-1.160304
6.305	-1.2690825
6.31	-1.377861
6.315	-1.45038
6.32	-1.5591585
6.325	-1.667937
6.33	-1.7041965
6.335	-1.7767155
6.34	-1.812975
6.345	-1.7767155
6.35	-1.7041965
6.355	-1.667937
6.36	-1.5591585
6.365	-1.45038
6.37	-1.377861
6.375	-1.2690825
6.38	-1.1965635
6.385	-1.1965635
6.39	-1.160304
6.395	-1.1965635
6.4	-1.2690825
6.405	-1.2690825
6.41	-1.305342
6.415	-1.377861
6.42	-1.377861
6.425	-1.305342
6.43	-1.1965635
6.435	-1.1240445
6.44	-0.942747
6.445	-0.797709
6.45	-0.72519
6.455	-0.6164115
6.46	-0.6164115
6.465	-0.652671
6.47	-0.7614495
6.475	-0.870228
6.48	-1.015266
6.485	-1.1240445
6.49	-1.160304
6.495	-1.1965635
6.5	-1.1965635
6.505	-1.1965635
6.51	-1.1240445
6.515	-1.0515255
6.52	-0.942747
6.525	-0.870228
6.53	-0.7614495
6.535	-0.72519
6.54	-0.72519
6.545	-0.72519
6.55	-0.7614495
6.555	-0.797709
6.56	-0.870228
6.565	-0.9064875
6.57	-0.9064875
6.575	-0.9064875
6.58	-0.870228
6.585	-0.7614495
6.59	-0.6164115
6.595	-0.507633
6.6	-0.362595
6.605	-0.2538165
6.61	-0.217557
6.615	-0.217557
6.62	-0.217557
6.625	-0.2538165
6.63	-0.362595
6.635	-0.4713735
6.64	-0.5438925
6.645	-0.6164115
6.65	-0.652671
6.655	-0.6164115
6.66	-0.5438925
6.665	-0.4713735
6.67	-0.362595
6.675	-0.2538165
6.68	-0.217557
6.685	-0.2538165
6.69	-0.290076
6.695	-0.3988545
6.7	-0.507633
6.705	-0.6164115
6.71	-0.7614495
6.715	-0.870228
6.72	-0.942747
6.725	-1.0515255
6.73	-1.0515255
6.735	-1.1240445
6.74	-1.0515255
6.745	-1.015266
6.75	-0.942747
6.755	-0.870228
6.76	-0.72519
6.765	-0.6164115
6.77	-0.507633
6.775	-0.4713735
6.78	-0.3988545
6.785	-0.4713735
6.79	-0.5438925
6.795	-0.652671
6.8	-0.797709
6.805	-0.942747
6.81	-1.1240445
6.815	-1.2690825
6.82	-1.305342
6.825	-1.377861
6.83	-1.305342
6.835	-1.2690825
6.84	-1.160304
6.845	-1.0515255
6.85	-0.942747
6.855	-0.870228
6.86	-0.870228
6.865	-0.797709
6.87	-0.797709
6.875	-0.797709
6.88	-0.870228
6.885	-0.9064875
6.89	-1.015266
6.895	-1.160304
6.9	-1.305342
6.905	-1.45038
6.91	-1.6316775
6.915	-1.667937
6.92	-1.667937
6.925	-1.6316775
6.93	-1.522899
6.935	-1.4141205
6.94	-1.1965635
6.945	-1.0515255
6.95	-0.942747
6.955	-0.870228
6.96	-0.7614495
6.965	-0.7614495
6.97	-0.7614495
6.975	-0.797709
6.98	-0.9064875
6.985	-1.015266
6.99	-1.160304
6.995	-1.2690825
7	-1.305342
7.005	-1.377861
7.01	-1.4141205
7.015	-1.4141205
7.02	-1.377861
7.025	-1.305342
7.03	-1.305342
7.035	-1.2690825
7.04	-1.2690825
7.045	-1.305342
7.05	-1.377861
7.055	-1.4141205
7.06	-1.45038
7.065	-1.522899
7.07	-1.5591585
7.075	-1.6316775
7.08	-1.6316775
7.085	-1.6316775
7.09	-1.6316775
7.095	-1.5591585
7.1	-1.522899
7.105	-1.522899
7.11	-1.45038
7.115	-1.377861
7.12	-1.377861
7.125	-1.305342
7.13	-1.305342
7.135	-1.305342
7.14	-1.305342
7.145	-1.377861
7.15	-1.4141205
7.155	-1.45038
7.16	-1.522899
7.165	-1.5591585
7.17	-1.6316775
7.175	-1.667937
7.18	-1.667937
7.185	-1.6316775
7.19	-1.5591585
7.195	-1.4141205
7.2	-1.2690825
7.205	-1.1240445
7.21	-0.942747
7.215	-0.9064875
7.22	-0.870228
7.225	-0.870228
7.23	-0.942747
7.235	-1.1240445
7.24	-1.2690825
7.245	-1.4141205
7.25	-1.5591585
7.255	-1.7041965
7.26	-1.7767155
7.265	-1.7767155
7.27	-1.7767155
7.275	-1.667937
7.28	-1.5591585
7.285	-1.45038
7.29	-1.377861
7.295	-1.2690825
7.3	-1.1965635
7.305	-1.160304
7.31	-1.160304
7.315	-1.1965635
7.32	-1.2690825
7.325	-1.377861
7.33	-1.45038
7.335	-1.522899
7.34	-1.6316775
7.345	-1.6316775
7.35	-1.6316775
7.355	-1.6316775
7.36	-1.5591585
7.365	-1.45038
7.37	-1.4141205
7.375	-1.305342
7.38	-1.305342
7.385	-1.305342
7.39	-1.305342
7.395	-1.377861
7.4	-1.45038
7.405	-1.5591585
7.41	-1.667937
7.415	-1.7767155
7.42	-1.812975
7.425	-1.885494
7.43	-1.885494
7.435	-1.812975
7.44	-1.7767155
7.445	-1.7041965
7.45	-1.6316775
7.455	-1.5591585
7.46	-1.45038
7.465	-1.4141205
7.47	-1.377861
7.475	-1.305342
7.48	-1.305342
7.485	-1.305342
7.49	-1.2690825
7.495	-1.2690825
7.5	-1.2690825
7.505	-1.305342
7.51	-1.305342
7.515	-1.4141205
7.52	-1.45038
7.525	-1.522899
7.53	-1.5591585
7.535	-1.6316775
7.54	-1.6316775
7.545	-1.6316775
7.55	-1.6316775
7.555	-1.5591585
7.56	-1.45038
7.565	-1.4141205
7.57	-1.305342
7.575	-1.1965635
7.58	-1.1240445
7.585	-1.1240445
7.59	-1.1240445
7.595	-1.1240445
7.6	-1.1965635
7.605	-1.2690825
7.61	-1.377861
7.615	-1.377861
7.62	-1.4141205
7.625	-1.4141205
7.63	-1.4141205
7.635	-1.377861
7.64	-1.377861
7.645	-1.305342
7.65	-1.305342
7.655	-1.305342
7.66	-1.305342
7.665	-1.305342
7.67	-1.305342
7.675	-1.2690825
7.68	-1.2690825
7.685	-1.1965635
7.69	-1.1240445
7.695	-1.015266
7.7	-0.942747
7.705	-0.870228
7.71	-0.7614495
7.715	-0.7614495
7.72	-0.7614495
7.725	-0.797709
7.73	-0.9064875
7.735	-1.015266
7.74	-1.1240445
7.745	-1.1965635
7.75	-1.2690825
7.755	-1.2690825
7.76	-1.1965635
7.765	-1.160304
7.77	-1.1240445
7.775	-1.015266
7.78	-0.870228
7.785	-0.7614495
7.79	-0.652671
7.795	-0.5438925
7.8	-0.4713735
7.805	-0.4713735
7.81	-0.507633
7.815	-0.5438925
7.82	-0.7614495
7.825	-0.942747
7.83	-1.160304
7.835	-1.305342
7.84	-1.45038
7.845	-1.522899
7.85	-1.522899
7.855	-1.4141205
7.86	-1.1965635
7.865	-0.942747
7.87	-0.7614495
7.875	-0.5438925
7.88	-0.3988545
7.885	-0.3988545
7.89	-0.4713735
7.895	-0.5438925
7.9	-0.72519
7.905	-0.870228
7.91	-1.015266
7.915	-1.0515255
7.92	-1.0515255
7.925	-1.0515255
7.93	-1.015266
7.935	-0.942747
7.94	-0.870228
7.945	-0.797709
7.95	-0.7614495
7.955	-0.72519
7.96	-0.72519
7.965	-0.7614495
7.97	-0.7614495
7.975	-0.797709
7.98	-0.870228
7.985	-0.9064875
7.99	-0.870228
7.995	-0.870228
8	-0.797709
8.005	-0.7614495
8.01	-0.7614495
8.015	-0.72519
8.02	-0.72519
8.025	-0.7614495
8.03	-0.797709
8.035	-0.9064875
8.04	-1.0515255
8.045	-1.1965635
8.05	-1.305342
8.055	-1.4141205
8.06	-1.4141205
8.065	-1.377861
8.07	-1.2690825
8.075	-1.160304
8.08	-1.015266
8.085	-0.9064875
8.09	-0.797709
8.095	-0.797709
8.1	-0.9064875
8.105	-1.0515255
8.11	-1.1965635
8.115	-1.377861
8.12	-1.522899
8.125	-1.5591585
8.13	-1.6316775
8.135	-1.5591585
8.14	-1.45038
8.145	-1.377861
8.15	-1.160304
8.155	-1.015266
8.16	-0.870228
8.165	-0.7614495
8.17	-0.72519
8.175	-0.7614495
8.18	-0.797709
8.185	-0.9064875
8.19	-1.015266
8.195	-1.1240445
8.2	-1.1965635
8.205	-1.1965635
8.21	-1.160304
8.215	-1.1240445
8.22	-0.942747
8.225	-0.870228
8.23	-0.72519
8.235	-0.6164115
8.24	-0.507633
8.245	-0.4713735
8.25	-0.507633
8.255	-0.5438925
8.26	-0.652671
8.265	-0.7614495
8.27	-0.9064875
8.275	-0.942747
8.28	-1.015266
8.285	-1.015266
8.29	-0.942747
8.295	-0.9064875
8.3	-0.797709
8.305	-0.72519
8.31	-0.5438925
8.315	-0.507633
8.32	-0.507633
8.325	-0.507633
8.33	-0.5438925
8.335	-0.652671
8.34	-0.72519
8.345	-0.72519
8.35	-0.72519
8.355	-0.6164115
8.36	-0.507633
8.365	-0.3988545
8.37	-0.2538165
8.375	-0.217557
8.38	-0.217557
8.385	-0.2538165
8.39	-0.4713735
8.395	-0.652671
8.4	-0.870228
8.405	-1.0515255
8.41	-1.1965635
8.415	-1.2690825
8.42	-1.305342
8.425	-1.2690825
8.43	-1.160304
8.435	-1.015266
8.44	-0.870228
8.445	-0.7614495
8.45	-0.6164115
8.455	-0.5438925
8.46	-0.5438925
8.465	-0.6164115
8.47	-0.652671
8.475	-0.7614495
8.48	-0.870228
8.485	-0.9064875
8.49	-0.942747
8.495	-0.942747
8.5	-0.9064875
8.505	-0.870228
8.51	-0.7614495
8.515	-0.652671
8.52	-0.5438925
8.525	-0.4713735
8.53	-0.3988545
8.535	-0.3988545
8.54	-0.4713735
8.545	-0.507633
8.55	-0.6164115
8.555	-0.652671
8.56	-0.7614495
8.565	-0.870228
8.57	-0.9064875
8.575	-0.9064875
8.58	-0.870228
8.585	-0.797709
8.59	-0.72519
8.595	-0.652671
8.6	-0.5438925
8.605	-0.507633
8.61	-0.507633
8.615	-0.5438925
8.62	-0.6164115
8.625	-0.652671
8.63	-0.7614495
8.635	-0.797709
8.64	-0.797709
8.645	-0.870228
8.65	-0.870228
8.655	-0.797709
8.66	-0.797709
8.665	-0.797709
8.67	-0.797709
8.675	-0.797709
8.68	-0.797709
8.685	-0.7614495
8.69	-0.72519
8.695	-0.652671
8.7	-0.6164115
8.705	-0.5438925
8.71	-0.4713735
8.715	-0.3988545
8.72	-0.3988545
8.725	-0.3988545
8.73	-0.4713735
8.735	-0.5438925
8.74	-0.652671
8.745	-0.7614495
8.75	-0.870228
8.755	-0.942747
8.76	-0.942747
8.765	-0.942747
8.77	-0.942747
8.775	-0.9064875
8.78	-0.870228
8.785	-0.797709
8.79	-0.7614495
8.795	-0.652671
8.8	-0.652671
8.805	-0.652671
8.81	-0.652671
8.815	-0.72519
8.82	-0.7614495
8.825	-0.7614495
8.83	-0.797709
8.835	-0.870228
8.84	-0.870228
8.845	-0.9064875
8.85	-0.942747
8.855	-0.942747
8.86	-1.015266
8.865	-1.015266
8.87	-1.015266
8.875	-1.015266
8.88	-0.942747
8.885	-0.9064875
8.89	-0.870228
8.895	-0.797709
8.9	-0.72519
8.905	-0.72519
8.91	-0.652671
8.915	-0.6164115
8.92	-0.5438925
8.925	-0.507633
8.93	-0.3988545
8.935	-0.362595
8.94	-0.290076
8.945	-0.290076
8.95	-0.362595
8.955	-0.362595
8.96	-0.4713735
8.965	-0.507633
8.97	-0.5438925
8.975	-0.5438925
8.98	-0.5438925
8.985	-0.507633
8.99	-0.4713735
8.995	-0.362595
9	-0.2538165
9.005	-0.217557
9.01	-0.217557
9.015	-0.2538165
9.02	-0.290076
9.025	-0.4713735
9.03	-0.5438925
9.035	-0.72519
9.04	-0.7614495
9.045	-0.797709
9.05	-0.797709
9.055	-0.7614495
9.06	-0.6164115
9.065	-0.4713735
9.07	-0.290076
9.075	-0.217557
9.08	-0.145038
9.085	-0.145038
9.09	-0.2538165
9.095	-0.3988545
9.1	-0.6164115
9.105	-0.7614495
9.11	-0.9064875
9.115	-0.942747
9.12	-1.015266
9.125	-0.9064875
9.13	-0.7614495
9.135	-0.6164115
9.14	-0.362595
9.145	-0.145038
9.15	0
9.155	0.1087785
9.16	0.145038
9.165	0.1087785
9.17	0
9.175	-0.1087785
9.18	-0.2538165
9.185	-0.3988545
9.19	-0.5438925
9.195	-0.6164115
9.2	-0.652671
9.205	-0.652671
9.21	-0.6164115
9.215	-0.5438925
9.22	-0.507633
9.225	-0.3988545
9.23	-0.362595
9.235	-0.2538165
9.24	-0.217557
9.245	-0.145038
9.25	-0.0362595
9.255	0
9.26	0.0362595
9.265	0.145038
9.27	0.217557
9.275	0.217557
9.28	0.217557
9.285	0.145038
9.29	0.1087785
9.295	0
9.3	-0.0362595
9.305	-0.1087785
9.31	-0.145038
9.315	-0.1087785
9.32	-0.0362595
9.325	0.0362595
9.33	0.1087785
9.335	0.217557
9.34	0.290076
9.345	0.362595
9.35	0.3988545
9.355	0.3988545
9.36	0.362595
9.365	0.290076
9.37	0.2538165
9.375	0.2538165
9.38	0.2538165
9.385	0.2538165
9.39	0.2538165
9.395	0.2538165
9.4	0.2538165
9.405	0.2538165
9.41	0.2538165
9.415	0.217557
9.42	0.145038
9.425	0.1087785
9.43	0.0362595
9.435	-0.0362595
9.44	-0.1087785
9.445	-0.217557
9.45	-0.2538165
9.455	-0.290076
9.46	-0.362595
9.465	-0.3988545
9.47	-0.4713735
9.475	-0.5438925
9.48	-0.5438925
9.485	-0.6164115
9.49	-0.5438925
9.495	-0.507633
9.5	-0.3988545
9.505	-0.290076
9.51	-0.217557
9.515	-0.1087785
9.52	0
9.525	0
9.53	0
9.535	0
9.54	-0.1087785
9.545	-0.145038
9.55	-0.2538165
9.555	-0.290076
9.56	-0.290076
9.565	-0.290076
9.57	-0.2538165
9.575	-0.2538165
9.58	-0.217557
9.585	-0.145038
9.59	-0.145038
9.595	-0.217557
9.6	-0.2538165
9.605	-0.290076
9.61	-0.3988545
9.615	-0.4713735
9.62	-0.507633
9.625	-0.507633
9.63	-0.507633
9.635	-0.4713735
9.64	-0.4713735
9.645	-0.3988545
9.65	-0.362595
9.655	-0.362595
9.66	-0.362595
9.665	-0.362595
9.67	-0.362595
9.675	-0.362595
9.68	-0.3988545
9.685	-0.3988545
9.69	-0.3988545
9.695	-0.4713735
9.7	-0.507633
9.705	-0.507633
9.71	-0.5438925
9.715	-0.6164115
9.72	-0.6164115
9.725	-0.6164115
9.73	-0.6164115
9.735	-0.5438925
9.74	-0.5438925
9.745	-0.507633
9.75	-0.507633
9.755	-0.507633
9.76	-0.507633
9.765	-0.5438925
9.77	-0.5438925
9.775	-0.6164115
9.78	-0.6164115
9.785	-0.6164115
9.79	-0.6164115
9.795	-0.652671
9.8	-0.6164115
9.805	-0.6164115
9.81	-0.6164115
9.815	-0.652671
9.82	-0.652671
9.825	-0.652671
9.83	-0.72519
9.835	-0.72519
9.84	-0.7614495
9.845	-0.7614495
9.85	-0.7614495
9.855	-0.7614495
9.86	-0.7614495
9.865	-0.72519
9.87	-0.72519
9.875	-0.652671
9.88	-0.652671
9.885	-0.6164115
9.89	-0.6164115
9.895	-0.5438925
9.9	-0.507633
9.905	-0.4713735
9.91	-0.3988545
9.915	-0.3988545
9.92	-0.3988545
9.925	-0.4713735
9.93	-0.5438925
9.935	-0.72519
9.94	-0.797709
9.945	-0.942747
9.95	-1.015266
9.955	-1.1240445
9.96	-1.1240445
9.965	-1.0515255
9.97	-0.942747
9.975	-0.797709
9.98	-0.652671
9.985	-0.507633
9.99	-0.362595
9.995	-0.290076
10	-0.2538165
10.005	-0.290076
10.01	-0.3988545
10.015	-0.5438925
10.02	-0.72519
10.025	-0.870228
10.03	-1.015266
10.035	-1.1240445
10.04	-1.160304
10.045	-1.1965635
10.05	-1.160304
10.055	-1.1240445
10.06	-1.0515255
10.065	-0.942747
10.07	-0.870228
10.075	-0.7614495
10.08	-0.72519
10.085	-0.72519
10.09	-0.7614495
10.095	-0.7614495
10.1	-0.870228
10.105	-0.870228
10.11	-0.9064875
10.115	-0.9064875
10.12	-0.9064875
10.125	-0.870228
10.13	-0.797709
10.135	-0.7614495
10.14	-0.72519
10.145	-0.652671
10.15	-0.652671
10.155	-0.72519
10.16	-0.72519
10.165	-0.797709
10.17	-0.870228
10.175	-0.942747
10.18	-1.015266
10.185	-1.015266
10.19	-1.015266
10.195	-0.942747
10.2	-0.9064875
10.205	-0.870228
10.21	-0.797709
10.215	-0.7614495
10.22	-0.652671
10.225	-0.652671
10.23	-0.652671
10.235	-0.652671
10.24	-0.72519
10.245	-0.7614495
10.25	-0.797709
10.255	-0.870228
10.26	-0.870228
10.265	-0.870228
10.27	-0.870228
10.275	-0.797709
10.28	-0.797709
10.285	-0.797709
10.29	-0.797709
10.295	-0.797709
10.3	-0.797709
10.305	-0.797709
10.31	-0.797709
10.315	-0.7614495
10.32	-0.7614495
10.325	-0.7614495
10.33	-0.72519
10.335	-0.72519
10.34	-0.652671
10.345	-0.6164115
10.35	-0.6164115
10.355	-0.6164115
10.36	-0.652671
10.365	-0.72519
10.37	-0.797709
10.375	-0.9064875
10.38	-0.942747
10.385	-1.015266
10.39	-1.015266
10.395	-1.015266
10.4	-0.942747
10.405	-0.870228
10.41	-0.7614495
10.415	-0.652671
10.42	-0.5438925
10.425	-0.507633
10.43	-0.4713735
10.435	-0.4713735
10.44	-0.4713735
10.445	-0.5438925
10.45	-0.6164115
10.455	-0.72519
10.46	-0.797709
10.465	-0.870228
10.47	-0.942747
10.475	-0.942747
10.48	-0.942747
10.485	-0.942747
10.49	-0.9064875
10.495	-0.870228
10.5	-0.797709
10.505	-0.7614495
10.51	-0.652671
10.515	-0.652671
10.52	-0.652671
10.525	-0.6164115
10.53	-0.652671
10.535	-0.72519
10.54	-0.72519
10.545	-0.72519
10.55	-0.72519
10.555	-0.72519
10.56	-0.72519
10.565	-0.72519
10.57	-0.652671
10.575	-0.6164115
10.58	-0.5438925
10.585	-0.5438925
10.59	-0.5438925
10.595	-0.5438925
10.6	-0.6164115
10.605	-0.652671
10.61	-0.7614495
10.615	-0.797709
10.62	-0.870228
10.625	-0.9064875
10.63	-0.9064875
10.635	-0.9064875
10.64	-0.870228
10.645	-0.7614495
10.65	-0.72519
10.655	-0.6164115
10.66	-0.5438925
10.665	-0.5438925
10.67	-0.5438925
10.675	-0.652671
10.68	-0.72519
10.685	-0.7614495
10.69	-0.797709
10.695	-0.870228
10.7	-0.9064875
10.705	-0.9064875
10.71	-0.9064875
10.715	-0.9064875
10.72	-0.870228
10.725	-0.7614495
10.73	-0.72519
10.735	-0.6164115
10.74	-0.5438925
10.745	-0.5438925
10.75	-0.5438925
10.755	-0.6164115
10.76	-0.652671
10.765	-0.72519
10.77	-0.797709
10.775	-0.870228
10.78	-0.9064875
10.785	-0.9064875
10.79	-0.9064875
10.795	-0.870228
10.8	-0.797709
10.805	-0.7614495
10.81	-0.652671
10.815	-0.6164115
10.82	-0.5438925
10.825	-0.5438925
10.83	-0.5438925
10.835	-0.6164115
10.84	-0.652671
10.845	-0.7614495
10.85	-0.797709
10.855	-0.870228
10.86	-0.9064875
10.865	-0.942747
10.87	-0.9064875
10.875	-0.9064875
10.88	-0.870228
10.885	-0.797709
10.89	-0.7614495
10.895	-0.7614495
10.9	-0.7614495
10.905	-0.7614495
10.91	-0.797709
10.915	-0.797709
10.92	-0.870228
10.925	-0.870228
10.93	-0.797709
10.935	-0.797709
10.94	-0.7614495
10.945	-0.72519
10.95	-0.652671
10.955	-0.6164115
10.96	-0.6164115
10.965	-0.5438925
10.97	-0.6164115
10.975	-0.6164115
10.98	-0.652671
10.985	-0.652671
10.99	-0.72519
10.995	-0.72519
11	-0.72519
11.005	-0.652671
11.01	-0.6164115
11.015	-0.6164115
11.02	-0.5438925
11.025	-0.6164115
11.03	-0.6164115
11.035	-0.652671
11.04	-0.72519
11.045	-0.72519
11.05	-0.7614495
11.055	-0.7614495
11.06	-0.72519
11.065	-0.6164115
11.07	-0.5438925
11.075	-0.4713735
11.08	-0.362595
11.085	-0.290076
11.09	-0.2538165
11.095	-0.290076
11.1	-0.290076
11.105	-0.3988545
11.11	-0.4713735
11.115	-0.5438925
11.12	-0.652671
11.125	-0.72519
11.13	-0.72519
11.135	-0.72519
11.14	-0.72519
11.145	-0.6164115
11.15	-0.5438925
11.155	-0.4713735
11.16	-0.3988545
11.165	-0.362595
11.17	-0.290076
11.175	-0.290076
11.18	-0.290076
11.185	-0.362595
11.19	-0.3988545
11.195	-0.4713735
11.2	-0.507633
11.205	-0.5438925
11.21	-0.5438925
11.215	-0.5438925
11.22	-0.5438925
11.225	-0.507633
11.23	-0.4713735
11.235	-0.3988545
11.24	-0.290076
11.245	-0.2538165
11.25	-0.217557
11.255	-0.145038
11.26	-0.145038
11.265	-0.145038
11.27	-0.145038
11.275	-0.145038
11.28	-0.217557
11.285	-0.2538165
11.29	-0.290076
11.295	-0.362595
11.3	-0.362595
11.305	-0.3988545
11.31	-0.3988545
11.315	-0.3988545
11.32	-0.362595
11.325	-0.362595
11.33	-0.362595
11.335	-0.362595
11.34	-0.362595
11.345	-0.3988545
11.35	-0.4713735
11.355	-0.507633
11.36	-0.5438925
11.365	-0.6164115
11.37	-0.652671
11.375	-0.652671
11.38	-0.6164115
11.385	-0.5438925
11.39	-0.4713735
11.395	-0.3988545
11.4	-0.290076
11.405	-0.217557
11.41	-0.145038
11.415	-0.1087785
11.42	-0.1087785
11.425	-0.145038
11.43	-0.217557
11.435	-0.2538165
11.44	-0.362595
11.445	-0.507633
11.45	-0.6164115
11.455	-0.652671
11.46	-0.72519
11.465	-0.652671
11.47	-0.652671
11.475	-0.5438925
11.48	-0.507633
11.485	-0.3988545
11.49	-0.362595
11.495	-0.290076
11.5	-0.2538165
11.505	-0.2538165
11.51	-0.290076
11.515	-0.290076
11.52	-0.362595
11.525	-0.362595
11.53	-0.3988545
11.535	-0.4713735
11.54	-0.4713735
11.545	-0.507633
11.55	-0.5438925
11.555	-0.6164115
11.56	-0.652671
11.565	-0.652671
11.57	-0.652671
11.575	-0.6164115
11.58	-0.5438925
11.585	-0.507633
11.59	-0.3988545
11.595	-0.290076
11.6	-0.2538165
11.605	-0.217557
11.61	-0.145038
11.615	-0.145038
11.62	-0.145038
11.625	-0.217557
11.63	-0.2538165
11.635	-0.290076
11.64	-0.362595
11.645	-0.3988545
11.65	-0.3988545
11.655	-0.4713735
11.66	-0.4713735
11.665	-0.4713735
11.67	-0.3988545
11.675	-0.362595
11.68	-0.362595
11.685	-0.290076
11.69	-0.2538165
11.695	-0.217557
11.7	-0.217557
11.705	-0.145038
11.71	-0.145038
11.715	-0.145038
11.72	-0.217557
11.725	-0.217557
11.73	-0.2538165
11.735	-0.362595
11.74	-0.3988545
11.745	-0.4713735
11.75	-0.507633
11.755	-0.5438925
11.76	-0.5438925
11.765	-0.5438925
11.77	-0.4713735
11.775	-0.3988545
11.78	-0.290076
11.785	-0.217557
11.79	-0.1087785
11.795	0
11.8	0
11.805	0
11.81	0
11.815	-0.1087785
11.82	-0.217557
11.825	-0.290076
11.83	-0.362595
11.835	-0.4713735
11.84	-0.4713735
11.845	-0.4713735
11.85	-0.3988545
11.855	-0.362595
11.86	-0.290076
11.865	-0.217557
11.87	-0.1087785
11.875	0
11.88	0.1087785
11.885	0.217557
11.89	0.2538165
11.895	0.290076
11.9	0.2538165
11.905	0.217557
11.91	0.1087785
11.915	0
11.92	-0.1087785
11.925	-0.145038
11.93	-0.217557
11.935	-0.217557
11.94	-0.217557
11.945	-0.145038
11.95	-0.145038
11.955	-0.145038
11.96	-0.145038
11.965	-0.217557
11.97	-0.2538165
11.975	-0.362595
11.98	-0.3988545
11.985	-0.4713735
11.99	-0.4713735
11.995	-0.3988545
12	-0.362595
12.005	-0.290076
12.01	-0.217557
12.015	-0.145038
12.02	-0.1087785
12.025	-0.1087785
12.03	-0.1087785
12.035	-0.145038
12.04	-0.2538165
12.045	-0.362595
12.05	-0.3988545
12.055	-0.4713735
12.06	-0.4713735
12.065	-0.4713735
12.07	-0.3988545
12.075	-0.362595
12.08	-0.290076
12.085	-0.2538165
12.09	-0.217557
12.095	-0.145038
12.1	-0.217557
12.105	-0.2538165
12.11	-0.290076
12.115	-0.3988545
12.12	-0.507633
12.125	-0.5438925
12.13	-0.6164115
12.135	-0.6164115
12.14	-0.5438925
12.145	-0.507633
12.15	-0.3988545
12.155	-0.290076
12.16	-0.217557
12.165	-0.145038
12.17	-0.145038
12.175	-0.145038
12.18	-0.217557
12.185	-0.2538165
12.19	-0.290076
12.195	-0.362595
12.2	-0.3988545
12.205	-0.3988545
12.21	-0.3988545
12.215	-0.3988545
12.22	-0.362595
12.225	-0.362595
12.23	-0.290076
12.235	-0.290076
12.24	-0.2538165
12.245	-0.290076
12.25	-0.290076
12.255	-0.290076
12.26	-0.362595
12.265	-0.3988545
12.27	-0.4713735
12.275	-0.507633
12.28	-0.5438925
12.285	-0.6164115
12.29	-0.6164115
12.295	-0.6164115
12.3	-0.6164115
12.305	-0.6164115
12.31	-0.6164115
12.315	-0.5438925
12.32	-0.5438925
12.325	-0.507633
12.33	-0.507633
12.335	-0.4713735
12.34	-0.4713735
12.345	-0.4713735
12.35	-0.3988545
12.355	-0.3988545
12.36	-0.3988545
12.365	-0.4713735
12.37	-0.4713735
12.375	-0.507633
12.38	-0.5438925
12.385	-0.6164115
12.39	-0.652671
12.395	-0.652671
12.4	-0.652671
12.405	-0.652671
12.41	-0.6164115
12.415	-0.6164115
12.42	-0.6164115
12.425	-0.6164115
12.43	-0.5438925
12.435	-0.507633
12.44	-0.507633
12.445	-0.4713735
12.45	-0.4713735
12.455	-0.3988545
12.46	-0.4713735
12.465	-0.4713735
12.47	-0.4713735
12.475	-0.4713735
12.48	-0.4713735
12.485	-0.3988545
12.49	-0.3988545
12.495	-0.3988545
12.5	-0.3988545
12.505	-0.362595
12.51	-0.3988545
12.515	-0.3988545
12.52	-0.362595
12.525	-0.3988545
12.53	-0.3988545
12.535	-0.3988545
12.54	-0.4713735
12.545	-0.4713735
12.55	-0.3988545
12.555	-0.362595
12.56	-0.290076
12.565	-0.217557
12.57	-0.145038
12.575	-0.1087785
12.58	-0.1087785
12.585	-0.0362595
12.59	-0.1087785
12.595	-0.145038
12.6	-0.2538165
12.605	-0.362595
12.61	-0.4713735
12.615	-0.5438925
12.62	-0.5438925
12.625	-0.5438925
12.63	-0.5438925
12.635	-0.507633
12.64	-0.3988545
12.645	-0.290076
12.65	-0.2538165
12.655	-0.217557
12.66	-0.217557
12.665	-0.145038
12.67	-0.217557
12.675	-0.217557
12.68	-0.2538165
12.685	-0.290076
12.69	-0.3988545
12.695	-0.4713735
12.7	-0.507633
12.705	-0.507633
12.71	-0.5438925
12.715	-0.5438925
12.72	-0.5438925
12.725	-0.5438925
12.73	-0.507633
12.735	-0.4713735
12.74	-0.3988545
12.745	-0.290076
12.75	-0.2538165
12.755	-0.2538165
12.76	-0.217557
12.765	-0.217557
12.77	-0.2538165
12.775	-0.2538165
12.78	-0.2538165
12.785	-0.290076
12.79	-0.362595
12.795	-0.362595
12.8	-0.3988545
12.805	-0.3988545
12.81	-0.4713735
12.815	-0.4713735
12.82	-0.3988545
12.825	-0.3988545
12.83	-0.3988545
12.835	-0.3988545
12.84	-0.362595
12.845	-0.362595
12.85	-0.290076
12.855	-0.290076
12.86	-0.2538165
12.865	-0.2538165
12.87	-0.2538165
12.875	-0.217557
12.88	-0.217557
12.885	-0.2538165
12.89	-0.2538165
12.895	-0.290076
12.9	-0.362595
12.905	-0.3988545
12.91	-0.4713735
12.915	-0.507633
12.92	-0.507633
12.925	-0.507633
12.93	-0.507633
12.935	-0.4713735
12.94	-0.3988545
12.945	-0.362595
12.95	-0.290076
12.955	-0.217557
12.96	-0.217557
12.965	-0.217557
12.97	-0.217557
12.975	-0.290076
12.98	-0.362595
12.985	-0.3988545
12.99	-0.507633
12.995	-0.5438925
13	-0.6164115
13.005	-0.6164115
13.01	-0.6164115
13.015	-0.5438925
13.02	-0.507633
13.025	-0.3988545
13.03	-0.362595
13.035	-0.362595
13.04	-0.362595
13.045	-0.362595
13.05	-0.362595
13.055	-0.3988545
13.06	-0.3988545
13.065	-0.4713735
13.07	-0.4713735
13.075	-0.4713735
13.08	-0.4713735
13.085	-0.4713735
13.09	-0.4713735
13.095	-0.507633
13.1	-0.507633
13.105	-0.507633
13.11	-0.507633
13.115	-0.507633
13.12	-0.4713735
13.125	-0.4713735
13.13	-0.3988545
13.135	-0.362595
13.14	-0.290076
13.145	-0.2538165
13.15	-0.2538165
13.155	-0.2538165
13.16	-0.290076
13.165	-0.362595
13.17	-0.3988545
13.175	-0.4713735
13.18	-0.507633
13.185	-0.507633
13.19	-0.507633
13.195	-0.507633
13.2	-0.3988545
13.205	-0.362595
13.21	-0.290076
13.215	-0.217557
13.22	-0.145038
13.225	-0.1087785
13.23	-0.1087785
13.235	-0.1087785
13.24	-0.1087785
13.245	-0.217557
13.25	-0.2538165
13.255	-0.362595
13.26	-0.3988545
13.265	-0.4713735
13.27	-0.4713735
13.275	-0.4713735
13.28	-0.3988545
13.285	-0.362595
13.29	-0.290076
13.295	-0.217557
13.3	-0.145038
13.305	-0.0362595
13.31	-0.0362595
13.315	-0.0362595
13.32	-0.0362595
13.325	-0.1087785
13.33	-0.145038
13.335	-0.217557
13.34	-0.290076
13.345	-0.290076
13.35	-0.290076
13.355	-0.362595
13.36	-0.362595
13.365	-0.362595
13.37	-0.362595
13.375	-0.290076
13.38	-0.2538165
13.385	-0.2538165
13.39	-0.2538165
13.395	-0.2538165
13.4	-0.2538165
13.405	-0.290076
13.41	-0.362595
13.415	-0.362595
13.42	-0.3988545
13.425	-0.3988545
13.43	-0.4713735
13.435	-0.4713735
13.44	-0.4713735
13.445	-0.4713735
13.45	-0.3988545
13.455	-0.3988545
13.46	-0.362595
13.465	-0.290076
13.47	-0.2538165
13.475	-0.217557
13.48	-0.145038
13.485	-0.145038
13.49	-0.145038
13.495	-0.217557
13.5	-0.217557
13.505	-0.2538165
13.51	-0.290076
13.515	-0.362595
13.52	-0.3988545
13.525	-0.3988545
13.53	-0.4713735
13.535	-0.4713735
13.54	-0.4713735
13.545	-0.3988545
13.55	-0.362595
13.555	-0.2538165
13.56	-0.217557
13.565	-0.1087785
13.57	-0.1087785
13.575	-0.1087785
13.58	-0.1087785
13.585	-0.145038
13.59	-0.2538165
13.595	-0.362595
13.6	-0.3988545
13.605	-0.4713735
13.61	-0.507633
13.615	-0.4713735
13.62	-0.3988545
13.625	-0.362595
13.63	-0.2538165
13.635	-0.217557
13.64	-0.145038
13.645	-0.145038
13.65	-0.217557
13.655	-0.2538165
13.66	-0.362595
13.665	-0.3988545
13.67	-0.4713735
13.675	-0.507633
13.68	-0.4713735
13.685	-0.4713735
13.69	-0.3988545
13.695	-0.362595
13.7	-0.290076
13.705	-0.2538165
13.71	-0.2538165
13.715	-0.2538165
13.72	-0.290076
13.725	-0.290076
13.73	-0.362595
13.735	-0.3988545
13.74	-0.4713735
13.745	-0.4713735
13.75	-0.4713735
13.755	-0.4713735
13.76	-0.3988545
13.765	-0.362595
13.77	-0.290076
13.775	-0.2538165
13.78	-0.2538165
13.785	-0.217557
13.79	-0.145038
13.795	-0.145038
13.8	-0.217557
13.805	-0.217557
13.81	-0.2538165
13.815	-0.290076
13.82	-0.362595
13.825	-0.3988545
13.83	-0.4713735
13.835	-0.4713735
13.84	-0.4713735
13.845	-0.507633
13.85	-0.507633
13.855	-0.507633
13.86	-0.507633
13.865	-0.507633
13.87	-0.4713735
13.875	-0.4713735
13.88	-0.3988545
13.885	-0.362595
13.89	-0.290076
13.895	-0.290076
13.9	-0.2538165
13.905	-0.217557
13.91	-0.217557
13.915	-0.217557
13.92	-0.217557
13.925	-0.2538165
13.93	-0.2538165
13.935	-0.290076
13.94	-0.362595
13.945	-0.362595
13.95	-0.362595
13.955	-0.362595
13.96	-0.362595
13.965	-0.290076
13.97	-0.290076
13.975	-0.2538165
13.98	-0.217557
13.985	-0.145038
13.99	-0.217557
13.995	-0.217557
14	-0.2538165
14.005	-0.290076
14.01	-0.362595
14.015	-0.362595
14.02	-0.3988545
14.025	-0.3988545
14.03	-0.4713735
14.035	-0.3988545
14.04	-0.3988545
14.045	-0.3988545
14.05	-0.362595
14.055	-0.362595
14.06	-0.290076
14.065	-0.290076
14.07	-0.290076
14.075	-0.290076
14.08	-0.2538165
14.085	-0.2538165
14.09	-0.2538165
14.095	-0.2538165
14.1	-0.2538165
14.105	-0.290076
14.11	-0.290076
14.115	-0.290076
14.12	-0.290076
14.125	-0.290076
14.13	-0.290076
14.135	-0.2538165
14.14	-0.217557
14.145	-0.217557
14.15	-0.145038
14.155	-0.145038
14.16	-0.145038
14.165	-0.145038
14.17	-0.217557
14.175	-0.217557
14.18	-0.217557
14.185	-0.145038
14.19	-0.145038
14.195	-0.1087785
14.2	-0.0362595
14.205	-0.0362595
14.21	0
14.215	-0.0362595
14.22	-0.1087785
14.225	-0.145038
14.23	-0.217557
14.235	-0.290076
14.24	-0.290076
14.245	-0.290076
14.25	-0.290076
14.255	-0.2538165
14.26	-0.217557
14.265	-0.145038
14.27	-0.145038
14.275	-0.1087785
14.28	-0.145038
14.285	-0.145038
14.29	-0.217557
14.295	-0.290076
14.3	-0.362595
14.305	-0.362595
14.31	-0.3988545
14.315	-0.362595
14.32	-0.290076
14.325	-0.2538165
14.33	-0.217557
14.335	-0.145038
14.34	-0.1087785
14.345	-0.0362595
14.35	-0.0362595
14.355	-0.0362595
14.36	-0.1087785
14.365	-0.145038
14.37	-0.217557
14.375	-0.217557
14.38	-0.2538165
14.385	-0.290076
14.39	-0.290076
14.395	-0.290076
14.4	-0.290076
14.405	-0.2538165
14.41	-0.2538165
14.415	-0.217557
14.42	-0.145038
14.425	-0.145038
14.43	-0.145038
14.435	-0.145038
14.44	-0.145038
14.445	-0.145038
14.45	-0.217557
14.455	-0.145038
14.46	-0.145038
14.465	-0.145038
14.47	-0.145038
14.475	-0.217557
14.48	-0.217557
14.485	-0.2538165
14.49	-0.290076
14.495	-0.362595
14.5	-0.362595
14.505	-0.362595
14.51	-0.362595
14.515	-0.362595
14.52	-0.290076
14.525	-0.2538165
14.53	-0.2538165
14.535	-0.2538165
14.54	-0.290076
14.545	-0.362595
14.55	-0.3988545
14.555	-0.4713735
14.56	-0.507633
14.565	-0.507633
14.57	-0.507633
14.575	-0.507633
14.58	-0.4713735
14.585	-0.3988545
14.59	-0.362595
14.595	-0.290076
14.6	-0.2538165
14.605	-0.217557
14.61	-0.145038
14.615	-0.145038
14.62	-0.217557
14.625	-0.2538165
14.63	-0.362595
14.635	-0.3988545
14.64	-0.507633
14.645	-0.6164115
14.65	-0.6164115
14.655	-0.652671
14.66	-0.652671
14.665	-0.6164115
14.67	-0.507633
14.675	-0.3988545
14.68	-0.290076
14.685	-0.217557
14.69	-0.145038
14.695	-0.1087785
14.7	-0.1087785
14.705	-0.145038
14.71	-0.2538165
14.715	-0.362595
14.72	-0.4713735
14.725	-0.507633
14.73	-0.5438925
14.735	-0.6164115
14.74	-0.6164115
14.745	-0.6164115
14.75	-0.5438925
14.755	-0.507633
14.76	-0.4713735
14.765	-0.3988545
14.77	-0.362595
14.775	-0.290076
14.78	-0.290076
14.785	-0.290076
14.79	-0.362595
14.795	-0.3988545
14.8	-0.4713735
14.805	-0.507633
14.81	-0.507633
14.815	-0.5438925
14.82	-0.507633
14.825	-0.507633
14.83	-0.4713735
14.835	-0.3988545
14.84	-0.362595
14.845	-0.290076
14.85	-0.2538165
14.855	-0.2538165
14.86	-0.2538165
14.865	-0.290076
14.87	-0.290076
14.875	-0.362595
14.88	-0.4713735
14.885	-0.507633
14.89	-0.5438925
14.895	-0.6164115
14.9	-0.652671
14.905	-0.6164115
14.91	-0.5438925
14.915	-0.507633
14.92	-0.3988545
14.925	-0.2538165
14.93	-0.217557
14.935	-0.145038
14.94	-0.1087785
14.945	-0.145038
14.95	-0.217557
14.955	-0.2538165
14.96	-0.362595
14.965	-0.4713735
14.97	-0.507633
14.975	-0.5438925
14.98	-0.5438925
14.985	-0.5438925
14.99	-0.507633
14.995	-0.3988545
15	-0.362595
15.005	-0.2538165
15.01	-0.217557
15.015	-0.145038
15.02	-0.145038
15.025	-0.217557
15.03	-0.217557
15.035	-0.217557
15.04	-0.2538165
15.045	-0.2538165
15.05	-0.2538165
15.055	-0.2538165
15.06	-0.2538165
15.065	-0.2538165
15.07	-0.2538165
15.075	-0.2538165
15.08	-0.2538165
15.085	-0.2538165
15.09	-0.2538165
15.095	-0.2538165
15.1	-0.290076
15.105	-0.362595
15.11	-0.362595
15.115	-0.362595
15.12	-0.362595
15.125	-0.362595
15.13	-0.362595
15.135	-0.362595
15.14	-0.290076
15.145	-0.290076
15.15	-0.2538165
15.155	-0.217557
15.16	-0.217557
15.165	-0.217557
15.17	-0.145038
15.175	-0.145038
15.18	-0.145038
15.185	-0.217557
15.19	-0.217557
15.195	-0.2538165
15.2	-0.290076
15.205	-0.362595
15.21	-0.3988545
15.215	-0.3988545
15.22	-0.3988545
15.225	-0.362595
15.23	-0.362595
15.235	-0.2538165
15.24	-0.217557
15.245	-0.145038
15.25	-0.145038
15.255	-0.145038
15.26	-0.145038
15.265	-0.217557
15.27	-0.2538165
15.275	-0.290076
15.28	-0.290076
15.285	-0.290076
15.29	-0.290076
15.295	-0.290076
15.3	-0.2538165
15.305	-0.217557
15.31	-0.145038
15.315	-0.1087785
15.32	-0.1087785
15.325	-0.0362595
15.33	-0.0362595
15.335	-0.1087785
15.34	-0.145038
15.345	-0.217557
15.35	-0.2538165
15.355	-0.290076
15.36	-0.362595
15.365	-0.362595
15.37	-0.362595
15.375	-0.290076
15.38	-0.2538165
15.385	-0.217557
15.39	-0.145038
15.395	-0.1087785
15.4	-0.0362595
15.405	-0.0362595
15.41	-0.0362595
15.415	-0.1087785
15.42	-0.145038
15.425	-0.217557
15.43	-0.2538165
15.435	-0.2538165
15.44	-0.290076
15.445	-0.2538165
15.45	-0.2538165
15.455	-0.2538165
15.46	-0.217557
15.465	-0.145038
15.47	-0.145038
15.475	-0.1087785
15.48	-0.1087785
15.485	-0.1087785
15.49	-0.1087785
15.495	-0.1087785
15.5	-0.1087785
15.505	-0.1087785
15.51	-0.145038
15.515	-0.145038
15.52	-0.217557
15.525	-0.217557
15.53	-0.2538165
15.535	-0.2538165
15.54	-0.2538165
15.545	-0.2538165
15.55	-0.217557
15.555	-0.217557
15.56	-0.1087785
15.565	-0.0362595
15.57	-0.0362595
15.575	0
15.58	0
15.585	0
15.59	0
15.595	-0.0362595
15.6	-0.1087785
15.605	-0.145038
15.61	-0.145038
15.615	-0.217557
15.62	-0.217557
15.625	-0.217557
15.63	-0.217557
15.635	-0.145038
15.64	-0.1087785
15.645	-0.1087785
15.65	-0.0362595
15.655	0
15.66	0.0362595
15.665	0
15.67	0
15.675	0
15.68	-0.0362595
15.685	-0.1087785
15.69	-0.1087785
15.695	-0.145038
15.7	-0.145038
15.705	-0.1087785
15.71	-0.0362595
15.715	0
15.72	0
15.725	0.0362595
15.73	0.0362595
15.735	0
15.74	-0.0362595
15.745	-0.1087785
15.75	-0.145038
15.755	-0.217557
15.76	-0.2538165
15.765	-0.2538165
15.77	-0.217557
15.775	-0.145038
15.78	-0.1087785
15.785	0
15.79	0.0362595
15.795	0.145038
15.8	0.145038
15.805	0.145038
15.81	0.145038
15.815	0.1087785
15.82	0.0362595
15.825	0
15.83	-0.0362595
15.835	-0.1087785
15.84	-0.145038
15.845	-0.1087785
15.85	-0.1087785
15.855	-0.1087785
15.86	-0.0362595
15.865	0
15.87	0
15.875	0
15.88	0
15.885	-0.0362595
15.89	-0.0362595
15.895	-0.0362595
15.9	-0.0362595
15.905	-0.0362595
15.91	-0.0362595
15.915	-0.0362595
15.92	-0.1087785
15.925	-0.1087785
15.93	-0.0362595
15.935	-0.0362595
15.94	-0.0362595
15.945	0
15.95	0
15.955	-0.0362595
15.96	-0.0362595
15.965	-0.1087785
15.97	-0.145038
15.975	-0.217557
15.98	-0.217557
15.985	-0.217557
15.99	-0.217557
15.995	-0.217557
16	-0.145038
16.005	-0.1087785
16.01	-0.0362595
16.015	0
16.02	0
16.025	0
16.03	0
16.035	-0.0362595
16.04	-0.1087785
16.045	-0.145038
16.05	-0.217557
16.055	-0.217557
16.06	-0.2538165
16.065	-0.2538165
16.07	-0.217557
16.075	-0.217557
16.08	-0.145038
16.085	-0.1087785
16.09	-0.0362595
16.095	-0.0362595
16.1	0
16.105	0.0362595
16.11	0.0362595
16.115	0.0362595
16.12	0
16.125	-0.0362595
16.13	-0.145038
16.135	-0.217557
16.14	-0.2538165
16.145	-0.290076
16.15	-0.290076
16.155	-0.290076
16.16	-0.2538165
16.165	-0.217557
16.17	-0.145038
16.175	-0.1087785
16.18	0
16.185	0
16.19	0.0362595
16.195	0.0362595
16.2	0
16.205	-0.0362595
16.21	-0.1087785
16.215	-0.145038
16.22	-0.217557
16.225	-0.217557
16.23	-0.217557
16.235	-0.217557
16.24	-0.1087785
16.245	-0.0362595
16.25	0
16.255	0.0362595
16.26	0.0362595
16.265	0.0362595
16.27	0.0362595
16.275	0
16.28	0
16.285	-0.0362595
16.29	-0.1087785
16.295	-0.1087785
16.3	-0.1087785
16.305	-0.1087785
16.31	-0.1087785
16.315	-0.1087785
16.32	-0.0362595
16.325	-0.0362595
16.33	0
16.335	0
16.34	0.0362595
16.345	0.0362595
16.35	0.0362595
16.355	0.0362595
16.36	0.0362595
16.365	0
16.37	-0.0362595
16.375	-0.0362595
16.38	-0.1087785
16.385	-0.1087785
16.39	-0.1087785
16.395	-0.0362595
16.4	-0.0362595
16.405	0
16.41	0.0362595
16.415	0.1087785
16.42	0.1087785
16.425	0.1087785
16.43	0.1087785
16.435	0.0362595
16.44	0
16.445	-0.0362595
16.45	-0.145038
16.455	-0.217557
16.46	-0.2538165
16.465	-0.2538165
16.47	-0.217557
16.475	-0.217557
16.48	-0.145038
16.485	-0.0362595
16.49	-0.0362595
16.495	0
16.5	0.0362595
16.505	0.0362595
16.51	0.0362595
16.515	0
16.52	-0.0362595
16.525	-0.1087785
16.53	-0.145038
16.535	-0.217557
16.54	-0.217557
16.545	-0.2538165
16.55	-0.2538165
16.555	-0.217557
16.56	-0.145038
16.565	-0.1087785
16.57	-0.0362595
16.575	0
16.58	0.0362595
16.585	0.1087785
16.59	0.1087785
16.595	0.1087785
16.6	0.1087785
16.605	0.0362595
16.61	0
16.615	-0.0362595
16.62	-0.1087785
16.625	-0.145038
16.63	-0.217557
16.635	-0.2538165
16.64	-0.2538165
16.645	-0.2538165
16.65	-0.217557
16.655	-0.145038
16.66	-0.1087785
16.665	0
16.67	0.1087785
16.675	0.145038
16.68	0.217557
16.685	0.217557
16.69	0.145038
16.695	0.1087785
16.7	0
16.705	-0.1087785
16.71	-0.217557
16.715	-0.2538165
16.72	-0.290076
16.725	-0.362595
16.73	-0.362595
16.735	-0.2538165
16.74	-0.217557
16.745	-0.145038
16.75	-0.0362595
16.755	0
16.76	0
16.765	0
16.77	0
16.775	-0.0362595
16.78	-0.0362595
16.785	-0.1087785
16.79	-0.145038
16.795	-0.145038
16.8	-0.145038
16.805	-0.145038
16.81	-0.145038
16.815	-0.145038
16.82	-0.145038
16.825	-0.145038
16.83	-0.145038
16.835	-0.1087785
16.84	-0.1087785
16.845	-0.1087785
16.85	-0.145038
16.855	-0.145038
16.86	-0.145038
16.865	-0.145038
16.87	-0.145038
16.875	-0.145038
16.88	-0.145038
16.885	-0.1087785
16.89	-0.1087785
16.895	-0.1087785
16.9	-0.145038
16.905	-0.145038
16.91	-0.145038
16.915	-0.145038
16.92	-0.145038
16.925	-0.145038
16.93	-0.145038
16.935	-0.145038
16.94	-0.145038
16.945	-0.1087785
16.95	-0.1087785
16.955	-0.0362595
16.96	0
16.965	0
16.97	0
16.975	-0.0362595
16.98	-0.0362595
16.985	-0.1087785
16.99	-0.1087785
16.995	-0.145038
17	-0.217557
17.005	-0.217557
17.01	-0.217557
17.015	-0.145038
17.02	-0.1087785
17.025	-0.0362595
17.03	0
17.035	0.0362595
