Label: 
0
Label: Event: FAR-PROBE_SS_0U_2014-07-02_A1
-2.96	0
-2.955	0
-2.95	0
-2.945	0
-2.94	0
-2.935	0
-2.93	0
-2.925	0
-2.92	0
-2.915	0
-2.91	0
-2.905	0
-2.9	0
-2.895	0
-2.89	0
-2.885	0
-2.88	0
-2.875	0
-2.87	0
-2.865	0
-2.86	0
-2.855	0
-2.85	0.072519
-2.845	0.072519
-2.84	0
-2.835	0
-2.83	0
-2.825	0
-2.82	0
-2.815	0
-2.81	0
-2.805	0
-2.8	0
-2.795	0
-2.79	0
-2.785	0
-2.78	0
-2.775	0
-2.77	0
-2.765	0
-2.76	0
-2.755	0
-2.75	0
-2.745	0
-2.74	0
-2.735	0
-2.73	0
-2.725	0
-2.72	0
-2.715	0
-2.71	0
-2.705	0
-2.7	0
-2.695	0
-2.69	0.072519
-2.685	0
-2.68	0
-2.675	0
-2.67	0
-2.665	0
-2.66	0
-2.655	0
-2.65	0
-2.645	0
-2.64	0
-2.635	0
-2.63	0
-2.625	0.072519
-2.62	0.072519
-2.615	0.072519
-2.61	0.072519
-2.605	0
-2.6	0
-2.595	0
-2.59	0
-2.585	0
-2.58	0
-2.575	0
-2.57	0
-2.565	0
-2.56	0
-2.555	0
-2.55	0
-2.545	0
-2.54	0
-2.535	0
-2.53	0
-2.525	0
-2.52	0
-2.515	0
-2.51	0
-2.505	0
-2.5	0
-2.495	0
-2.49	0
-2.485	0
-2.48	0
-2.475	0
-2.47	0
-2.465	0
-2.46	0
-2.455	0
-2.45	0
-2.445	0
-2.44	0
-2.435	0
-2.43	0
-2.425	0
-2.42	0
-2.415	0
-2.41	-0.0362595
-2.405	-0.0362595
-2.4	0
-2.395	0
-2.39	0
-2.385	0
-2.38	0
-2.375	0
-2.37	0
-2.365	0
-2.36	-0.0362595
-2.355	-0.0362595
-2.35	-0.0362595
-2.345	0
-2.34	0
-2.335	0
-2.33	0
-2.325	0
-2.32	0
-2.315	0
-2.31	0
-2.305	0
-2.3	0
-2.295	0
-2.29	0
-2.285	0
-2.28	0
-2.275	-0.0362595
-2.27	0
-2.265	0
-2.26	0
-2.255	0
-2.25	0
-2.245	0
-2.24	0
-2.235	0
-2.23	0
-2.225	0
-2.22	0
-2.215	0
-2.21	0
-2.205	0
-2.2	0
-2.195	0
-2.19	0
-2.185	0
-2.18	0
-2.175	0
-2.17	0
-2.165	0
-2.16	0
-2.155	0
-2.15	0
-2.145	0
-2.14	0
-2.135	0
-2.13	0
-2.125	0
-2.12	0
-2.115	0
-2.11	0
-2.105	0
-2.1	0
-2.095	0
-2.09	0
-2.085	0
-2.08	0
-2.075	0
-2.07	0
-2.065	0.072519
-2.06	0.072519
-2.055	0.072519
-2.05	0
-2.045	0
-2.04	0
-2.035	0
-2.03	0
-2.025	0
-2.02	0
-2.015	0
-2.01	0
-2.005	0
-2	0
-1.995	0
-1.99	0
-1.985	0
-1.98	0
-1.975	0
-1.97	0
-1.965	0
-1.96	0
-1.955	0
-1.95	0
-1.945	0
-1.94	0
-1.935	0
-1.93	0
-1.925	0
-1.92	0
-1.915	0
-1.91	0
-1.905	0
-1.9	0
-1.895	0
-1.89	0
-1.885	0
-1.88	0
-1.875	0
-1.87	0
-1.865	0
-1.86	0
-1.855	0
-1.85	0
-1.845	0
-1.84	0
-1.835	0
-1.83	0
-1.825	0
-1.82	0
-1.815	0
-1.81	0
-1.805	0
-1.8	0
-1.795	0
-1.79	0
-1.785	0
-1.78	0
-1.775	0
-1.77	0
-1.765	0
-1.76	0
-1.755	0
-1.75	0
-1.745	0
-1.74	0
-1.735	0
-1.73	0
-1.725	0
-1.72	0
-1.715	0
-1.71	0
-1.705	0
-1.7	0
-1.695	0
-1.69	0
-1.685	0
-1.68	0
-1.675	0
-1.67	0
-1.665	0
-1.66	0
-1.655	0
-1.65	0
-1.645	0
-1.64	0
-1.635	0
-1.63	0
-1.625	0
-1.62	0
-1.615	0
-1.61	0
-1.605	0
-1.6	0
-1.595	0
-1.59	0
-1.585	0
-1.58	0
-1.575	0
-1.57	0.072519
-1.565	0.072519
-1.56	0.072519
-1.555	0.072519
-1.55	0
-1.545	0.072519
-1.54	0
-1.535	0
-1.53	0
-1.525	0
-1.52	0
-1.515	0.072519
-1.51	0.072519
-1.505	0.072519
-1.5	0.072519
-1.495	0.072519
-1.49	0.072519
-1.485	0
-1.48	0
-1.475	0
-1.47	0
-1.465	0
-1.46	0
-1.455	0
-1.45	0
-1.445	0
-1.44	0
-1.435	0
-1.43	0
-1.425	0
-1.42	0
-1.415	0
-1.41	0
-1.405	0.072519
-1.4	0.072519
-1.395	0.072519
-1.39	0.072519
-1.385	0
-1.38	0
-1.375	0
-1.37	0
-1.365	0
-1.36	0
-1.355	0
-1.35	0
-1.345	0
-1.34	0
-1.335	0
-1.33	0.072519
-1.325	0
-1.32	0
-1.315	0
-1.31	0
-1.305	0
-1.3	0
-1.295	0
-1.29	0
-1.285	0
-1.28	0
-1.275	0
-1.27	0
-1.265	0
-1.26	0
-1.255	0
-1.25	0
-1.245	0
-1.24	0
-1.235	0
-1.23	0
-1.225	0
-1.22	0
-1.215	0
-1.21	0
-1.205	0
-1.2	0
-1.195	0
-1.19	0
-1.185	0
-1.18	0.072519
-1.175	0.072519
-1.17	0.072519
-1.165	0.072519
-1.16	0
-1.155	0
-1.15	0
-1.145	0
-1.14	0
-1.135	0
-1.13	0
-1.125	0
-1.12	0
-1.115	0
-1.11	0
-1.105	0
-1.1	0
-1.095	0
-1.09	0
-1.085	0
-1.08	0
-1.075	0
-1.07	0
-1.065	0
-1.06	0
-1.055	0
-1.05	0
-1.045	0
-1.04	0
-1.035	0
-1.03	0
-1.025	0
-1.02	0
-1.015	0
-1.01	0
-1.005	0
-1	0
-0.995	0
-0.99	0
-0.985	0
-0.98	0
-0.975	0
-0.97	0
-0.965	0
-0.96	0
-0.955	0
-0.95	0
-0.945	0
-0.94	0
-0.935	0
-0.93	0
-0.925	0
-0.92	0
-0.915	0
-0.91	0
-0.905	-0.0362595
-0.9	-0.0362595
-0.895	0
-0.89	0
-0.885	0
-0.88	0
-0.875	0
-0.87	0
-0.865	0
-0.86	0
-0.855	0
-0.85	0
-0.845	0
-0.84	0
-0.835	0
-0.83	0
-0.825	0
-0.82	0
-0.815	0
-0.81	0
-0.805	0
-0.8	0
-0.795	0
-0.79	0
-0.785	0.072519
-0.78	0.072519
-0.775	0.072519
-0.77	0.072519
-0.765	0
-0.76	0
-0.755	0
-0.75	0
-0.745	0
-0.74	0
-0.735	0
-0.73	0
-0.725	0
-0.72	0
-0.715	0
-0.71	0
-0.705	0
-0.7	0
-0.695	0
-0.69	0
-0.685	0
-0.68	0
-0.675	0
-0.67	0
-0.665	0
-0.66	0
-0.655	0
-0.65	0
-0.645	0
-0.64	0
-0.635	0
-0.63	0
-0.625	0
-0.62	0
-0.615	0
-0.61	0
-0.605	0
-0.6	0
-0.595	0
-0.59	0
-0.585	0
-0.58	0
-0.575	0
-0.57	0
-0.565	0
-0.56	0
-0.555	0
-0.55	0.072519
-0.545	0
-0.54	0
-0.535	0
-0.53	0
-0.525	0
-0.52	0
-0.515	0
-0.51	0
-0.505	0
-0.5	0
-0.495	0
-0.49	0
-0.485	0
-0.48	0
-0.475	0
-0.47	0
-0.465	0
-0.46	0
-0.455	0
-0.45	0
-0.445	0
-0.44	0
-0.435	0
-0.43	0
-0.425	0
-0.42	0
-0.415	0
-0.41	-0.0362595
-0.405	-0.0362595
-0.4	0
-0.395	0
-0.39	0
-0.385	0
-0.38	0
-0.375	0
-0.37	0
-0.365	0.072519
-0.36	0
-0.355	0
-0.35	0
-0.345	0
-0.34	0
-0.335	0
-0.33	0
-0.325	0
-0.32	0
-0.315	0
-0.31	0
-0.305	0
-0.3	0
-0.295	0
-0.29	0
-0.285	0
-0.28	0
-0.275	0
-0.27	0
-0.265	0
-0.26	0
-0.255	0
-0.25	0
-0.245	0
-0.24	0
-0.235	0
-0.23	0
-0.225	0
-0.22	0
-0.215	0
-0.21	0
-0.205	0
-0.2	0
-0.195	0
-0.19	0
-0.185	0
-0.18	0
-0.175	0
-0.17	0
-0.165	0
-0.16	0
-0.155	0
-0.15	0
-0.145	0
-0.14	0
-0.135	0.072519
-0.13	0
-0.125	0
-0.12	0
-0.115	-0.0362595
-0.11	-0.0362595
-0.105	0.2538165
-0.1	0.9790065
-0.095	1.740456
-0.09	3.0095385
-0.085	4.786254
-0.08	6.599229
-0.075	8.5209825
-0.07	11.0591475
-0.065	13.488534
-0.06	15.011433
-0.055	16.2079965
-0.05	17.1507435
-0.045	17.912193
-0.04	18.202269
-0.035	18.3110475
-0.03	18.3110475
-0.025	18.1660095
-0.02	17.187003
-0.015	16.026699
-0.01	15.156471
-0.005	14.141205
0	12.8721225
0.005	11.7843375
0.01	10.87785
0.015	10.0438815
0.02	9.1736535
0.025	8.5209825
0.03	7.8683115
0.035	7.1431215
0.04	6.599229
0.045	6.164115
0.05	5.583963
0.055	5.003811
0.06	4.5324375
0.065	4.0973235
0.07	3.698469
0.075	3.335874
0.08	3.0095385
0.085	2.6469435
0.09	2.3568675
0.095	1.9942725
0.1	1.740456
0.105	1.4866395
0.11	1.232823
0.115	1.015266
0.12	0.870228
0.125	0.6889305
0.13	0.435114
0.135	0.2538165
0.14	0.072519
0.145	-0.1812975
0.15	-0.362595
0.155	-0.507633
0.16	-0.6164115
0.165	-0.652671
0.17	-0.652671
0.175	-0.652671
0.18	-0.6164115
0.185	-0.5438925
0.19	-0.507633
0.195	-0.435114
0.2	-0.507633
0.205	-0.5438925
0.21	-0.507633
0.215	-0.435114
0.22	-0.362595
0.225	-0.1087785
0.23	0.1812975
0.235	0.4713735
0.24	0.7614495
0.245	1.087785
0.25	1.3416015
0.255	1.522899
0.26	1.740456
0.265	1.9942725
0.27	2.1393105
0.275	2.393127
0.28	2.6469435
0.285	2.8645005
0.29	3.1545765
0.295	3.4446525
0.3	3.7347285
0.305	3.988545
0.31	4.35114
0.315	4.641216
0.32	4.8950325
0.325	5.221368
0.33	5.4026655
0.335	5.583963
0.34	5.656482
0.345	5.7652605
0.35	5.874039
0.355	6.019077
0.36	6.236634
0.365	6.4904505
0.37	6.6354885
0.375	6.7080075
0.38	6.599229
0.385	6.381672
0.39	5.9828175
0.395	5.583963
0.4	5.148849
0.405	4.786254
0.41	4.5324375
0.415	4.3873995
0.42	4.35114
0.425	4.3873995
0.43	4.496178
0.435	4.6049565
0.44	4.641216
0.445	4.7499945
0.45	4.7499945
0.455	4.713735
0.46	4.641216
0.465	4.6049565
0.47	4.496178
0.475	4.3873995
0.48	4.2423615
0.485	4.0973235
0.49	3.8797665
0.495	3.62595
0.5	3.3721335
0.505	3.1545765
0.51	3.0095385
0.515	2.90076
0.52	2.90076
0.525	2.973279
0.53	3.1545765
0.535	3.4446525
0.54	3.698469
0.545	3.8797665
0.55	4.0248045
0.555	4.0973235
0.56	3.988545
0.565	3.843507
0.57	3.5896905
0.575	3.335874
0.58	3.0820575
0.585	2.828241
0.59	2.6469435
0.595	2.5019055
0.6	2.5019055
0.605	2.465646
0.61	2.465646
0.615	2.5019055
0.62	2.5744245
0.625	2.5744245
0.63	2.610684
0.635	2.610684
0.64	2.610684
0.645	2.5744245
0.65	2.5019055
0.655	2.3568675
0.66	2.2118295
0.665	1.9942725
0.67	1.812975
0.675	1.595418
0.68	1.45038
0.685	1.3416015
0.69	1.3416015
0.695	1.377861
0.7	1.522899
0.705	1.812975
0.71	1.9942725
0.715	2.1393105
0.72	2.248089
0.725	2.320608
0.73	2.248089
0.735	2.1393105
0.74	1.958013
0.745	1.7041965
0.75	1.4866395
0.755	1.232823
0.76	1.015266
0.765	0.870228
0.77	0.72519
0.775	0.6889305
0.78	0.6889305
0.785	0.6889305
0.79	0.72519
0.795	0.7614495
0.8	0.870228
0.805	0.942747
0.81	0.942747
0.815	0.942747
0.82	0.870228
0.825	0.8339685
0.83	0.72519
0.835	0.580152
0.84	0.507633
0.845	0.435114
0.85	0.362595
0.855	0.362595
0.86	0.362595
0.865	0.435114
0.87	0.435114
0.875	0.435114
0.88	0.435114
0.885	0.362595
0.89	0.3263355
0.895	0.217557
0.9	0.217557
0.905	0.217557
0.91	0.2538165
0.915	0.362595
0.92	0.507633
0.925	0.6889305
0.93	0.7614495
0.935	0.870228
0.94	0.942747
0.945	0.942747
0.95	0.8339685
0.955	0.72519
0.96	0.507633
0.965	0.2538165
0.97	0.072519
0.975	-0.145038
0.98	-0.290076
0.985	-0.435114
0.99	-0.507633
0.995	-0.507633
1	-0.435114
1.005	-0.362595
1.01	-0.2538165
1.015	-0.145038
1.02	-0.1087785
1.025	-0.0362595
1.03	-0.0362595
1.035	-0.1087785
1.04	-0.1812975
1.045	-0.290076
1.05	-0.435114
1.055	-0.6164115
1.06	-0.7614495
1.065	-0.870228
1.07	-0.942747
1.075	-1.015266
1.08	-1.0515255
1.085	-1.0515255
1.09	-1.0515255
1.095	-1.015266
1.1	-1.015266
1.105	-0.942747
1.11	-0.870228
1.115	-0.797709
1.12	-0.6889305
1.125	-0.652671
1.13	-0.6164115
1.135	-0.6164115
1.14	-0.6164115
1.145	-0.652671
1.15	-0.652671
1.155	-0.6889305
1.16	-0.7614495
1.165	-0.7614495
1.17	-0.7614495
1.175	-0.7614495
1.18	-0.7614495
1.185	-0.7614495
1.19	-0.797709
1.195	-0.9064875
1.2	-0.942747
1.205	-1.1240445
1.21	-1.1965635
1.215	-1.377861
1.22	-1.45038
1.225	-1.5591585
1.23	-1.5591585
1.235	-1.5591585
1.24	-1.522899
1.245	-1.4141205
1.25	-1.305342
1.255	-1.2690825
1.26	-1.1965635
1.265	-1.160304
1.27	-1.160304
1.275	-1.1965635
1.28	-1.305342
1.285	-1.377861
1.29	-1.45038
1.295	-1.522899
1.3	-1.5591585
1.305	-1.6316775
1.31	-1.667937
1.315	-1.667937
1.32	-1.667937
1.325	-1.6316775
1.33	-1.6316775
1.335	-1.667937
1.34	-1.667937
1.345	-1.667937
1.35	-1.740456
1.355	-1.740456
1.36	-1.740456
1.365	-1.740456
1.37	-1.740456
1.375	-1.740456
1.38	-1.740456
1.385	-1.740456
1.39	-1.7767155
1.395	-1.812975
1.4	-1.885494
1.405	-1.9217535
1.41	-1.9942725
1.415	-1.9942725
1.42	-1.9942725
1.425	-1.9217535
1.43	-1.9217535
1.435	-1.812975
1.44	-1.740456
1.445	-1.522899
1.45	-1.160304
1.455	-0.652671
1.46	-0.145038
1.465	0.435114
1.47	1.087785
1.475	1.595418
1.48	1.9942725
1.485	2.465646
1.49	2.828241
1.495	2.8645005
1.5	2.90076
1.505	2.90076
1.51	2.973279
1.515	3.0820575
1.52	3.335874
1.525	3.7347285
1.53	4.0973235
1.535	4.35114
1.54	4.35114
1.545	4.2423615
1.55	3.9522855
1.555	3.4446525
1.56	2.828241
1.565	2.320608
1.57	1.812975
1.575	1.45038
1.58	1.2690825
1.585	1.2690825
1.59	1.45038
1.595	1.740456
1.6	2.2118295
1.605	2.7194625
1.61	3.263355
1.615	3.698469
1.62	3.8797665
1.625	3.9522855
1.63	3.843507
1.635	3.5896905
1.64	3.1545765
1.645	2.7194625
1.65	2.248089
1.655	1.8492345
1.66	1.522899
1.665	1.3416015
1.67	1.1965635
1.675	1.1965635
1.68	1.1965635
1.685	1.1965635
1.69	1.232823
1.695	1.2690825
1.7	1.522899
1.705	1.885494
1.71	2.393127
1.715	2.973279
1.72	3.480912
1.725	4.0248045
1.73	4.4599185
1.735	4.641216
1.74	4.713735
1.745	4.641216
1.75	4.2423615
1.755	3.770988
1.76	3.1545765
1.765	2.610684
1.77	2.1393105
1.775	1.8492345
1.78	1.6316775
1.785	1.595418
1.79	1.7041965
1.795	1.8492345
1.8	2.0667915
1.805	2.2118295
1.81	2.3568675
1.815	2.465646
1.82	2.393127
1.825	2.2118295
1.83	1.958013
1.835	1.7041965
1.84	1.377861
1.845	1.1965635
1.85	1.087785
1.855	1.087785
1.86	1.1240445
1.865	1.3416015
1.87	1.522899
1.875	1.740456
1.88	1.885494
1.885	1.9942725
1.89	1.9942725
1.895	1.885494
1.9	1.740456
1.905	1.4866395
1.91	1.1965635
1.915	0.942747
1.92	0.72519
1.925	0.6164115
1.93	0.6889305
1.935	0.8339685
1.94	1.087785
1.945	1.45038
1.95	1.8492345
1.955	2.1393105
1.96	2.393127
1.965	2.5019055
1.97	2.5019055
1.975	2.393127
1.98	2.248089
1.985	2.103051
1.99	1.885494
1.995	1.7041965
2	1.522899
2.005	1.45038
2.01	1.3416015
2.015	1.2690825
2.02	1.3416015
2.025	1.377861
2.03	1.4866395
2.035	1.595418
2.04	1.7041965
2.045	1.6316775
2.05	1.4866395
2.055	1.2690825
2.06	1.015266
2.065	0.7614495
2.07	0.580152
2.075	0.435114
2.08	0.435114
2.085	0.507633
2.09	0.72519
2.095	0.9790065
2.1	1.2690825
2.105	1.595418
2.11	1.8492345
2.115	2.0667915
2.12	2.1393105
2.125	2.1393105
2.13	1.9942725
2.135	1.812975
2.14	1.45038
2.145	1.087785
2.15	0.72519
2.155	0.362595
2.16	0.072519
2.165	-0.145038
2.17	-0.290076
2.175	-0.362595
2.18	-0.362595
2.185	-0.362595
2.19	-0.362595
2.195	-0.362595
2.2	-0.3988545
2.205	-0.435114
2.21	-0.5438925
2.215	-0.652671
2.22	-0.6889305
2.225	-0.7614495
2.23	-0.7614495
2.235	-0.6889305
2.24	-0.6164115
2.245	-0.507633
2.25	-0.3988545
2.255	-0.362595
2.26	-0.362595
2.265	-0.3988545
2.27	-0.5438925
2.275	-0.6889305
2.28	-0.9064875
2.285	-1.0515255
2.29	-1.160304
2.295	-1.160304
2.3	-1.0515255
2.305	-0.9064875
2.31	-0.652671
2.315	-0.3988545
2.32	-0.1812975
2.325	0.072519
2.33	0.217557
2.335	0.2538165
2.34	0.217557
2.345	0.072519
2.35	-0.145038
2.355	-0.362595
2.36	-0.507633
2.365	-0.5438925
2.37	-0.5438925
2.375	-0.435114
2.38	-0.290076
2.385	-0.1087785
2.39	0.1087785
2.395	0.2538165
2.4	0.362595
2.405	0.3263355
2.41	0.2538165
2.415	0.1087785
2.42	-0.1087785
2.425	-0.2538165
2.43	-0.3988545
2.435	-0.507633
2.44	-0.507633
2.445	-0.507633
2.45	-0.3988545
2.455	-0.1812975
2.46	0.072519
2.465	0.3263355
2.47	0.6164115
2.475	0.8339685
2.48	1.015266
2.485	1.1240445
2.49	1.232823
2.495	1.2690825
2.5	1.3416015
2.505	1.377861
2.51	1.377861
2.515	1.3416015
2.52	1.2690825
2.525	1.1965635
2.53	0.9790065
2.535	0.7614495
2.54	0.507633
2.545	0.3263355
2.55	0.1087785
2.555	-0.0362595
2.56	-0.145038
2.565	-0.145038
2.57	-0.1087785
2.575	0.072519
2.58	0.2538165
2.585	0.507633
2.59	0.8339685
2.595	1.087785
2.6	1.3416015
2.605	1.4866395
2.61	1.522899
2.615	1.4866395
2.62	1.2690825
2.625	0.9790065
2.63	0.6889305
2.635	0.362595
2.64	0.072519
2.645	-0.2538165
2.65	-0.435114
2.655	-0.6164115
2.66	-0.652671
2.665	-0.6889305
2.67	-0.652671
2.675	-0.5438925
2.68	-0.3988545
2.685	-0.2538165
2.69	-0.1087785
2.695	-0.0362595
2.7	0
2.705	-0.0362595
2.71	-0.145038
2.715	-0.362595
2.72	-0.6164115
2.725	-0.797709
2.73	-1.0515255
2.735	-1.1965635
2.74	-1.305342
2.745	-1.377861
2.75	-1.377861
2.755	-1.1965635
2.76	-1.0515255
2.765	-0.870228
2.77	-0.652671
2.775	-0.3988545
2.78	-0.2538165
2.785	-0.1087785
2.79	-0.0362595
2.795	-0.0362595
2.8	-0.1087785
2.805	-0.1812975
2.81	-0.290076
2.815	-0.3988545
2.82	-0.507633
2.825	-0.507633
2.83	-0.435114
2.835	-0.3988545
2.84	-0.2538165
2.845	-0.0362595
2.85	0.217557
2.855	0.580152
2.86	1.087785
2.865	1.595418
2.87	2.103051
2.875	2.610684
2.88	3.0820575
2.885	3.4446525
2.89	3.62595
2.895	3.770988
2.9	3.62595
2.905	3.335874
2.91	2.828241
2.915	2.3568675
2.92	1.9942725
2.925	1.740456
2.93	1.7041965
2.935	1.812975
2.94	1.885494
2.945	1.958013
2.95	1.958013
2.955	1.812975
2.96	1.4866395
2.965	1.087785
2.97	0.6889305
2.975	0.2538165
2.98	-0.0362595
2.985	-0.2538165
2.99	-0.362595
2.995	-0.3988545
3	-0.3988545
3.005	-0.290076
3.01	-0.2538165
3.015	-0.145038
3.02	-0.145038
3.025	-0.1812975
3.03	-0.290076
3.035	-0.435114
3.04	-0.6164115
3.045	-0.7614495
3.05	-0.797709
3.055	-0.797709
3.06	-0.652671
3.065	-0.3988545
3.07	-0.0362595
3.075	0.2538165
3.08	0.580152
3.085	0.72519
3.09	0.7614495
3.095	0.6889305
3.1	0.507633
3.105	0.2538165
3.11	0
3.115	-0.1812975
3.12	-0.3988545
3.125	-0.507633
3.13	-0.5438925
3.135	-0.5438925
3.14	-0.435114
3.145	-0.290076
3.15	-0.1812975
3.155	-0.1087785
3.16	-0.0362595
3.165	0
3.17	-0.1087785
3.175	-0.2538165
3.18	-0.3988545
3.185	-0.6164115
3.19	-0.797709
3.195	-1.015266
3.2	-1.1240445
3.205	-1.1965635
3.21	-1.2690825
3.215	-1.2690825
3.22	-1.2690825
3.225	-1.1965635
3.23	-1.1965635
3.235	-1.2690825
3.24	-1.305342
3.245	-1.377861
3.25	-1.45038
3.255	-1.5591585
3.26	-1.6316775
3.265	-1.740456
3.27	-1.7767155
3.275	-1.7767155
3.28	-1.740456
3.285	-1.667937
3.29	-1.5591585
3.295	-1.377861
3.3	-1.1965635
3.305	-1.015266
3.31	-0.870228
3.315	-0.7614495
3.32	-0.7614495
3.325	-0.870228
3.33	-0.942747
3.335	-1.160304
3.34	-1.4141205
3.345	-1.6316775
3.35	-1.7767155
3.355	-1.885494
3.36	-1.885494
3.365	-1.7767155
3.37	-1.6316775
3.375	-1.4141205
3.38	-1.2690825
3.385	-1.1240445
3.39	-1.015266
3.395	-1.015266
3.4	-1.0515255
3.405	-1.160304
3.41	-1.305342
3.415	-1.45038
3.42	-1.6316775
3.425	-1.740456
3.43	-1.7767155
3.435	-1.740456
3.44	-1.6316775
3.445	-1.4141205
3.45	-1.160304
3.455	-0.870228
3.46	-0.6164115
3.465	-0.3988545
3.47	-0.2538165
3.475	-0.2538165
3.48	-0.290076
3.485	-0.435114
3.49	-0.6164115
3.495	-0.6889305
3.5	-0.870228
3.505	-0.9064875
3.51	-0.942747
3.515	-0.942747
3.52	-0.9064875
3.525	-0.797709
3.53	-0.7614495
3.535	-0.652671
3.54	-0.6164115
3.545	-0.5438925
3.55	-0.6164115
3.555	-0.652671
3.56	-0.7614495
3.565	-0.9064875
3.57	-1.0515255
3.575	-1.1965635
3.58	-1.377861
3.585	-1.522899
3.59	-1.667937
3.595	-1.7767155
3.6	-1.885494
3.605	-1.9942725
3.61	-2.0667915
3.615	-2.1393105
3.62	-2.248089
3.625	-2.248089
3.63	-2.17557
3.635	-2.0667915
3.64	-1.9217535
3.645	-1.740456
3.65	-1.522899
3.655	-1.2690825
3.66	-1.0515255
3.665	-0.9064875
3.67	-0.797709
3.675	-0.7614495
3.68	-0.7614495
3.685	-0.797709
3.69	-0.870228
3.695	-1.015266
3.7	-1.160304
3.705	-1.305342
3.71	-1.522899
3.715	-1.6316775
3.72	-1.7767155
3.725	-1.812975
3.73	-1.885494
3.735	-1.885494
3.74	-1.885494
3.745	-1.885494
3.75	-1.885494
3.755	-1.9217535
3.76	-1.9942725
3.765	-2.1393105
3.77	-2.248089
3.775	-2.393127
3.78	-2.5019055
3.785	-2.538165
3.79	-2.538165
3.795	-2.5019055
3.8	-2.393127
3.805	-2.2843485
3.81	-2.1393105
3.815	-2.030532
3.82	-1.9217535
3.825	-1.885494
3.83	-1.812975
3.835	-1.812975
3.84	-1.812975
3.845	-1.812975
3.85	-1.885494
3.855	-1.885494
3.86	-1.885494
3.865	-1.812975
3.87	-1.812975
3.875	-1.7767155
3.88	-1.7767155
3.885	-1.7767155
3.89	-1.7767155
3.895	-1.812975
3.9	-1.9217535
3.905	-2.030532
3.91	-2.17557
3.915	-2.2843485
3.92	-2.4293865
3.925	-2.538165
3.93	-2.6469435
3.935	-2.6469435
3.94	-2.6469435
3.945	-2.6469435
3.95	-2.538165
3.955	-2.4293865
3.96	-2.320608
3.965	-2.17557
3.97	-2.030532
3.975	-1.9217535
3.98	-1.7767155
3.985	-1.667937
3.99	-1.6316775
3.995	-1.5591585
4	-1.6316775
4.005	-1.667937
4.01	-1.7767155
4.015	-1.885494
4.02	-1.9942725
4.025	-2.0667915
4.03	-2.1393105
4.035	-2.1393105
4.04	-2.0667915
4.045	-1.9217535
4.05	-1.740456
4.055	-1.522899
4.06	-1.377861
4.065	-1.1965635
4.07	-1.160304
4.075	-1.160304
4.08	-1.2690825
4.085	-1.4141205
4.09	-1.522899
4.095	-1.6316775
4.1	-1.667937
4.105	-1.6316775
4.11	-1.5591585
4.115	-1.4141205
4.12	-1.1965635
4.125	-1.1240445
4.13	-0.942747
4.135	-0.9064875
4.14	-0.9064875
4.145	-0.9064875
4.15	-0.9064875
4.155	-0.9064875
4.16	-0.9064875
4.165	-0.870228
4.17	-0.9064875
4.175	-0.942747
4.18	-1.0515255
4.185	-1.1965635
4.19	-1.377861
4.195	-1.522899
4.2	-1.6316775
4.205	-1.740456
4.21	-1.740456
4.215	-1.667937
4.22	-1.6316775
4.225	-1.522899
4.23	-1.4141205
4.235	-1.4141205
4.24	-1.4141205
4.245	-1.522899
4.25	-1.6316775
4.255	-1.7767155
4.26	-1.9217535
4.265	-2.0667915
4.27	-2.17557
4.275	-2.248089
4.28	-2.248089
4.285	-2.17557
4.29	-2.0667915
4.295	-1.9942725
4.3	-1.812975
4.305	-1.7767155
4.31	-1.667937
4.315	-1.6316775
4.32	-1.6316775
4.325	-1.667937
4.33	-1.7767155
4.335	-1.885494
4.34	-2.030532
4.345	-2.17557
4.35	-2.320608
4.355	-2.4293865
4.36	-2.538165
4.365	-2.5744245
4.37	-2.5744245
4.375	-2.538165
4.38	-2.5019055
4.385	-2.320608
4.39	-2.17557
4.395	-2.030532
4.4	-1.812975
4.405	-1.740456
4.41	-1.667937
4.415	-1.6316775
4.42	-1.667937
4.425	-1.7767155
4.43	-1.885494
4.435	-1.9942725
4.44	-2.1393105
4.445	-2.17557
4.45	-2.248089
4.455	-2.17557
4.46	-2.0667915
4.465	-1.885494
4.47	-1.6316775
4.475	-1.377861
4.48	-1.1240445
4.485	-0.9064875
4.49	-0.797709
4.495	-0.797709
4.5	-0.870228
4.505	-0.942747
4.51	-1.0515255
4.515	-1.160304
4.52	-1.160304
4.525	-1.160304
4.53	-1.0515255
4.535	-0.9064875
4.54	-0.6889305
4.545	-0.5438925
4.55	-0.3988545
4.555	-0.290076
4.56	-0.1812975
4.565	-0.1812975
4.57	-0.145038
4.575	-0.1087785
4.58	0
4.585	0.1812975
4.59	0.362595
4.595	0.580152
4.6	0.7614495
4.605	0.942747
4.61	0.9790065
4.615	0.870228
4.62	0.6889305
4.625	0.362595
4.63	0
4.635	-0.290076
4.64	-0.6164115
4.645	-0.870228
4.65	-1.015266
4.655	-1.0515255
4.66	-1.1240445
4.665	-1.0515255
4.67	-1.015266
4.675	-0.942747
4.68	-0.942747
4.685	-0.942747
4.69	-1.0515255
4.695	-1.160304
4.7	-1.2690825
4.705	-1.377861
4.71	-1.45038
4.715	-1.522899
4.72	-1.45038
4.725	-1.4141205
4.73	-1.305342
4.735	-1.160304
4.74	-0.942747
4.745	-0.797709
4.75	-0.652671
4.755	-0.5438925
4.76	-0.435114
4.765	-0.3988545
4.77	-0.3988545
4.775	-0.3988545
4.78	-0.435114
4.785	-0.435114
4.79	-0.507633
4.795	-0.507633
4.8	-0.5438925
4.805	-0.5438925
4.81	-0.6164115
4.815	-0.6164115
4.82	-0.652671
4.825	-0.652671
4.83	-0.652671
4.835	-0.6164115
4.84	-0.5438925
4.845	-0.435114
4.85	-0.362595
4.855	-0.2538165
4.86	-0.145038
4.865	-0.145038
4.87	-0.1812975
4.875	-0.290076
4.88	-0.3988545
4.885	-0.5438925
4.89	-0.652671
4.895	-0.6889305
4.9	-0.652671
4.905	-0.507633
4.91	-0.290076
4.915	-0.0362595
4.92	0.217557
4.925	0.435114
4.93	0.580152
4.935	0.580152
4.94	0.435114
4.945	0.2538165
4.95	0
4.955	-0.2538165
4.96	-0.362595
4.965	-0.362595
4.97	-0.290076
4.975	-0.1087785
4.98	0.1087785
4.985	0.3263355
4.99	0.4713735
4.995	0.507633
5	0.435114
5.005	0.2538165
5.01	0
5.015	-0.290076
5.02	-0.6164115
5.025	-0.797709
5.03	-1.015266
5.035	-1.1240445
5.04	-1.1240445
5.045	-1.1240445
5.05	-1.015266
5.055	-0.9064875
5.06	-0.797709
5.065	-0.7614495
5.07	-0.6889305
5.075	-0.7614495
5.08	-0.797709
5.085	-0.870228
5.09	-0.942747
5.095	-1.0515255
5.1	-1.1240445
5.105	-1.1965635
5.11	-1.2690825
5.115	-1.305342
5.12	-1.377861
5.125	-1.305342
5.13	-1.305342
5.135	-1.2690825
5.14	-1.160304
5.145	-1.0515255
5.15	-1.015266
5.155	-0.942747
5.16	-0.942747
5.165	-1.015266
5.17	-1.1240445
5.175	-1.2690825
5.18	-1.4141205
5.185	-1.5591585
5.19	-1.6316775
5.195	-1.740456
5.2	-1.740456
5.205	-1.740456
5.21	-1.667937
5.215	-1.6316775
5.22	-1.522899
5.225	-1.4141205
5.23	-1.305342
5.235	-1.2690825
5.24	-1.160304
5.245	-1.1240445
5.25	-1.1240445
5.255	-1.0515255
5.26	-1.015266
5.265	-1.015266
5.27	-1.015266
5.275	-1.015266
5.28	-1.0515255
5.285	-1.0515255
5.29	-1.1240445
5.295	-1.1240445
5.3	-1.160304
5.305	-1.160304
5.31	-1.1965635
5.315	-1.2690825
5.32	-1.305342
5.325	-1.305342
5.33	-1.305342
5.335	-1.305342
5.34	-1.2690825
5.345	-1.1965635
5.35	-1.1240445
5.355	-1.015266
5.36	-0.9064875
5.365	-0.870228
5.37	-0.7614495
5.375	-0.7614495
5.38	-0.7614495
5.385	-0.7614495
5.39	-0.797709
5.395	-0.870228
5.4	-0.942747
5.405	-1.015266
5.41	-1.0515255
5.415	-1.0515255
5.42	-1.015266
5.425	-0.942747
5.43	-0.870228
5.435	-0.797709
5.44	-0.6889305
5.445	-0.6164115
5.45	-0.5438925
5.455	-0.507633
5.46	-0.435114
5.465	-0.3988545
5.47	-0.362595
5.475	-0.290076
5.48	-0.290076
5.485	-0.362595
5.49	-0.3988545
5.495	-0.5438925
5.5	-0.6889305
5.505	-0.9064875
5.51	-1.0515255
5.515	-1.2690825
5.52	-1.377861
5.525	-1.45038
5.53	-1.522899
5.535	-1.522899
5.54	-1.522899
5.545	-1.522899
5.55	-1.522899
5.555	-1.522899
5.56	-1.5591585
5.565	-1.6316775
5.57	-1.7767155
5.575	-1.812975
5.58	-1.9217535
5.585	-2.030532
5.59	-2.1393105
5.595	-2.1393105
5.6	-2.17557
5.605	-2.1393105
5.61	-2.030532
5.615	-1.9217535
5.62	-1.812975
5.625	-1.7767155
5.63	-1.740456
5.635	-1.740456
5.64	-1.7767155
5.645	-1.812975
5.65	-1.885494
5.655	-1.9217535
5.66	-2.030532
5.665	-2.0667915
5.67	-2.0667915
5.675	-2.1393105
5.68	-2.1393105
5.685	-2.0667915
5.69	-2.0667915
5.695	-2.030532
5.7	-1.9942725
5.705	-1.9942725
5.71	-1.9217535
5.715	-1.885494
5.72	-1.885494
5.725	-1.885494
5.73	-1.9217535
5.735	-1.9942725
5.74	-2.0667915
5.745	-2.1393105
5.75	-2.248089
5.755	-2.2843485
5.76	-2.320608
5.765	-2.393127
5.77	-2.320608
5.775	-2.320608
5.78	-2.248089
5.785	-2.1393105
5.79	-1.9942725
5.795	-1.885494
5.8	-1.740456
5.805	-1.6316775
5.81	-1.522899
5.815	-1.4141205
5.82	-1.2690825
5.825	-1.1965635
5.83	-1.1240445
5.835	-1.1240445
5.84	-1.1240445
5.845	-1.1965635
5.85	-1.305342
5.855	-1.522899
5.86	-1.667937
5.865	-1.812975
5.87	-1.9942725
5.875	-2.030532
5.88	-2.0667915
5.885	-2.030532
5.89	-1.9217535
5.895	-1.812975
5.9	-1.667937
5.905	-1.522899
5.91	-1.4141205
5.915	-1.377861
5.92	-1.305342
5.925	-1.377861
5.93	-1.45038
5.935	-1.522899
5.94	-1.667937
5.945	-1.7767155
5.95	-1.885494
5.955	-1.9217535
5.96	-1.9942725
5.965	-1.9942725
5.97	-1.9942725
5.975	-2.030532
5.98	-2.0667915
5.985	-2.0667915
5.99	-2.1393105
5.995	-2.1393105
6	-2.17557
6.005	-2.17557
6.01	-2.1393105
6.015	-2.1393105
6.02	-2.0667915
6.025	-2.030532
6.03	-1.9942725
6.035	-1.9217535
6.04	-1.9217535
6.045	-1.9942725
6.05	-2.030532
6.055	-2.0667915
6.06	-2.0667915
6.065	-2.0667915
6.07	-2.030532
6.075	-1.9942725
6.08	-1.885494
6.085	-1.7767155
6.09	-1.667937
6.095	-1.5591585
6.1	-1.5591585
6.105	-1.5591585
6.11	-1.6316775
6.115	-1.740456
6.12	-1.812975
6.125	-1.9217535
6.13	-1.9942725
6.135	-2.030532
6.14	-2.030532
6.145	-2.030532
6.15	-1.9942725
6.155	-1.9217535
6.16	-1.812975
6.165	-1.740456
6.17	-1.6316775
6.175	-1.5591585
6.18	-1.522899
6.185	-1.45038
6.19	-1.45038
6.195	-1.5591585
6.2	-1.6316775
6.205	-1.667937
6.21	-1.7767155
6.215	-1.7767155
6.22	-1.7767155
6.225	-1.740456
6.23	-1.667937
6.235	-1.5591585
6.24	-1.522899
6.245	-1.45038
6.25	-1.45038
6.255	-1.45038
6.26	-1.522899
6.265	-1.5591585
6.27	-1.6316775
6.275	-1.740456
6.28	-1.7767155
6.285	-1.885494
6.29	-1.9217535
6.295	-1.9942725
6.3	-1.9942725
6.305	-1.885494
6.31	-1.812975
6.315	-1.667937
6.32	-1.5591585
6.325	-1.4141205
6.33	-1.377861
6.335	-1.377861
6.34	-1.377861
6.345	-1.522899
6.35	-1.6316775
6.355	-1.812975
6.36	-1.9942725
6.365	-2.1393105
6.37	-2.248089
6.375	-2.320608
6.38	-2.393127
6.385	-2.393127
6.39	-2.393127
6.395	-2.320608
6.4	-2.2843485
6.405	-2.17557
6.41	-2.1393105
6.415	-2.0667915
6.42	-2.030532
6.425	-2.030532
6.43	-2.0667915
6.435	-2.1393105
6.44	-2.17557
6.445	-2.2843485
6.45	-2.320608
6.455	-2.393127
6.46	-2.393127
6.465	-2.393127
6.47	-2.320608
6.475	-2.248089
6.48	-2.17557
6.485	-2.1393105
6.49	-2.0667915
6.495	-2.0667915
6.5	-2.1393105
6.505	-2.1393105
6.51	-2.248089
6.515	-2.2843485
6.52	-2.393127
6.525	-2.393127
6.53	-2.4293865
6.535	-2.393127
6.54	-2.320608
6.545	-2.248089
6.55	-2.1393105
6.555	-2.0667915
6.56	-2.030532
6.565	-2.030532
6.57	-2.030532
6.575	-2.1393105
6.58	-2.248089
6.585	-2.320608
6.59	-2.4293865
6.595	-2.5019055
6.6	-2.5019055
6.605	-2.4293865
6.61	-2.320608
6.615	-2.17557
6.62	-2.030532
6.625	-1.9217535
6.63	-1.885494
6.635	-1.885494
6.64	-1.9217535
6.645	-2.030532
6.65	-2.248089
6.655	-2.393127
6.66	-2.5744245
6.665	-2.683203
6.67	-2.7919815
6.675	-2.828241
6.68	-2.7919815
6.685	-2.755722
6.69	-2.5744245
6.695	-2.393127
6.7	-2.248089
6.705	-2.0667915
6.71	-1.9217535
6.715	-1.885494
6.72	-1.885494
6.725	-1.9217535
6.73	-1.9942725
6.735	-2.1393105
6.74	-2.248089
6.745	-2.2843485
6.75	-2.393127
6.755	-2.4293865
6.76	-2.4293865
6.765	-2.4293865
6.77	-2.4293865
6.775	-2.393127
6.78	-2.393127
6.785	-2.320608
6.79	-2.320608
6.795	-2.320608
6.8	-2.393127
6.805	-2.4293865
6.81	-2.4293865
6.815	-2.5019055
6.82	-2.5019055
6.825	-2.4293865
6.83	-2.4293865
6.835	-2.393127
6.84	-2.393127
6.845	-2.393127
6.85	-2.320608
6.855	-2.320608
6.86	-2.320608
6.865	-2.393127
6.87	-2.393127
6.875	-2.393127
6.88	-2.320608
6.885	-2.2843485
6.89	-2.248089
6.895	-2.17557
6.9	-2.1393105
6.905	-2.030532
6.91	-1.9942725
6.915	-1.9217535
6.92	-1.9217535
6.925	-1.9217535
6.93	-1.9217535
6.935	-1.9217535
6.94	-1.9217535
6.945	-1.885494
6.95	-1.885494
6.955	-1.812975
6.96	-1.740456
6.965	-1.667937
6.97	-1.6316775
6.975	-1.6316775
6.98	-1.6316775
6.985	-1.6316775
6.99	-1.667937
6.995	-1.740456
7	-1.7767155
7.005	-1.812975
7.01	-1.885494
7.015	-1.885494
7.02	-1.885494
7.025	-1.885494
7.03	-1.812975
7.035	-1.740456
7.04	-1.667937
7.045	-1.5591585
7.05	-1.45038
7.055	-1.4141205
7.06	-1.377861
7.065	-1.305342
7.07	-1.305342
7.075	-1.377861
7.08	-1.4141205
7.085	-1.522899
7.09	-1.5591585
7.095	-1.667937
7.1	-1.740456
7.105	-1.740456
7.11	-1.667937
7.115	-1.667937
7.12	-1.6316775
7.125	-1.5591585
7.13	-1.522899
7.135	-1.45038
7.14	-1.45038
7.145	-1.45038
7.15	-1.45038
7.155	-1.522899
7.16	-1.5591585
7.165	-1.5591585
7.17	-1.6316775
7.175	-1.6316775
7.18	-1.5591585
7.185	-1.522899
7.19	-1.45038
7.195	-1.4141205
7.2	-1.377861
7.205	-1.305342
7.21	-1.305342
7.215	-1.2690825
7.22	-1.2690825
7.225	-1.1965635
7.23	-1.1965635
7.235	-1.160304
7.24	-1.1965635
7.245	-1.1965635
7.25	-1.2690825
7.255	-1.305342
7.26	-1.377861
7.265	-1.4141205
7.27	-1.4141205
7.275	-1.377861
7.28	-1.377861
7.285	-1.305342
7.29	-1.305342
7.295	-1.305342
7.3	-1.305342
7.305	-1.4141205
7.31	-1.45038
7.315	-1.5591585
7.32	-1.667937
7.325	-1.7767155
7.33	-1.812975
7.335	-1.885494
7.34	-1.885494
7.345	-1.812975
7.35	-1.740456
7.355	-1.5591585
7.36	-1.377861
7.365	-1.1965635
7.37	-1.015266
7.375	-0.9064875
7.38	-0.870228
7.385	-0.870228
7.39	-0.942747
7.395	-1.1240445
7.4	-1.1965635
7.405	-1.305342
7.41	-1.377861
7.415	-1.4141205
7.42	-1.377861
7.425	-1.2690825
7.43	-1.160304
7.435	-1.0515255
7.44	-1.015266
7.445	-1.0515255
7.45	-1.1240445
7.455	-1.1965635
7.46	-1.305342
7.465	-1.4141205
7.47	-1.45038
7.475	-1.45038
7.48	-1.377861
7.485	-1.2690825
7.49	-1.1240445
7.495	-0.942747
7.5	-0.870228
7.505	-0.7614495
7.51	-0.797709
7.515	-0.870228
7.52	-1.015266
7.525	-1.1965635
7.53	-1.377861
7.535	-1.522899
7.54	-1.5591585
7.545	-1.5591585
7.55	-1.522899
7.555	-1.377861
7.56	-1.1965635
7.565	-1.0515255
7.57	-0.9064875
7.575	-0.797709
7.58	-0.7614495
7.585	-0.797709
7.59	-0.870228
7.595	-0.942747
7.6	-1.1240445
7.605	-1.1965635
7.61	-1.2690825
7.615	-1.2690825
7.62	-1.2690825
7.625	-1.1965635
7.63	-1.1240445
7.635	-0.942747
7.64	-0.870228
7.645	-0.6889305
7.65	-0.6164115
7.655	-0.5438925
7.66	-0.5438925
7.665	-0.6164115
7.67	-0.652671
7.675	-0.7614495
7.68	-0.9064875
7.685	-0.942747
7.69	-1.015266
7.695	-1.015266
7.7	-0.942747
7.705	-0.870228
7.71	-0.6889305
7.715	-0.5438925
7.72	-0.3988545
7.725	-0.290076
7.73	-0.2538165
7.735	-0.2538165
7.74	-0.290076
7.745	-0.3988545
7.75	-0.507633
7.755	-0.652671
7.76	-0.7614495
7.765	-0.870228
7.77	-0.870228
7.775	-0.870228
7.78	-0.797709
7.785	-0.7614495
7.79	-0.6889305
7.795	-0.652671
7.8	-0.5438925
7.805	-0.507633
7.81	-0.3988545
7.815	-0.290076
7.82	-0.2538165
7.825	-0.2538165
7.83	-0.290076
7.835	-0.3988545
7.84	-0.5438925
7.845	-0.797709
7.85	-1.0515255
7.855	-1.2690825
7.86	-1.4141205
7.865	-1.522899
7.87	-1.45038
7.875	-1.305342
7.88	-1.1240445
7.885	-0.870228
7.89	-0.6164115
7.895	-0.3988545
7.9	-0.290076
7.905	-0.2538165
7.91	-0.362595
7.915	-0.435114
7.92	-0.6164115
7.925	-0.797709
7.93	-0.9064875
7.935	-1.015266
7.94	-1.015266
7.945	-1.015266
7.95	-1.015266
7.955	-0.9064875
7.96	-0.870228
7.965	-0.7614495
7.97	-0.6889305
7.975	-0.6164115
7.98	-0.5438925
7.985	-0.507633
7.99	-0.507633
7.995	-0.507633
8	-0.5438925
8.005	-0.6164115
8.01	-0.6164115
8.015	-0.652671
8.02	-0.6889305
8.025	-0.6889305
8.03	-0.652671
8.035	-0.6164115
8.04	-0.507633
8.045	-0.3988545
8.05	-0.2538165
8.055	-0.145038
8.06	-0.145038
8.065	-0.145038
8.07	-0.1812975
8.075	-0.362595
8.08	-0.507633
8.085	-0.652671
8.09	-0.797709
8.095	-0.942747
8.1	-1.015266
8.105	-1.015266
8.11	-1.015266
8.115	-0.942747
8.12	-0.870228
8.125	-0.797709
8.13	-0.6889305
8.135	-0.652671
8.14	-0.652671
8.145	-0.652671
8.15	-0.652671
8.155	-0.6889305
8.16	-0.7614495
8.165	-0.797709
8.17	-0.870228
8.175	-0.9064875
8.18	-0.942747
8.185	-0.942747
8.19	-1.015266
8.195	-1.0515255
8.2	-1.0515255
8.205	-1.0515255
8.21	-1.1240445
8.215	-1.0515255
8.22	-1.0515255
8.225	-1.0515255
8.23	-1.015266
8.235	-0.942747
8.24	-0.942747
8.245	-0.9064875
8.25	-0.942747
8.255	-0.942747
8.26	-1.015266
8.265	-1.0515255
8.27	-1.1240445
8.275	-1.160304
8.28	-1.1965635
8.285	-1.1965635
8.29	-1.160304
8.295	-1.160304
8.3	-1.0515255
8.305	-0.942747
8.31	-0.870228
8.315	-0.7614495
8.32	-0.6889305
8.325	-0.6164115
8.33	-0.6164115
8.335	-0.6164115
8.34	-0.6164115
8.345	-0.6889305
8.35	-0.797709
8.355	-0.9064875
8.36	-1.015266
8.365	-1.1240445
8.37	-1.1965635
8.375	-1.1965635
8.38	-1.1965635
8.385	-1.160304
8.39	-1.0515255
8.395	-1.015266
8.4	-0.9064875
8.405	-0.9064875
8.41	-0.870228
8.415	-0.870228
8.42	-0.9064875
8.425	-0.942747
8.43	-1.015266
8.435	-1.0515255
8.44	-1.1240445
8.445	-1.160304
8.45	-1.160304
8.455	-1.1965635
8.46	-1.1965635
8.465	-1.1965635
8.47	-1.1965635
8.475	-1.1965635
8.48	-1.1965635
8.485	-1.160304
8.49	-1.160304
8.495	-1.1240445
8.5	-1.1240445
8.505	-1.1240445
8.51	-1.1240445
8.515	-1.1240445
8.52	-1.160304
8.525	-1.1965635
8.53	-1.1965635
8.535	-1.1965635
8.54	-1.1965635
8.545	-1.1965635
8.55	-1.1240445
8.555	-1.0515255
8.56	-1.015266
8.565	-0.942747
8.57	-0.9064875
8.575	-0.9064875
8.58	-0.9064875
8.585	-0.942747
8.59	-1.015266
8.595	-1.1240445
8.6	-1.1240445
8.605	-1.160304
8.61	-1.160304
8.615	-1.160304
8.62	-1.1240445
8.625	-1.1240445
8.63	-1.0515255
8.635	-1.0515255
8.64	-1.0515255
8.645	-1.1240445
8.65	-1.160304
8.655	-1.160304
8.66	-1.1965635
8.665	-1.1965635
8.67	-1.1965635
8.675	-1.2690825
8.68	-1.2690825
8.685	-1.2690825
8.69	-1.305342
8.695	-1.305342
8.7	-1.377861
8.705	-1.377861
8.71	-1.377861
8.715	-1.377861
8.72	-1.377861
8.725	-1.305342
8.73	-1.2690825
8.735	-1.1965635
8.74	-1.160304
8.745	-1.1240445
8.75	-1.0515255
8.755	-1.015266
8.76	-0.942747
8.765	-0.9064875
8.77	-0.870228
8.775	-0.870228
8.78	-0.797709
8.785	-0.7614495
8.79	-0.652671
8.795	-0.6164115
8.8	-0.507633
8.805	-0.435114
8.81	-0.3988545
8.815	-0.3988545
8.82	-0.435114
8.825	-0.5438925
8.83	-0.6164115
8.835	-0.6889305
8.84	-0.870228
8.845	-0.9064875
8.85	-0.942747
8.855	-0.942747
8.86	-0.942747
8.865	-0.9064875
8.87	-0.797709
8.875	-0.6889305
8.88	-0.6164115
8.885	-0.507633
8.89	-0.3988545
8.895	-0.3988545
8.9	-0.362595
8.905	-0.3988545
8.91	-0.435114
8.915	-0.507633
8.92	-0.6164115
8.925	-0.652671
8.93	-0.652671
8.935	-0.6889305
8.94	-0.7614495
8.945	-0.7614495
8.95	-0.797709
8.955	-0.870228
8.96	-0.9064875
8.965	-0.942747
8.97	-1.015266
8.975	-1.0515255
8.98	-1.1240445
8.985	-1.1240445
8.99	-1.0515255
8.995	-1.015266
9	-0.942747
9.005	-0.870228
9.01	-0.797709
9.015	-0.6889305
9.02	-0.652671
9.025	-0.652671
9.03	-0.652671
9.035	-0.6889305
9.04	-0.7614495
9.045	-0.870228
9.05	-0.942747
9.055	-1.0515255
9.06	-1.1240445
9.065	-1.1240445
9.07	-1.0515255
9.075	-0.942747
9.08	-0.870228
9.085	-0.7614495
9.09	-0.652671
9.095	-0.5438925
9.1	-0.507633
9.105	-0.507633
9.11	-0.507633
9.115	-0.6164115
9.12	-0.652671
9.125	-0.7614495
9.13	-0.870228
9.135	-0.9064875
9.14	-0.9064875
9.145	-0.9064875
9.15	-0.870228
9.155	-0.797709
9.16	-0.7614495
9.165	-0.7614495
9.17	-0.797709
9.175	-0.870228
9.18	-0.942747
9.185	-1.015266
9.19	-1.0515255
9.195	-1.1240445
9.2	-1.0515255
9.205	-1.015266
9.21	-0.942747
9.215	-0.870228
9.22	-0.7614495
9.225	-0.6889305
9.23	-0.652671
9.235	-0.652671
9.24	-0.652671
9.245	-0.6889305
9.25	-0.7614495
9.255	-0.870228
9.26	-0.942747
9.265	-1.015266
9.27	-1.0515255
9.275	-1.1240445
9.28	-1.160304
9.285	-1.160304
9.29	-1.1240445
9.295	-1.1240445
9.3	-1.0515255
9.305	-1.015266
9.31	-1.015266
9.315	-0.942747
9.32	-0.942747
9.325	-0.942747
9.33	-0.942747
9.335	-0.942747
9.34	-1.015266
9.345	-1.015266
9.35	-1.015266
9.355	-1.015266
9.36	-1.015266
9.365	-1.015266
9.37	-1.015266
9.375	-1.015266
9.38	-1.015266
9.385	-1.015266
9.39	-1.015266
9.395	-0.942747
9.4	-0.942747
9.405	-0.9064875
9.41	-0.9064875
9.415	-0.9064875
9.42	-0.9064875
9.425	-0.942747
9.43	-0.942747
9.435	-1.015266
9.44	-1.0515255
9.445	-1.1240445
9.45	-1.1240445
9.455	-1.0515255
9.46	-1.015266
9.465	-0.942747
9.47	-0.870228
9.475	-0.7614495
9.48	-0.652671
9.485	-0.6164115
9.49	-0.5438925
9.495	-0.5438925
9.5	-0.6164115
9.505	-0.652671
9.51	-0.6889305
9.515	-0.7614495
9.52	-0.797709
9.525	-0.870228
9.53	-0.870228
9.535	-0.9064875
9.54	-0.942747
9.545	-0.942747
9.55	-0.9064875
9.555	-0.9064875
9.56	-0.9064875
9.565	-0.870228
9.57	-0.870228
9.575	-0.870228
9.58	-0.870228
9.585	-0.870228
9.59	-0.9064875
9.595	-0.942747
9.6	-0.942747
9.605	-1.015266
9.61	-0.942747
9.615	-0.942747
9.62	-0.9064875
9.625	-0.870228
9.63	-0.797709
9.635	-0.7614495
9.64	-0.7614495
9.645	-0.7614495
9.65	-0.797709
9.655	-0.870228
9.66	-0.9064875
9.665	-0.942747
9.67	-1.015266
9.675	-1.015266
9.68	-0.9064875
9.685	-0.870228
9.69	-0.6889305
9.695	-0.6164115
9.7	-0.507633
9.705	-0.435114
9.71	-0.435114
9.715	-0.507633
9.72	-0.6164115
9.725	-0.6889305
9.73	-0.7614495
9.735	-0.797709
9.74	-0.797709
9.745	-0.7614495
9.75	-0.6889305
9.755	-0.652671
9.76	-0.5438925
9.765	-0.507633
9.77	-0.435114
9.775	-0.435114
9.78	-0.435114
9.785	-0.507633
9.79	-0.6164115
9.795	-0.652671
9.8	-0.652671
9.805	-0.6889305
9.81	-0.652671
9.815	-0.6164115
9.82	-0.5438925
9.825	-0.435114
9.83	-0.3988545
9.835	-0.362595
9.84	-0.362595
9.845	-0.435114
9.85	-0.5438925
9.855	-0.652671
9.86	-0.797709
9.865	-0.9064875
9.87	-0.942747
9.875	-0.942747
9.88	-0.870228
9.885	-0.7614495
9.89	-0.6164115
9.895	-0.507633
9.9	-0.3988545
9.905	-0.362595
9.91	-0.3988545
9.915	-0.435114
9.92	-0.5438925
9.925	-0.6889305
9.93	-0.870228
9.935	-0.942747
9.94	-1.015266
9.945	-1.0515255
9.95	-1.015266
9.955	-0.942747
9.96	-0.870228
9.965	-0.6889305
9.97	-0.6164115
9.975	-0.507633
9.98	-0.435114
9.985	-0.435114
9.99	-0.507633
9.995	-0.6164115
10	-0.6889305
10.005	-0.870228
10.01	-0.942747
10.015	-1.015266
10.02	-1.0515255
10.025	-1.0515255
10.03	-0.942747
10.035	-0.9064875
10.04	-0.870228
10.045	-0.7614495
10.05	-0.7614495
10.055	-0.6889305
10.06	-0.6889305
10.065	-0.7614495
10.07	-0.7614495
10.075	-0.797709
10.08	-0.870228
10.085	-0.870228
10.09	-0.9064875
10.095	-0.9064875
10.1	-0.9064875
10.105	-0.942747
10.11	-0.942747
10.115	-0.9064875
10.12	-0.9064875
10.125	-0.870228
10.13	-0.797709
10.135	-0.797709
10.14	-0.7614495
10.145	-0.7614495
10.15	-0.797709
10.155	-0.797709
10.16	-0.797709
10.165	-0.870228
10.17	-0.9064875
10.175	-0.942747
10.18	-1.015266
10.185	-1.015266
10.19	-1.015266
10.195	-0.942747
10.2	-0.942747
10.205	-0.9064875
10.21	-0.9064875
10.215	-0.9064875
10.22	-0.870228
10.225	-0.870228
10.23	-0.9064875
10.235	-0.9064875
10.24	-0.942747
10.245	-1.015266
10.25	-1.0515255
10.255	-1.1240445
10.26	-1.160304
10.265	-1.160304
10.27	-1.160304
10.275	-1.160304
10.28	-1.1240445
10.285	-1.015266
10.29	-0.9064875
10.295	-0.797709
10.3	-0.6889305
10.305	-0.652671
10.31	-0.5438925
10.315	-0.5438925
10.32	-0.5438925
10.325	-0.6164115
10.33	-0.6889305
10.335	-0.797709
10.34	-0.870228
10.345	-0.942747
10.35	-1.015266
10.355	-1.0515255
10.36	-1.0515255
10.365	-1.015266
10.37	-1.015266
10.375	-0.942747
10.38	-0.9064875
10.385	-0.870228
10.39	-0.797709
10.395	-0.6889305
10.4	-0.652671
10.405	-0.6164115
10.41	-0.6164115
10.415	-0.6164115
10.42	-0.652671
10.425	-0.6889305
10.43	-0.7614495
10.435	-0.797709
10.44	-0.9064875
10.445	-0.942747
10.45	-0.942747
10.455	-0.942747
10.46	-0.942747
10.465	-0.942747
10.47	-0.9064875
10.475	-0.9064875
10.48	-0.870228
10.485	-0.870228
10.49	-0.797709
10.495	-0.870228
10.5	-0.870228
10.505	-0.9064875
10.51	-1.015266
10.515	-1.0515255
10.52	-1.1240445
10.525	-1.1240445
10.53	-1.1240445
10.535	-1.1240445
10.54	-1.0515255
10.545	-1.015266
10.55	-0.942747
10.555	-0.9064875
10.56	-0.870228
10.565	-0.797709
10.57	-0.7614495
10.575	-0.7614495
10.58	-0.7614495
10.585	-0.6889305
10.59	-0.7614495
10.595	-0.7614495
10.6	-0.797709
10.605	-0.797709
10.61	-0.9064875
10.615	-0.942747
10.62	-0.942747
10.625	-1.015266
10.63	-1.0515255
10.635	-1.015266
10.64	-1.015266
10.645	-1.015266
10.65	-1.015266
10.655	-0.942747
10.66	-0.9064875
10.665	-0.9064875
10.67	-0.870228
10.675	-0.870228
10.68	-0.797709
10.685	-0.7614495
10.69	-0.7614495
10.695	-0.6889305
10.7	-0.6889305
10.705	-0.7614495
10.71	-0.7614495
10.715	-0.797709
10.72	-0.870228
10.725	-0.942747
10.73	-0.942747
10.735	-1.015266
10.74	-1.015266
10.745	-1.015266
10.75	-1.015266
10.755	-0.942747
10.76	-0.9064875
10.765	-0.870228
10.77	-0.797709
10.775	-0.797709
10.78	-0.797709
10.785	-0.797709
10.79	-0.870228
10.795	-0.942747
10.8	-1.0515255
10.805	-1.160304
10.81	-1.1965635
10.815	-1.2690825
10.82	-1.1965635
10.825	-1.160304
10.83	-1.1240445
10.835	-1.015266
10.84	-0.9064875
10.845	-0.870228
10.85	-0.797709
10.855	-0.7614495
10.86	-0.7614495
10.865	-0.797709
10.87	-0.870228
10.875	-0.9064875
10.88	-1.015266
10.885	-1.0515255
10.89	-1.1240445
10.895	-1.1240445
10.9	-1.1240445
10.905	-1.0515255
10.91	-1.015266
10.915	-0.942747
10.92	-0.870228
10.925	-0.797709
10.93	-0.6889305
10.935	-0.6889305
10.94	-0.6889305
10.945	-0.6889305
10.95	-0.797709
10.955	-0.9064875
10.96	-0.942747
10.965	-1.0515255
10.97	-1.1240445
10.975	-1.1240445
10.98	-1.0515255
10.985	-1.015266
10.99	-0.870228
10.995	-0.7614495
11	-0.652671
11.005	-0.6164115
11.01	-0.6164115
11.015	-0.6164115
11.02	-0.652671
11.025	-0.7614495
11.03	-0.870228
11.035	-0.9064875
11.04	-0.9064875
11.045	-0.9064875
11.05	-0.870228
11.055	-0.797709
11.06	-0.7614495
11.065	-0.6889305
11.07	-0.6889305
11.075	-0.7614495
11.08	-0.870228
11.085	-0.942747
11.09	-1.015266
11.095	-1.1240445
11.1	-1.160304
11.105	-1.160304
11.11	-1.160304
11.115	-1.0515255
11.12	-0.942747
11.125	-0.9064875
11.13	-0.797709
11.135	-0.7614495
11.14	-0.6889305
11.145	-0.6889305
11.15	-0.7614495
11.155	-0.870228
11.16	-0.942747
11.165	-1.0515255
11.17	-1.160304
11.175	-1.1965635
11.18	-1.1965635
11.185	-1.1965635
11.19	-1.160304
11.195	-1.1240445
11.2	-1.015266
11.205	-0.9064875
11.21	-0.870228
11.215	-0.7614495
11.22	-0.652671
11.225	-0.5438925
11.23	-0.507633
11.235	-0.435114
11.24	-0.435114
11.245	-0.507633
11.25	-0.5438925
11.255	-0.652671
11.26	-0.6889305
11.265	-0.870228
11.27	-0.942747
11.275	-1.0515255
11.28	-1.1240445
11.285	-1.160304
11.29	-1.160304
11.295	-1.1240445
11.3	-1.0515255
11.305	-1.015266
11.31	-0.9064875
11.315	-0.870228
11.32	-0.797709
11.325	-0.7614495
11.33	-0.7614495
11.335	-0.7614495
11.34	-0.797709
11.345	-0.870228
11.35	-0.870228
11.355	-0.9064875
11.36	-0.9064875
11.365	-0.9064875
11.37	-0.870228
11.375	-0.797709
11.38	-0.7614495
11.385	-0.6889305
11.39	-0.6164115
11.395	-0.5438925
11.4	-0.6164115
11.405	-0.6164115
11.41	-0.6889305
11.415	-0.797709
11.42	-0.9064875
11.425	-0.942747
11.43	-1.015266
11.435	-1.015266
11.44	-0.942747
11.445	-0.870228
11.45	-0.6889305
11.455	-0.5438925
11.46	-0.3988545
11.465	-0.290076
11.47	-0.1812975
11.475	-0.1812975
11.48	-0.2538165
11.485	-0.362595
11.49	-0.435114
11.495	-0.5438925
11.5	-0.6164115
11.505	-0.652671
11.51	-0.652671
11.515	-0.6164115
11.52	-0.5438925
11.525	-0.507633
11.53	-0.3988545
11.535	-0.362595
11.54	-0.290076
11.545	-0.290076
11.55	-0.290076
11.555	-0.362595
11.56	-0.435114
11.565	-0.507633
11.57	-0.6164115
11.575	-0.652671
11.58	-0.6889305
11.585	-0.6889305
11.59	-0.652671
11.595	-0.652671
11.6	-0.5438925
11.605	-0.507633
11.61	-0.435114
11.615	-0.362595
11.62	-0.290076
11.625	-0.2538165
11.63	-0.2538165
11.635	-0.290076
11.64	-0.3988545
11.645	-0.435114
11.65	-0.5438925
11.655	-0.652671
11.66	-0.7614495
11.665	-0.797709
11.67	-0.870228
11.675	-0.870228
11.68	-0.870228
11.685	-0.7614495
11.69	-0.6889305
11.695	-0.6164115
11.7	-0.435114
11.705	-0.362595
11.71	-0.290076
11.715	-0.290076
11.72	-0.290076
11.725	-0.3988545
11.73	-0.507633
11.735	-0.652671
11.74	-0.797709
11.745	-0.870228
11.75	-0.9064875
11.755	-0.9064875
11.76	-0.870228
11.765	-0.7614495
11.77	-0.652671
11.775	-0.507633
11.78	-0.362595
11.785	-0.2538165
11.79	-0.1812975
11.795	-0.2538165
11.8	-0.290076
11.805	-0.362595
11.81	-0.435114
11.815	-0.5438925
11.82	-0.6164115
11.825	-0.652671
11.83	-0.652671
11.835	-0.652671
11.84	-0.6164115
11.845	-0.507633
11.85	-0.435114
11.855	-0.3988545
11.86	-0.362595
11.865	-0.362595
11.87	-0.3988545
11.875	-0.3988545
11.88	-0.435114
11.885	-0.435114
11.89	-0.507633
11.895	-0.5438925
11.9	-0.5438925
11.905	-0.6164115
11.91	-0.6164115
11.915	-0.6164115
11.92	-0.652671
11.925	-0.652671
11.93	-0.652671
11.935	-0.6164115
11.94	-0.6164115
11.945	-0.5438925
11.95	-0.5438925
11.955	-0.507633
11.96	-0.507633
11.965	-0.5438925
11.97	-0.5438925
11.975	-0.6164115
11.98	-0.652671
11.985	-0.6889305
11.99	-0.6889305
11.995	-0.7614495
12	-0.7614495
12.005	-0.6889305
12.01	-0.652671
12.015	-0.652671
12.02	-0.6164115
12.025	-0.6164115
12.03	-0.6164115
12.035	-0.6164115
12.04	-0.5438925
12.045	-0.5438925
12.05	-0.507633
12.055	-0.507633
12.06	-0.435114
12.065	-0.435114
12.07	-0.435114
12.075	-0.435114
12.08	-0.435114
12.085	-0.435114
12.09	-0.435114
12.095	-0.507633
12.1	-0.5438925
12.105	-0.5438925
12.11	-0.6164115
12.115	-0.6164115
12.12	-0.5438925
12.125	-0.3988545
12.13	-0.2538165
12.135	0
12.14	0.2538165
12.145	0.4713735
12.15	0.6164115
12.155	0.6164115
12.16	0.580152
12.165	0.362595
12.17	0.1087785
12.175	-0.1087785
12.18	-0.362595
12.185	-0.5438925
12.19	-0.652671
12.195	-0.7614495
12.2	-0.6889305
12.205	-0.652671
12.21	-0.507633
12.215	-0.362595
12.22	-0.145038
12.225	0
12.23	0.072519
12.235	0.1087785
12.24	0.1087785
12.245	0.072519
12.25	-0.0362595
12.255	-0.145038
12.26	-0.2538165
12.265	-0.290076
12.27	-0.362595
12.275	-0.362595
12.28	-0.2538165
12.285	-0.1812975
12.29	-0.1087785
12.295	-0.0362595
12.3	0
12.305	0.072519
12.31	0
12.315	-0.1087785
12.32	-0.1812975
12.325	-0.362595
12.33	-0.507633
12.335	-0.6164115
12.34	-0.652671
12.345	-0.652671
12.35	-0.652671
12.355	-0.5438925
12.36	-0.435114
12.365	-0.362595
12.37	-0.2538165
12.375	-0.2538165
12.38	-0.2538165
12.385	-0.2538165
12.39	-0.362595
12.395	-0.3988545
12.4	-0.507633
12.405	-0.5438925
12.41	-0.652671
12.415	-0.652671
12.42	-0.652671
12.425	-0.6164115
12.43	-0.5438925
12.435	-0.507633
12.44	-0.435114
12.445	-0.362595
12.45	-0.362595
12.455	-0.290076
12.46	-0.290076
12.465	-0.362595
12.47	-0.362595
12.475	-0.3988545
12.48	-0.435114
12.485	-0.507633
12.49	-0.5438925
12.495	-0.5438925
12.5	-0.5438925
12.505	-0.507633
12.51	-0.435114
12.515	-0.3988545
12.52	-0.3988545
12.525	-0.362595
12.53	-0.362595
12.535	-0.362595
12.54	-0.3988545
12.545	-0.3988545
12.55	-0.435114
12.555	-0.507633
12.56	-0.5438925
12.565	-0.6164115
12.57	-0.652671
12.575	-0.652671
12.58	-0.6164115
12.585	-0.6164115
12.59	-0.507633
12.595	-0.3988545
12.6	-0.290076
12.605	-0.145038
12.61	0
12.615	0.1087785
12.62	0.1812975
12.625	0.1087785
12.63	0.072519
12.635	-0.1087785
12.64	-0.2538165
12.645	-0.435114
12.65	-0.6164115
12.655	-0.7614495
12.66	-0.870228
12.665	-0.9064875
12.67	-0.9064875
12.675	-0.797709
12.68	-0.6889305
12.685	-0.5438925
12.69	-0.3988545
12.695	-0.2538165
12.7	-0.145038
12.705	-0.0362595
12.71	-0.0362595
12.715	-0.0362595
12.72	-0.1087785
12.725	-0.2538165
12.73	-0.3988545
12.735	-0.507633
12.74	-0.6164115
12.745	-0.6889305
12.75	-0.6889305
12.755	-0.652671
12.76	-0.5438925
12.765	-0.435114
12.77	-0.362595
12.775	-0.2538165
12.78	-0.145038
12.785	-0.145038
12.79	-0.145038
12.795	-0.2538165
12.8	-0.290076
12.805	-0.435114
12.81	-0.507633
12.815	-0.6164115
12.82	-0.652671
12.825	-0.6164115
12.83	-0.6164115
12.835	-0.5438925
12.84	-0.507633
12.845	-0.435114
12.85	-0.3988545
12.855	-0.362595
12.86	-0.362595
12.865	-0.290076
12.87	-0.2538165
12.875	-0.2538165
12.88	-0.1812975
12.885	-0.145038
12.89	-0.1087785
12.895	-0.0362595
12.9	0
12.905	0.1087785
12.91	0.1087785
12.915	0.1812975
12.92	0.1812975
12.925	0.1087785
12.93	0.072519
12.935	-0.0362595
12.94	-0.145038
12.945	-0.1812975
12.95	-0.2538165
12.955	-0.2538165
12.96	-0.1812975
12.965	-0.145038
12.97	-0.0362595
12.975	0.072519
12.98	0.1812975
12.985	0.217557
12.99	0.2538165
12.995	0.2538165
13	0.2538165
13.005	0.2538165
13.01	0.217557
13.015	0.1087785
13.02	0
13.025	-0.1087785
13.03	-0.1812975
13.035	-0.290076
13.04	-0.362595
13.045	-0.3988545
13.05	-0.3988545
13.055	-0.3988545
13.06	-0.362595
13.065	-0.290076
13.07	-0.1812975
13.075	-0.145038
13.08	-0.0362595
13.085	0
13.09	0.072519
13.095	0.072519
13.1	0.072519
13.105	0.072519
13.11	0.072519
13.115	0.072519
13.12	0.072519
13.125	0.072519
13.13	0
13.135	-0.0362595
13.14	-0.1087785
13.145	-0.145038
13.15	-0.2538165
13.155	-0.290076
13.16	-0.290076
13.165	-0.362595
13.17	-0.3988545
13.175	-0.3988545
13.18	-0.3988545
13.185	-0.362595
13.19	-0.290076
13.195	-0.1812975
13.2	-0.145038
13.205	-0.1087785
13.21	-0.0362595
13.215	-0.0362595
13.22	-0.0362595
13.225	-0.145038
13.23	-0.2538165
13.235	-0.3988545
13.24	-0.507633
13.245	-0.652671
13.25	-0.7614495
13.255	-0.797709
13.26	-0.797709
13.265	-0.797709
13.27	-0.7614495
13.275	-0.652671
13.28	-0.5438925
13.285	-0.435114
13.29	-0.362595
13.295	-0.290076
13.3	-0.2538165
13.305	-0.290076
13.31	-0.362595
13.315	-0.3988545
13.32	-0.435114
13.325	-0.5438925
13.33	-0.6164115
13.335	-0.6164115
13.34	-0.6164115
13.345	-0.5438925
13.35	-0.507633
13.355	-0.435114
13.36	-0.3988545
13.365	-0.362595
13.37	-0.362595
13.375	-0.3988545
13.38	-0.3988545
13.385	-0.435114
13.39	-0.435114
13.395	-0.507633
13.4	-0.507633
13.405	-0.435114
13.41	-0.435114
13.415	-0.3988545
13.42	-0.3988545
13.425	-0.362595
13.43	-0.362595
13.435	-0.362595
13.44	-0.362595
13.445	-0.362595
13.45	-0.362595
13.455	-0.362595
13.46	-0.362595
13.465	-0.362595
13.47	-0.290076
13.475	-0.362595
13.48	-0.362595
13.485	-0.3988545
13.49	-0.435114
13.495	-0.5438925
13.5	-0.6164115
13.505	-0.652671
13.51	-0.6889305
13.515	-0.7614495
13.52	-0.6889305
13.525	-0.6889305
13.53	-0.6164115
13.535	-0.5438925
13.54	-0.435114
13.545	-0.3988545
13.55	-0.362595
13.555	-0.290076
13.56	-0.290076
13.565	-0.3988545
13.57	-0.435114
13.575	-0.5438925
13.58	-0.652671
13.585	-0.7614495
13.59	-0.870228
13.595	-0.870228
13.6	-0.9064875
13.605	-0.870228
13.61	-0.797709
13.615	-0.7614495
13.62	-0.652671
13.625	-0.6164115
13.63	-0.6164115
13.635	-0.6164115
13.64	-0.652671
13.645	-0.7614495
13.65	-0.797709
13.655	-0.870228
13.66	-0.9064875
13.665	-0.9064875
13.67	-0.870228
13.675	-0.797709
13.68	-0.6889305
13.685	-0.652671
13.69	-0.6164115
13.695	-0.5438925
13.7	-0.5438925
13.705	-0.5438925
13.71	-0.6164115
13.715	-0.652671
13.72	-0.7614495
13.725	-0.797709
13.73	-0.9064875
13.735	-0.942747
13.74	-1.015266
13.745	-1.015266
13.75	-0.942747
13.755	-0.9064875
13.76	-0.797709
13.765	-0.652671
13.77	-0.5438925
13.775	-0.507633
13.78	-0.435114
13.785	-0.435114
13.79	-0.507633
13.795	-0.6164115
13.8	-0.6889305
13.805	-0.797709
13.81	-0.9064875
13.815	-1.015266
13.82	-1.015266
13.825	-1.015266
13.83	-0.9064875
13.835	-0.797709
13.84	-0.6889305
13.845	-0.5438925
13.85	-0.435114
13.855	-0.362595
13.86	-0.362595
13.865	-0.362595
13.87	-0.3988545
13.875	-0.435114
13.88	-0.507633
13.885	-0.6164115
13.89	-0.652671
13.895	-0.6889305
13.9	-0.7614495
13.905	-0.7614495
13.91	-0.7614495
13.915	-0.7614495
13.92	-0.6889305
13.925	-0.652671
13.93	-0.652671
13.935	-0.652671
13.94	-0.652671
13.945	-0.652671
13.95	-0.6889305
13.955	-0.6889305
13.96	-0.7614495
13.965	-0.797709
13.97	-0.797709
13.975	-0.7614495
13.98	-0.7614495
13.985	-0.652671
13.99	-0.6164115
13.995	-0.5438925
14	-0.507633
14.005	-0.507633
14.01	-0.507633
14.015	-0.507633
14.02	-0.5438925
14.025	-0.6164115
14.03	-0.652671
14.035	-0.6889305
14.04	-0.6889305
14.045	-0.6889305
14.05	-0.6889305
14.055	-0.6889305
14.06	-0.6889305
14.065	-0.652671
14.07	-0.652671
14.075	-0.6164115
14.08	-0.5438925
14.085	-0.507633
14.09	-0.507633
14.095	-0.435114
14.1	-0.3988545
14.105	-0.3988545
14.11	-0.3988545
14.115	-0.3988545
14.12	-0.435114
14.125	-0.435114
14.13	-0.435114
14.135	-0.435114
14.14	-0.3988545
14.145	-0.3988545
14.15	-0.362595
14.155	-0.362595
14.16	-0.362595
14.165	-0.362595
14.17	-0.362595
14.175	-0.3988545
14.18	-0.435114
14.185	-0.507633
14.19	-0.6164115
14.195	-0.652671
14.2	-0.6889305
14.205	-0.6889305
14.21	-0.6889305
14.215	-0.6889305
14.22	-0.6164115
14.225	-0.5438925
14.23	-0.435114
14.235	-0.362595
14.24	-0.290076
14.245	-0.1812975
14.25	-0.145038
14.255	-0.145038
14.26	-0.145038
14.265	-0.145038
14.27	-0.1812975
14.275	-0.2538165
14.28	-0.362595
14.285	-0.435114
14.29	-0.507633
14.295	-0.6164115
14.3	-0.6164115
14.305	-0.6164115
14.31	-0.6164115
14.315	-0.5438925
14.32	-0.507633
14.325	-0.435114
14.33	-0.3988545
14.335	-0.362595
14.34	-0.290076
14.345	-0.1812975
14.35	-0.1812975
14.355	-0.1812975
14.36	-0.2538165
14.365	-0.290076
14.37	-0.3988545
14.375	-0.435114
14.38	-0.507633
14.385	-0.6164115
14.39	-0.6164115
14.395	-0.6164115
14.4	-0.6164115
14.405	-0.6164115
14.41	-0.5438925
14.415	-0.5438925
14.42	-0.507633
14.425	-0.507633
14.43	-0.507633
14.435	-0.507633
14.44	-0.435114
14.445	-0.435114
14.45	-0.435114
14.455	-0.435114
14.46	-0.3988545
14.465	-0.3988545
14.47	-0.362595
14.475	-0.362595
14.48	-0.290076
14.485	-0.290076
14.49	-0.290076
14.495	-0.290076
14.5	-0.290076
14.505	-0.290076
14.51	-0.362595
14.515	-0.362595
14.52	-0.290076
14.525	-0.290076
14.53	-0.290076
14.535	-0.2538165
14.54	-0.1812975
14.545	-0.1812975
14.55	-0.1812975
14.555	-0.2538165
14.56	-0.290076
14.565	-0.3988545
14.57	-0.507633
14.575	-0.6164115
14.58	-0.652671
14.585	-0.6889305
14.59	-0.6889305
14.595	-0.652671
14.6	-0.5438925
14.605	-0.3988545
14.61	-0.2538165
14.615	-0.145038
14.62	-0.0362595
14.625	0
14.63	0
14.635	-0.0362595
14.64	-0.145038
14.645	-0.290076
14.65	-0.3988545
14.655	-0.5438925
14.66	-0.652671
14.665	-0.6889305
14.67	-0.7614495
14.675	-0.6889305
14.68	-0.652671
14.685	-0.507633
14.69	-0.3988545
14.695	-0.290076
14.7	-0.2538165
14.705	-0.1812975
14.71	-0.1812975
14.715	-0.1812975
14.72	-0.1812975
14.725	-0.2538165
14.73	-0.2538165
14.735	-0.290076
14.74	-0.2538165
14.745	-0.1812975
14.75	-0.145038
14.755	-0.1087785
14.76	-0.0362595
14.765	-0.0362595
14.77	-0.0362595
14.775	-0.1087785
14.78	-0.145038
14.785	-0.1812975
14.79	-0.290076
14.795	-0.3988545
14.8	-0.435114
14.805	-0.507633
14.81	-0.507633
14.815	-0.435114
14.82	-0.435114
14.825	-0.3988545
14.83	-0.362595
14.835	-0.290076
14.84	-0.2538165
14.845	-0.2538165
14.85	-0.2538165
14.855	-0.2538165
14.86	-0.2538165
14.865	-0.2538165
14.87	-0.2538165
14.875	-0.2538165
14.88	-0.2538165
14.885	-0.290076
14.89	-0.290076
14.895	-0.290076
14.9	-0.362595
14.905	-0.362595
14.91	-0.362595
14.915	-0.362595
14.92	-0.362595
14.925	-0.3988545
14.93	-0.3988545
14.935	-0.435114
14.94	-0.435114
14.945	-0.507633
14.95	-0.507633
14.955	-0.507633
14.96	-0.507633
14.965	-0.435114
14.97	-0.435114
14.975	-0.3988545
14.98	-0.362595
14.985	-0.362595
14.99	-0.362595
14.995	-0.362595
15	-0.3988545
15.005	-0.435114
15.01	-0.507633
15.015	-0.5438925
15.02	-0.5438925
15.025	-0.5438925
15.03	-0.5438925
15.035	-0.507633
15.04	-0.435114
15.045	-0.3988545
15.05	-0.3988545
15.055	-0.362595
15.06	-0.290076
15.065	-0.2538165
15.07	-0.2538165
15.075	-0.1812975
15.08	-0.145038
15.085	-0.145038
15.09	-0.145038
15.095	-0.1812975
15.1	-0.1812975
15.105	-0.2538165
15.11	-0.290076
15.115	-0.3988545
15.12	-0.435114
15.125	-0.507633
15.13	-0.5438925
15.135	-0.5438925
15.14	-0.5438925
15.145	-0.507633
15.15	-0.435114
15.155	-0.362595
15.16	-0.2538165
15.165	-0.145038
15.17	-0.1087785
15.175	-0.1087785
15.18	-0.0362595
15.185	-0.1087785
15.19	-0.1087785
15.195	-0.145038
15.2	-0.1812975
15.205	-0.1812975
15.21	-0.2538165
15.215	-0.2538165
15.22	-0.290076
15.225	-0.362595
15.23	-0.362595
15.235	-0.3988545
15.24	-0.3988545
15.245	-0.3988545
15.25	-0.3988545
15.255	-0.3988545
15.26	-0.362595
15.265	-0.362595
15.27	-0.290076
15.275	-0.2538165
15.28	-0.1812975
15.285	-0.1812975
15.29	-0.1812975
15.295	-0.1812975
15.3	-0.1812975
15.305	-0.1812975
15.31	-0.1812975
15.315	-0.2538165
15.32	-0.2538165
15.325	-0.2538165
15.33	-0.2538165
15.335	-0.290076
15.34	-0.362595
15.345	-0.3988545
15.35	-0.435114
15.355	-0.507633
15.36	-0.5438925
15.365	-0.5438925
15.37	-0.5438925
15.375	-0.5438925
15.38	-0.5438925
15.385	-0.507633
15.39	-0.507633
15.395	-0.507633
15.4	-0.507633
15.405	-0.507633
15.41	-0.5438925
15.415	-0.6164115
15.42	-0.652671
15.425	-0.6889305
15.43	-0.6889305
15.435	-0.6889305
15.44	-0.6889305
15.445	-0.652671
15.45	-0.6164115
15.455	-0.5438925
15.46	-0.435114
15.465	-0.3988545
15.47	-0.362595
15.475	-0.362595
15.48	-0.362595
15.485	-0.362595
15.49	-0.3988545
15.495	-0.435114
15.5	-0.507633
15.505	-0.5438925
15.51	-0.5438925
15.515	-0.5438925
15.52	-0.5438925
15.525	-0.507633
15.53	-0.435114
15.535	-0.3988545
15.54	-0.362595
15.545	-0.362595
15.55	-0.362595
15.555	-0.362595
15.56	-0.362595
15.565	-0.3988545
15.57	-0.3988545
15.575	-0.3988545
15.58	-0.435114
15.585	-0.3988545
15.59	-0.3988545
15.595	-0.3988545
15.6	-0.435114
15.605	-0.3988545
15.61	-0.3988545
15.615	-0.3988545
15.62	-0.3988545
15.625	-0.3988545
15.63	-0.3988545
15.635	-0.3988545
15.64	-0.3988545
15.645	-0.3988545
15.65	-0.3988545
15.655	-0.3988545
15.66	-0.3988545
15.665	-0.362595
15.67	-0.290076
15.675	-0.290076
15.68	-0.2538165
15.685	-0.2538165
15.69	-0.1812975
15.695	-0.2538165
15.7	-0.2538165
15.705	-0.290076
15.71	-0.290076
15.715	-0.362595
15.72	-0.3988545
15.725	-0.3988545
15.73	-0.435114
15.735	-0.435114
15.74	-0.3988545
15.745	-0.3988545
15.75	-0.362595
15.755	-0.290076
15.76	-0.290076
15.765	-0.2538165
15.77	-0.2538165
15.775	-0.1812975
15.78	-0.1812975
15.785	-0.2538165
15.79	-0.2538165
15.795	-0.2538165
15.8	-0.2538165
15.805	-0.290076
15.81	-0.290076
15.815	-0.290076
15.82	-0.290076
15.825	-0.290076
15.83	-0.290076
15.835	-0.290076
15.84	-0.362595
15.845	-0.362595
15.85	-0.362595
15.855	-0.3988545
15.86	-0.3988545
15.865	-0.3988545
15.87	-0.3988545
15.875	-0.3988545
15.88	-0.362595
15.885	-0.362595
15.89	-0.290076
15.895	-0.290076
15.9	-0.2538165
15.905	-0.1812975
15.91	-0.1812975
15.915	-0.1812975
15.92	-0.1812975
15.925	-0.1812975
15.93	-0.1812975
15.935	-0.2538165
15.94	-0.290076
15.945	-0.290076
15.95	-0.362595
15.955	-0.362595
15.96	-0.362595
15.965	-0.290076
15.97	-0.290076
15.975	-0.2538165
15.98	-0.145038
15.985	-0.1087785
15.99	-0.0362595
15.995	-0.0362595
16	-0.0362595
16.005	-0.1087785
16.01	-0.145038
16.015	-0.2538165
16.02	-0.362595
16.025	-0.3988545
16.03	-0.435114
16.035	-0.435114
16.04	-0.435114
16.045	-0.3988545
16.05	-0.362595
16.055	-0.2538165
16.06	-0.145038
16.065	-0.0362595
16.07	0.072519
16.075	0.1087785
16.08	0.1812975
16.085	0.1812975
16.09	0.1087785
16.095	0.072519
16.1	-0.0362595
16.105	-0.1087785
16.11	-0.1812975
16.115	-0.2538165
16.12	-0.2538165
16.125	-0.2538165
16.13	-0.1812975
16.135	-0.145038
16.14	-0.1087785
16.145	-0.0362595
16.15	0
16.155	0
16.16	0
16.165	-0.0362595
16.17	-0.1087785
16.175	-0.1087785
16.18	-0.1087785
16.185	-0.1087785
16.19	-0.1087785
16.195	-0.1087785
16.2	-0.1087785
16.205	-0.1087785
16.21	-0.1087785
16.215	-0.145038
16.22	-0.145038
16.225	-0.1812975
16.23	-0.1812975
16.235	-0.1812975
16.24	-0.1812975
16.245	-0.145038
16.25	-0.145038
16.255	-0.1087785
16.26	-0.0362595
16.265	-0.0362595
16.27	-0.0362595
16.275	-0.0362595
16.28	-0.0362595
16.285	-0.1087785
16.29	-0.1087785
16.295	-0.145038
16.3	-0.145038
16.305	-0.1812975
16.31	-0.1812975
16.315	-0.2538165
16.32	-0.2538165
16.325	-0.290076
16.33	-0.290076
16.335	-0.290076
16.34	-0.290076
16.345	-0.2538165
16.35	-0.2538165
16.355	-0.1812975
16.36	-0.145038
16.365	-0.145038
16.37	-0.1087785
16.375	-0.145038
16.38	-0.145038
16.385	-0.1812975
16.39	-0.2538165
16.395	-0.290076
16.4	-0.3988545
16.405	-0.435114
16.41	-0.507633
16.415	-0.5438925
16.42	-0.5438925
16.425	-0.5438925
16.43	-0.507633
16.435	-0.435114
16.44	-0.3988545
16.445	-0.362595
16.45	-0.290076
16.455	-0.2538165
16.46	-0.1812975
16.465	-0.1812975
16.47	-0.2538165
16.475	-0.290076
16.48	-0.290076
16.485	-0.3988545
16.49	-0.435114
16.495	-0.435114
16.5	-0.507633
16.505	-0.507633
16.51	-0.435114
16.515	-0.3988545
16.52	-0.362595
16.525	-0.2538165
16.53	-0.1812975
16.535	-0.1812975
16.54	-0.145038
16.545	-0.145038
16.55	-0.1812975
16.555	-0.2538165
16.56	-0.290076
16.565	-0.3988545
16.57	-0.435114
16.575	-0.507633
16.58	-0.5438925
16.585	-0.507633
16.59	-0.507633
16.595	-0.435114
16.6	-0.3988545
16.605	-0.362595
16.61	-0.290076
16.615	-0.2538165
16.62	-0.1812975
16.625	-0.1812975
16.63	-0.145038
16.635	-0.1812975
16.64	-0.1812975
16.645	-0.1812975
16.65	-0.2538165
16.655	-0.290076
16.66	-0.290076
16.665	-0.290076
16.67	-0.290076
16.675	-0.2538165
16.68	-0.2538165
16.685	-0.1812975
16.69	-0.145038
16.695	-0.145038
16.7	-0.145038
16.705	-0.145038
16.71	-0.145038
16.715	-0.145038
16.72	-0.145038
16.725	-0.1812975
16.73	-0.1812975
16.735	-0.1812975
16.74	-0.1812975
16.745	-0.2538165
16.75	-0.2538165
16.755	-0.2538165
16.76	-0.2538165
16.765	-0.2538165
16.77	-0.2538165
16.775	-0.2538165
16.78	-0.2538165
16.785	-0.2538165
16.79	-0.1812975
16.795	-0.1812975
16.8	-0.1812975
16.805	-0.1812975
16.81	-0.1812975
16.815	-0.1812975
16.82	-0.1812975
16.825	-0.1812975
16.83	-0.1812975
16.835	-0.1812975
16.84	-0.145038
16.845	-0.145038
16.85	-0.145038
16.855	-0.145038
16.86	-0.1812975
16.865	-0.1812975
16.87	-0.1812975
16.875	-0.1812975
16.88	-0.1812975
16.885	-0.1812975
16.89	-0.145038
16.895	-0.145038
16.9	-0.1087785
16.905	-0.1087785
16.91	-0.0362595
16.915	-0.0362595
16.92	0
16.925	0
16.93	0
16.935	0
16.94	-0.0362595
16.945	-0.1087785
16.95	-0.145038
16.955	-0.1812975
16.96	-0.2538165
16.965	-0.2538165
16.97	-0.290076
16.975	-0.2538165
16.98	-0.2538165
16.985	-0.1812975
16.99	-0.1812975
16.995	-0.1812975
17	-0.145038
17.005	-0.145038
17.01	-0.145038
17.015	-0.145038
17.02	-0.145038
17.025	-0.145038
17.03	-0.145038
17.035	-0.145038
