Label: 
0
Label: Event: FAR-PROBE_SS_16_2014-07-02_A1
-2.96	-0.0362595
-2.955	-0.0362595
-2.95	-0.0362595
-2.945	-0.0362595
-2.94	-0.0362595
-2.935	-0.0362595
-2.93	-0.0362595
-2.925	-0.0362595
-2.92	-0.0362595
-2.915	-0.0362595
-2.91	-0.0362595
-2.905	-0.0362595
-2.9	-0.0362595
-2.895	-0.0362595
-2.89	-0.0362595
-2.885	-0.0362595
-2.88	-0.0362595
-2.875	-0.0362595
-2.87	-0.0362595
-2.865	-0.0362595
-2.86	-0.0362595
-2.855	-0.0362595
-2.85	-0.0362595
-2.845	-0.0362595
-2.84	-0.0362595
-2.835	-0.0362595
-2.83	-0.0362595
-2.825	-0.0362595
-2.82	-0.0362595
-2.815	-0.0362595
-2.81	-0.0362595
-2.805	-0.0362595
-2.8	-0.0362595
-2.795	-0.0362595
-2.79	-0.0362595
-2.785	-0.0362595
-2.78	0
-2.775	-0.0362595
-2.77	-0.0362595
-2.765	-0.0362595
-2.76	-0.0362595
-2.755	-0.0362595
-2.75	-0.0362595
-2.745	-0.0362595
-2.74	-0.0362595
-2.735	-0.0362595
-2.73	-0.0362595
-2.725	-0.0362595
-2.72	-0.0362595
-2.715	-0.0362595
-2.71	-0.0362595
-2.705	-0.0362595
-2.7	-0.0362595
-2.695	-0.0362595
-2.69	-0.0362595
-2.685	-0.0362595
-2.68	-0.0362595
-2.675	-0.0362595
-2.67	-0.0362595
-2.665	-0.0362595
-2.66	-0.0362595
-2.655	-0.0362595
-2.65	-0.0362595
-2.645	-0.0362595
-2.64	-0.0362595
-2.635	-0.0362595
-2.63	-0.0362595
-2.625	-0.0362595
-2.62	-0.0362595
-2.615	-0.0362595
-2.61	-0.0362595
-2.605	0
-2.6	0
-2.595	0
-2.59	0
-2.585	-0.0362595
-2.58	-0.0362595
-2.575	-0.0362595
-2.57	-0.0362595
-2.565	-0.0362595
-2.56	-0.0362595
-2.555	-0.0362595
-2.55	-0.0362595
-2.545	-0.0362595
-2.54	-0.0362595
-2.535	-0.0362595
-2.53	-0.0362595
-2.525	-0.0362595
-2.52	-0.0362595
-2.515	-0.0362595
-2.51	-0.0362595
-2.505	-0.0362595
-2.5	-0.0362595
-2.495	-0.0362595
-2.49	-0.0362595
-2.485	-0.0362595
-2.48	-0.0362595
-2.475	-0.0362595
-2.47	-0.0362595
-2.465	-0.0362595
-2.46	-0.0362595
-2.455	-0.0362595
-2.45	-0.0362595
-2.445	-0.0362595
-2.44	-0.0362595
-2.435	-0.0362595
-2.43	-0.0362595
-2.425	-0.0362595
-2.42	-0.0362595
-2.415	-0.0362595
-2.41	-0.0362595
-2.405	-0.0362595
-2.4	-0.0362595
-2.395	-0.0362595
-2.39	-0.0362595
-2.385	-0.0362595
-2.38	-0.0362595
-2.375	0
-2.37	0
-2.365	-0.0362595
-2.36	-0.0362595
-2.355	-0.0362595
-2.35	-0.0362595
-2.345	-0.0362595
-2.34	-0.0362595
-2.335	-0.0362595
-2.33	-0.0362595
-2.325	-0.0362595
-2.32	-0.0362595
-2.315	-0.0362595
-2.31	-0.0362595
-2.305	0
-2.3	0
-2.295	0
-2.29	0
-2.285	0
-2.28	-0.0362595
-2.275	-0.0362595
-2.27	-0.0362595
-2.265	-0.0362595
-2.26	-0.0362595
-2.255	-0.0362595
-2.25	-0.0362595
-2.245	-0.0362595
-2.24	-0.0362595
-2.235	-0.0362595
-2.23	-0.0362595
-2.225	-0.0362595
-2.22	-0.0362595
-2.215	-0.0362595
-2.21	-0.0362595
-2.205	-0.0362595
-2.2	-0.0362595
-2.195	-0.0362595
-2.19	-0.0362595
-2.185	-0.0362595
-2.18	0
-2.175	0
-2.17	0
-2.165	0
-2.16	-0.0362595
-2.155	-0.0362595
-2.15	-0.0362595
-2.145	-0.0362595
-2.14	-0.0362595
-2.135	0
-2.13	-0.0362595
-2.125	-0.0362595
-2.12	-0.0362595
-2.115	-0.0362595
-2.11	-0.0362595
-2.105	-0.0362595
-2.1	-0.0362595
-2.095	-0.0362595
-2.09	-0.0362595
-2.085	-0.1087785
-2.08	-0.0362595
-2.075	-0.0362595
-2.07	-0.0362595
-2.065	-0.0362595
-2.06	0
-2.055	0
-2.05	0
-2.045	0
-2.04	0
-2.035	-0.0362595
-2.03	-0.0362595
-2.025	-0.0362595
-2.02	-0.0362595
-2.015	-0.0362595
-2.01	-0.0362595
-2.005	-0.0362595
-2	-0.0362595
-1.995	-0.0362595
-1.99	-0.0362595
-1.985	0
-1.98	0
-1.975	-0.0362595
-1.97	-0.0362595
-1.965	-0.0362595
-1.96	-0.0362595
-1.955	-0.0362595
-1.95	-0.0362595
-1.945	-0.0362595
-1.94	-0.0362595
-1.935	-0.0362595
-1.93	-0.0362595
-1.925	-0.0362595
-1.92	-0.0362595
-1.915	-0.0362595
-1.91	-0.0362595
-1.905	-0.0362595
-1.9	-0.0362595
-1.895	-0.0362595
-1.89	-0.0362595
-1.885	-0.0362595
-1.88	-0.0362595
-1.875	0
-1.87	-0.0362595
-1.865	-0.0362595
-1.86	-0.0362595
-1.855	-0.0362595
-1.85	-0.0362595
-1.845	-0.0362595
-1.84	-0.0362595
-1.835	-0.0362595
-1.83	-0.0362595
-1.825	-0.0362595
-1.82	-0.0362595
-1.815	-0.0362595
-1.81	0
-1.805	0
-1.8	0
-1.795	-0.0362595
-1.79	-0.0362595
-1.785	-0.0362595
-1.78	-0.0362595
-1.775	-0.0362595
-1.77	0
-1.765	-0.0362595
-1.76	0
-1.755	-0.0362595
-1.75	0
-1.745	0
-1.74	0
-1.735	0
-1.73	0
-1.725	0
-1.72	0
-1.715	0
-1.71	-0.0362595
-1.705	-0.0362595
-1.7	-0.0362595
-1.695	-0.0362595
-1.69	-0.0362595
-1.685	-0.0362595
-1.68	-0.0362595
-1.675	-0.0362595
-1.67	-0.0362595
-1.665	-0.0362595
-1.66	-0.0362595
-1.655	0
-1.65	-0.0362595
-1.645	-0.0362595
-1.64	-0.0362595
-1.635	-0.0362595
-1.63	-0.0362595
-1.625	-0.0362595
-1.62	-0.0362595
-1.615	-0.0362595
-1.61	-0.0362595
-1.605	-0.0362595
-1.6	0
-1.595	-0.0362595
-1.59	0
-1.585	0
-1.58	0
-1.575	0
-1.57	0
-1.565	-0.0362595
-1.56	-0.0362595
-1.555	-0.0362595
-1.55	-0.0362595
-1.545	-0.0362595
-1.54	-0.0362595
-1.535	-0.0362595
-1.53	-0.0362595
-1.525	-0.0362595
-1.52	-0.0362595
-1.515	-0.0362595
-1.51	-0.0362595
-1.505	-0.0362595
-1.5	-0.0362595
-1.495	-0.0362595
-1.49	-0.0362595
-1.485	-0.0362595
-1.48	-0.0362595
-1.475	-0.0362595
-1.47	-0.0362595
-1.465	-0.0362595
-1.46	-0.0362595
-1.455	-0.0362595
-1.45	-0.0362595
-1.445	0
-1.44	0
-1.435	0
-1.43	-0.0362595
-1.425	-0.0362595
-1.42	-0.0362595
-1.415	-0.0362595
-1.41	-0.0362595
-1.405	-0.0362595
-1.4	-0.0362595
-1.395	-0.0362595
-1.39	-0.0362595
-1.385	-0.0362595
-1.38	-0.0362595
-1.375	-0.0362595
-1.37	-0.0362595
-1.365	-0.0362595
-1.36	-0.0362595
-1.355	-0.0362595
-1.35	-0.0362595
-1.345	-0.0362595
-1.34	-0.0362595
-1.335	0
-1.33	0
-1.325	0
-1.32	-0.0362595
-1.315	-0.0362595
-1.31	-0.0362595
-1.305	-0.0362595
-1.3	0
-1.295	0
-1.29	0
-1.285	-0.0362595
-1.28	-0.0362595
-1.275	-0.0362595
-1.27	-0.0362595
-1.265	0
-1.26	0
-1.255	0
-1.25	0
-1.245	0
-1.24	0
-1.235	0
-1.23	-0.0362595
-1.225	-0.0362595
-1.22	0
-1.215	0
-1.21	-0.0362595
-1.205	-0.0362595
-1.2	-0.0362595
-1.195	-0.0362595
-1.19	-0.0362595
-1.185	-0.0362595
-1.18	-0.0362595
-1.175	-0.0362595
-1.17	-0.0362595
-1.165	-0.0362595
-1.16	0
-1.155	0
-1.15	0
-1.145	0
-1.14	0
-1.135	0
-1.13	0
-1.125	0
-1.12	-0.0362595
-1.115	-0.0362595
-1.11	-0.0362595
-1.105	-0.0362595
-1.1	0
-1.095	0
-1.09	0
-1.085	-0.0362595
-1.08	0
-1.075	-0.0362595
-1.07	-0.0362595
-1.065	-0.0362595
-1.06	-0.0362595
-1.055	-0.0362595
-1.05	-0.0362595
-1.045	-0.0362595
-1.04	-0.0362595
-1.035	-0.0362595
-1.03	-0.0362595
-1.025	-0.0362595
-1.02	-0.0362595
-1.015	-0.0362595
-1.01	-0.0362595
-1.005	-0.0362595
-1	-0.0362595
-0.995	-0.0362595
-0.99	-0.0362595
-0.985	-0.0362595
-0.98	-0.0362595
-0.975	-0.0362595
-0.97	-0.0362595
-0.965	-0.0362595
-0.96	-0.0362595
-0.955	-0.0362595
-0.95	-0.0362595
-0.945	-0.0362595
-0.94	-0.0362595
-0.935	-0.0362595
-0.93	-0.0362595
-0.925	-0.0362595
-0.92	-0.0362595
-0.915	-0.0362595
-0.91	-0.0362595
-0.905	-0.0362595
-0.9	-0.0362595
-0.895	-0.0362595
-0.89	0
-0.885	0
-0.88	0
-0.875	0
-0.87	0
-0.865	0
-0.86	0
-0.855	0
-0.85	0
-0.845	0
-0.84	0
-0.835	0
-0.83	-0.0362595
-0.825	-0.0362595
-0.82	-0.0362595
-0.815	-0.0362595
-0.81	-0.0362595
-0.805	-0.0362595
-0.8	-0.0362595
-0.795	-0.0362595
-0.79	-0.0362595
-0.785	0
-0.78	0
-0.775	0
-0.77	0
-0.765	-0.0362595
-0.76	-0.0362595
-0.755	-0.0362595
-0.75	-0.0362595
-0.745	-0.0362595
-0.74	-0.0362595
-0.735	-0.0362595
-0.73	-0.0362595
-0.725	-0.0362595
-0.72	-0.0362595
-0.715	-0.0362595
-0.71	-0.0362595
-0.705	-0.0362595
-0.7	-0.0362595
-0.695	-0.0362595
-0.69	-0.0362595
-0.685	-0.0362595
-0.68	-0.0362595
-0.675	-0.0362595
-0.67	-0.0362595
-0.665	-0.0362595
-0.66	-0.0362595
-0.655	-0.0362595
-0.65	-0.0362595
-0.645	-0.0362595
-0.64	-0.0362595
-0.635	-0.0362595
-0.63	-0.0362595
-0.625	-0.0362595
-0.62	-0.0362595
-0.615	-0.0362595
-0.61	-0.0362595
-0.605	-0.0362595
-0.6	-0.0362595
-0.595	-0.0362595
-0.59	-0.0362595
-0.585	-0.0362595
-0.58	-0.0362595
-0.575	-0.0362595
-0.57	-0.0362595
-0.565	0
-0.56	-0.0362595
-0.555	-0.0362595
-0.55	-0.0362595
-0.545	-0.0362595
-0.54	-0.0362595
-0.535	-0.0362595
-0.53	-0.0362595
-0.525	-0.0362595
-0.52	-0.0362595
-0.515	-0.0362595
-0.51	-0.0362595
-0.505	-0.0362595
-0.5	-0.0362595
-0.495	-0.0362595
-0.49	-0.0362595
-0.485	-0.0362595
-0.48	-0.0362595
-0.475	-0.0362595
-0.47	-0.0362595
-0.465	-0.0362595
-0.46	-0.0362595
-0.455	-0.0362595
-0.45	-0.0362595
-0.445	-0.0362595
-0.44	-0.0362595
-0.435	-0.0362595
-0.43	-0.0362595
-0.425	-0.0362595
-0.42	-0.0362595
-0.415	-0.0362595
-0.41	-0.0362595
-0.405	-0.0362595
-0.4	-0.0362595
-0.395	-0.0362595
-0.39	0
-0.385	-0.0362595
-0.38	-0.0362595
-0.375	-0.0362595
-0.37	-0.0362595
-0.365	-0.0362595
-0.36	-0.0362595
-0.355	-0.0362595
-0.35	-0.0362595
-0.345	-0.0362595
-0.34	-0.0362595
-0.335	-0.0362595
-0.33	-0.1087785
-0.325	-0.1087785
-0.32	-0.1087785
-0.315	-0.1087785
-0.31	-0.0362595
-0.305	-0.0362595
-0.3	-0.0362595
-0.295	-0.0362595
-0.29	-0.0362595
-0.285	-0.0362595
-0.28	-0.0362595
-0.275	-0.0362595
-0.27	-0.0362595
-0.265	-0.0362595
-0.26	-0.0362595
-0.255	-0.0362595
-0.25	-0.0362595
-0.245	-0.0362595
-0.24	-0.0362595
-0.235	-0.0362595
-0.23	-0.0362595
-0.225	-0.0362595
-0.22	-0.0362595
-0.215	-0.0362595
-0.21	-0.0362595
-0.205	-0.0362595
-0.2	-0.0362595
-0.195	-0.0362595
-0.19	-0.0362595
-0.185	-0.0362595
-0.18	-0.0362595
-0.175	-0.0362595
-0.17	0
-0.165	0
-0.16	0
-0.155	0
-0.15	0.072519
-0.145	0.435114
-0.14	1.0515255
-0.135	1.45038
-0.13	2.393127
-0.125	3.4446525
-0.12	4.3873995
-0.115	5.1851085
-0.11	6.2003745
-0.105	6.889305
-0.1	7.2519
-0.095	7.469457
-0.09	7.5057165
-0.085	7.3606785
-0.08	7.106862
-0.075	6.889305
-0.07	6.52671
-0.065	6.164115
-0.06	5.8377795
-0.055	5.5477035
-0.05	5.221368
-0.045	5.003811
-0.04	4.8950325
-0.035	4.858773
-0.03	4.786254
-0.025	4.786254
-0.02	4.858773
-0.015	4.858773
-0.01	4.7499945
-0.005	4.7499945
0	4.6049565
0.005	4.3873995
0.01	4.1698425
0.015	3.8797665
0.02	3.5896905
0.025	3.408393
0.03	3.190836
0.035	3.045798
0.04	2.973279
0.045	2.9370195
0.05	2.9370195
0.055	2.973279
0.06	3.045798
0.065	3.045798
0.07	3.045798
0.075	2.973279
0.08	2.8645005
0.085	2.755722
0.09	2.5744245
0.095	2.3568675
0.1	2.2118295
0.105	2.103051
0.11	1.9942725
0.115	1.9942725
0.12	2.103051
0.125	2.2118295
0.13	2.3568675
0.135	2.5744245
0.14	2.755722
0.145	2.8645005
0.15	2.973279
0.155	2.9370195
0.16	2.828241
0.165	2.683203
0.17	2.465646
0.175	2.248089
0.18	1.9942725
0.185	1.8492345
0.19	1.740456
0.195	1.6316775
0.2	1.5591585
0.205	1.6316775
0.21	1.667937
0.215	1.740456
0.22	1.8492345
0.225	1.885494
0.23	1.9942725
0.235	2.030532
0.24	2.030532
0.245	2.103051
0.25	2.103051
0.255	2.103051
0.26	2.1393105
0.265	2.2118295
0.27	2.248089
0.275	2.2843485
0.28	2.393127
0.285	2.5019055
0.29	2.5744245
0.295	2.610684
0.3	2.683203
0.305	2.683203
0.31	2.7194625
0.315	2.7194625
0.32	2.755722
0.325	2.755722
0.33	2.755722
0.335	2.7194625
0.34	2.610684
0.345	2.465646
0.35	2.2843485
0.355	2.1393105
0.36	1.9942725
0.365	1.885494
0.37	1.8492345
0.375	1.885494
0.38	1.9942725
0.385	2.1393105
0.39	2.3568675
0.395	2.5744245
0.4	2.683203
0.405	2.755722
0.41	2.828241
0.415	2.755722
0.42	2.683203
0.425	2.5019055
0.43	2.393127
0.435	2.2843485
0.44	2.248089
0.445	2.248089
0.45	2.2843485
0.455	2.3568675
0.46	2.393127
0.465	2.5019055
0.47	2.5744245
0.475	2.5744245
0.48	2.5744245
0.485	2.465646
0.49	2.2843485
0.495	2.1393105
0.5	1.9942725
0.505	1.885494
0.51	1.885494
0.515	1.885494
0.52	1.9942725
0.525	2.103051
0.53	2.2118295
0.535	2.2843485
0.54	2.465646
0.545	2.5019055
0.55	2.5744245
0.555	2.5744245
0.56	2.465646
0.565	2.2843485
0.57	2.103051
0.575	1.9942725
0.58	1.8492345
0.585	1.8492345
0.59	1.8492345
0.595	1.885494
0.6	1.9217535
0.605	2.030532
0.61	2.1393105
0.615	2.2118295
0.62	2.248089
0.625	2.248089
0.63	2.248089
0.635	2.1393105
0.64	2.103051
0.645	1.9942725
0.65	1.9217535
0.655	1.8492345
0.66	1.7767155
0.665	1.7767155
0.67	1.7767155
0.675	1.7767155
0.68	1.885494
0.685	1.9217535
0.69	1.9217535
0.695	1.9942725
0.7	1.9942725
0.705	1.9942725
0.71	1.9942725
0.715	1.9217535
0.72	1.885494
0.725	1.8492345
0.73	1.7767155
0.735	1.740456
0.74	1.740456
0.745	1.7767155
0.75	1.8492345
0.755	1.885494
0.76	1.9217535
0.765	2.030532
0.77	2.030532
0.775	2.030532
0.78	2.030532
0.785	1.9942725
0.79	1.9217535
0.795	1.8492345
0.8	1.7767155
0.805	1.667937
0.81	1.6316775
0.815	1.5591585
0.82	1.5591585
0.825	1.6316775
0.83	1.667937
0.835	1.667937
0.84	1.740456
0.845	1.740456
0.85	1.740456
0.855	1.740456
0.86	1.667937
0.865	1.6316775
0.87	1.6316775
0.875	1.5591585
0.88	1.522899
0.885	1.522899
0.89	1.45038
0.895	1.45038
0.9	1.4141205
0.905	1.4141205
0.91	1.377861
0.915	1.377861
0.92	1.377861
0.925	1.305342
0.93	1.305342
0.935	1.305342
0.94	1.377861
0.945	1.377861
0.95	1.377861
0.955	1.377861
0.96	1.377861
0.965	1.377861
0.97	1.305342
0.975	1.305342
0.98	1.305342
0.985	1.2690825
0.99	1.1965635
0.995	1.1965635
1	1.1965635
1.005	1.2690825
1.01	1.2690825
1.015	1.2690825
1.02	1.2690825
1.025	1.2690825
1.03	1.2690825
1.035	1.2690825
1.04	1.1965635
1.045	1.1965635
1.05	1.160304
1.055	1.087785
1.06	1.0515255
1.065	1.0515255
1.07	1.015266
1.075	0.942747
1.08	0.942747
1.085	0.942747
1.09	0.942747
1.095	0.942747
1.1	1.015266
1.105	1.015266
1.11	1.015266
1.115	1.015266
1.12	1.015266
1.125	1.015266
1.13	0.942747
1.135	0.9064875
1.14	0.8339685
1.145	0.797709
1.15	0.72519
1.155	0.72519
1.16	0.72519
1.165	0.72519
1.17	0.72519
1.175	0.797709
1.18	0.797709
1.185	0.797709
1.19	0.797709
1.195	0.8339685
1.2	0.797709
1.205	0.797709
1.21	0.797709
1.215	0.72519
1.22	0.72519
1.225	0.6889305
1.23	0.6164115
1.235	0.580152
1.24	0.5438925
1.245	0.5438925
1.25	0.4713735
1.255	0.4713735
1.26	0.4713735
1.265	0.5438925
1.27	0.5438925
1.275	0.5438925
1.28	0.5438925
1.285	0.5438925
1.29	0.5438925
1.295	0.4713735
1.3	0.4713735
1.305	0.4713735
1.31	0.435114
1.315	0.362595
1.32	0.362595
1.325	0.3263355
1.33	0.3263355
1.335	0.2538165
1.34	0.2538165
1.345	0.3263355
1.35	0.3263355
1.355	0.3263355
1.36	0.3263355
1.365	0.362595
1.37	0.362595
1.375	0.362595
1.38	0.3263355
1.385	0.3263355
1.39	0.3263355
1.395	0.3263355
1.4	0.2538165
1.405	0.2538165
1.41	0.217557
1.415	0.217557
1.42	0.1812975
1.425	0.1087785
1.43	0.1087785
1.435	0.1087785
1.44	0.1087785
1.445	0.1812975
1.45	0.1812975
1.455	0.1812975
1.46	0.1812975
1.465	0.217557
1.47	0.1812975
1.475	0.1812975
1.48	0.1812975
1.485	0.1812975
1.49	0.1087785
1.495	0.072519
1.5	0
1.505	0
1.51	-0.0362595
1.515	-0.0362595
1.52	-0.0362595
1.525	0
1.53	0
1.535	0
1.54	0
1.545	0
1.55	0
1.555	0
1.56	0
1.565	0.072519
1.57	0.072519
1.575	0.1087785
1.58	0.1812975
1.585	0.1812975
1.59	0.1812975
1.595	0.1087785
1.6	0.072519
1.605	0
1.61	-0.0362595
1.615	-0.1087785
1.62	-0.145038
1.625	-0.145038
1.63	-0.1087785
1.635	-0.0362595
1.64	0
1.645	0.072519
1.65	0.1087785
1.655	0.1812975
1.66	0.1812975
1.665	0.1087785
1.67	0.072519
1.675	0
1.68	-0.1087785
1.685	-0.217557
1.69	-0.2538165
1.695	-0.362595
1.7	-0.362595
1.705	-0.362595
1.71	-0.362595
1.715	-0.290076
1.72	-0.2538165
1.725	-0.217557
1.73	-0.217557
1.735	-0.217557
1.74	-0.0362595
1.745	0.217557
1.75	0.6889305
1.755	1.305342
1.76	2.030532
1.765	2.8645005
1.77	3.6622095
1.775	4.35114
1.78	4.8950325
1.785	5.438925
1.79	5.583963
1.795	5.5477035
1.8	5.2576275
1.805	4.8950325
1.81	4.423659
1.815	4.061064
1.82	3.8797665
1.825	3.8072475
1.83	3.8797665
1.835	4.0248045
1.84	4.2423615
1.845	4.3873995
1.85	4.496178
1.855	4.496178
1.86	4.3873995
1.865	4.133583
1.87	3.8072475
1.875	3.4446525
1.88	3.0820575
1.885	2.828241
1.89	2.610684
1.895	2.465646
1.9	2.393127
1.905	2.465646
1.91	2.5019055
1.915	2.610684
1.92	2.7194625
1.925	2.828241
1.93	2.828241
1.935	2.828241
1.94	2.7194625
1.945	2.5744245
1.95	2.465646
1.955	2.2843485
1.96	2.2118295
1.965	2.1393105
1.97	2.2118295
1.975	2.2118295
1.98	2.2843485
1.985	2.393127
1.99	2.465646
1.995	2.5019055
2	2.465646
2.005	2.3568675
2.01	2.1393105
2.015	1.9217535
2.02	1.740456
2.025	1.6316775
2.03	1.5591585
2.035	1.6316775
2.04	1.740456
2.045	1.8492345
2.05	2.030532
2.055	2.1393105
2.06	2.248089
2.065	2.248089
2.07	2.2118295
2.075	2.103051
2.08	1.9217535
2.085	1.7767155
2.09	1.667937
2.095	1.6316775
2.1	1.667937
2.105	1.7767155
2.11	1.885494
2.115	2.030532
2.12	2.2118295
2.125	2.2843485
2.13	2.3568675
2.135	2.2843485
2.14	2.2118295
2.145	2.103051
2.15	1.9217535
2.155	1.7767155
2.16	1.667937
2.165	1.6316775
2.17	1.5591585
2.175	1.6316775
2.18	1.667937
2.185	1.7767155
2.19	1.885494
2.195	1.9217535
2.2	1.9942725
2.205	1.9942725
2.21	1.9217535
2.215	1.885494
2.22	1.7767155
2.225	1.740456
2.23	1.6316775
2.235	1.5591585
2.24	1.5591585
2.245	1.5591585
2.25	1.5591585
2.255	1.6316775
2.26	1.667937
2.265	1.7767155
2.27	1.885494
2.275	1.9217535
2.28	1.9942725
2.285	2.103051
2.29	2.103051
2.295	2.103051
2.3	2.103051
2.305	2.103051
2.31	1.9942725
2.315	1.8492345
2.32	1.740456
2.325	1.5591585
2.33	1.4141205
2.335	1.377861
2.34	1.305342
2.345	1.305342
2.35	1.377861
2.355	1.45038
2.36	1.5591585
2.365	1.740456
2.37	1.8492345
2.375	1.885494
2.38	1.885494
2.385	1.8492345
2.39	1.7767155
2.395	1.667937
2.4	1.522899
2.405	1.4141205
2.41	1.305342
2.415	1.2690825
2.42	1.1965635
2.425	1.1965635
2.43	1.2690825
2.435	1.2690825
2.44	1.305342
2.445	1.377861
2.45	1.377861
2.455	1.377861
2.46	1.377861
2.465	1.305342
2.47	1.305342
2.475	1.305342
2.48	1.305342
2.485	1.377861
2.49	1.377861
2.495	1.4141205
2.5	1.4141205
2.505	1.4141205
2.51	1.4141205
2.515	1.377861
2.52	1.2690825
2.525	1.1965635
2.53	1.160304
2.535	1.087785
2.54	1.087785
2.545	1.0515255
2.55	1.0515255
2.555	1.087785
2.56	1.087785
2.565	1.160304
2.57	1.160304
2.575	1.160304
2.58	1.160304
2.585	1.160304
2.59	1.087785
2.595	1.087785
2.6	1.160304
2.605	1.160304
2.61	1.1965635
2.615	1.1965635
2.62	1.2690825
2.625	1.305342
2.63	1.305342
2.635	1.2690825
2.64	1.1965635
2.645	1.087785
2.65	1.015266
2.655	0.942747
2.66	0.9064875
2.665	0.8339685
2.67	0.9064875
2.675	0.942747
2.68	1.015266
2.685	1.087785
2.69	1.160304
2.695	1.2690825
2.7	1.2690825
2.705	1.305342
2.71	1.305342
2.715	1.305342
2.72	1.305342
2.725	1.305342
2.73	1.2690825
2.735	1.2690825
2.74	1.2690825
2.745	1.160304
2.75	1.087785
2.755	1.015266
2.76	0.9064875
2.765	0.797709
2.77	0.6889305
2.775	0.580152
2.78	0.5438925
2.785	0.5438925
2.79	0.5438925
2.795	0.580152
2.8	0.6164115
2.805	0.6889305
2.81	0.72519
2.815	0.797709
2.82	0.8339685
2.825	0.8339685
2.83	0.8339685
2.835	0.8339685
2.84	0.797709
2.845	0.797709
2.85	0.797709
2.855	0.797709
2.86	0.72519
2.865	0.72519
2.87	0.72519
2.875	0.72519
2.88	0.72519
2.885	0.6889305
2.89	0.6889305
2.895	0.6164115
2.9	0.6164115
2.905	0.6164115
2.91	0.6164115
2.915	0.6164115
2.92	0.6164115
2.925	0.6164115
2.93	0.6164115
2.935	0.6164115
2.94	0.580152
2.945	0.5438925
2.95	0.4713735
2.955	0.435114
2.96	0.362595
2.965	0.362595
2.97	0.435114
2.975	0.4713735
2.98	0.580152
2.985	0.6889305
2.99	0.797709
2.995	0.8339685
3	0.8339685
3.005	0.8339685
3.01	0.797709
3.015	0.6889305
3.02	0.580152
3.025	0.4713735
3.03	0.362595
3.035	0.2538165
3.04	0.217557
3.045	0.217557
3.05	0.217557
3.055	0.2538165
3.06	0.3263355
3.065	0.435114
3.07	0.5438925
3.075	0.6164115
3.08	0.6889305
3.085	0.72519
3.09	0.6889305
3.095	0.6164115
3.1	0.580152
3.105	0.5438925
3.11	0.435114
3.115	0.3263355
3.12	0.217557
3.125	0.1812975
3.13	0.1087785
3.135	0.1087785
3.14	0.1087785
3.145	0.1812975
3.15	0.217557
3.155	0.3263355
3.16	0.435114
3.165	0.5438925
3.17	0.580152
3.175	0.580152
3.18	0.580152
3.185	0.5438925
3.19	0.4713735
3.195	0.362595
3.2	0.3263355
3.205	0.2538165
3.21	0.217557
3.215	0.1812975
3.22	0.1812975
3.225	0.1812975
3.23	0.1812975
3.235	0.1812975
3.24	0.217557
3.245	0.2538165
3.25	0.3263355
3.255	0.362595
3.26	0.4713735
3.265	0.6164115
3.27	0.72519
3.275	0.8339685
3.28	0.9064875
3.285	0.8339685
3.29	0.72519
3.295	0.580152
3.3	0.435114
3.305	0.217557
3.31	0.072519
3.315	-0.1087785
3.32	-0.217557
3.325	-0.2538165
3.33	-0.2538165
3.335	-0.2538165
3.34	-0.217557
3.345	-0.145038
3.35	-0.0362595
3.355	0
3.36	0.072519
3.365	0.1087785
3.37	0.1087785
3.375	0.072519
3.38	0
3.385	-0.0362595
3.39	-0.1087785
3.395	-0.145038
3.4	-0.217557
3.405	-0.2538165
3.41	-0.2538165
3.415	-0.217557
3.42	-0.145038
3.425	-0.1087785
3.43	0
3.435	0.1087785
3.44	0.217557
3.445	0.2538165
3.45	0.2538165
3.455	0.3263355
3.46	0.2538165
3.465	0.2538165
3.47	0.217557
3.475	0.1087785
3.48	0.072519
3.485	0
3.49	-0.0362595
3.495	-0.145038
3.5	-0.217557
3.505	-0.290076
3.51	-0.362595
3.515	-0.3988545
3.52	-0.4713735
3.525	-0.507633
3.53	-0.507633
3.535	-0.4713735
3.54	-0.4713735
3.545	-0.3988545
3.55	-0.362595
3.555	-0.290076
3.56	-0.290076
3.565	-0.290076
3.57	-0.290076
3.575	-0.362595
3.58	-0.3988545
3.585	-0.507633
3.59	-0.580152
3.595	-0.652671
3.6	-0.652671
3.605	-0.72519
3.61	-0.652671
3.615	-0.652671
3.62	-0.580152
3.625	-0.507633
3.63	-0.3988545
3.635	-0.362595
3.64	-0.290076
3.645	-0.290076
3.65	-0.362595
3.655	-0.4713735
3.66	-0.580152
3.665	-0.652671
3.67	-0.7614495
3.675	-0.870228
3.68	-0.870228
3.685	-0.870228
3.69	-0.8339685
3.695	-0.72519
3.7	-0.6164115
3.705	-0.507633
3.71	-0.3988545
3.715	-0.290076
3.72	-0.2538165
3.725	-0.2538165
3.73	-0.2538165
3.735	-0.2538165
3.74	-0.362595
3.745	-0.3988545
3.75	-0.4713735
3.755	-0.580152
3.76	-0.580152
3.765	-0.580152
3.77	-0.507633
3.775	-0.4713735
3.78	-0.3988545
3.785	-0.290076
3.79	-0.217557
3.795	-0.217557
3.8	-0.145038
3.805	-0.217557
3.81	-0.2538165
3.815	-0.362595
3.82	-0.4713735
3.825	-0.580152
3.83	-0.652671
3.835	-0.72519
3.84	-0.72519
3.845	-0.72519
3.85	-0.652671
3.855	-0.580152
3.86	-0.4713735
3.865	-0.3988545
3.87	-0.290076
3.875	-0.2538165
3.88	-0.217557
3.885	-0.145038
3.89	-0.145038
3.895	-0.1087785
3.9	-0.1087785
3.905	-0.1087785
3.91	-0.1087785
3.915	-0.1087785
3.92	-0.1087785
3.925	-0.0362595
3.93	-0.0362595
3.935	0
3.94	0
3.945	0
3.95	0
3.955	0
3.96	-0.0362595
3.965	-0.1087785
3.97	-0.217557
3.975	-0.2538165
3.98	-0.290076
3.985	-0.3988545
3.99	-0.3988545
3.995	-0.4713735
4	-0.4713735
4.005	-0.4713735
4.01	-0.3988545
4.015	-0.3988545
4.02	-0.290076
4.025	-0.2538165
4.03	-0.217557
4.035	-0.145038
4.04	-0.145038
4.045	-0.217557
4.05	-0.2538165
4.055	-0.362595
4.06	-0.4713735
4.065	-0.580152
4.07	-0.652671
4.075	-0.7614495
4.08	-0.7614495
4.085	-0.7614495
4.09	-0.652671
4.095	-0.580152
4.1	-0.3988545
4.105	-0.290076
4.11	-0.217557
4.115	-0.145038
4.12	-0.145038
4.125	-0.2538165
4.13	-0.362595
4.135	-0.507633
4.14	-0.652671
4.145	-0.8339685
4.15	-0.942747
4.155	-0.9790065
4.16	-0.9790065
4.165	-0.942747
4.17	-0.870228
4.175	-0.7614495
4.18	-0.652671
4.185	-0.6164115
4.19	-0.507633
4.195	-0.507633
4.2	-0.507633
4.205	-0.580152
4.21	-0.580152
4.215	-0.652671
4.22	-0.72519
4.225	-0.72519
4.23	-0.72519
4.235	-0.72519
4.24	-0.652671
4.245	-0.6164115
4.25	-0.580152
4.255	-0.507633
4.26	-0.4713735
4.265	-0.362595
4.27	-0.2538165
4.275	-0.145038
4.28	0.072519
4.285	0.217557
4.29	0.435114
4.295	0.580152
4.3	0.6164115
4.305	0.6164115
4.31	0.5438925
4.315	0.362595
4.32	0.217557
4.325	0
4.33	-0.145038
4.335	-0.2538165
4.34	-0.290076
4.345	-0.290076
4.35	-0.2538165
4.355	-0.217557
4.36	-0.145038
4.365	-0.1087785
4.37	-0.0362595
4.375	-0.1087785
4.38	-0.145038
4.385	-0.2538165
4.39	-0.3988545
4.395	-0.507633
4.4	-0.6164115
4.405	-0.652671
4.41	-0.72519
4.415	-0.652671
4.42	-0.6164115
4.425	-0.580152
4.43	-0.3988545
4.435	-0.362595
4.44	-0.2538165
4.445	-0.217557
4.45	-0.217557
4.455	-0.2538165
4.46	-0.362595
4.465	-0.4713735
4.47	-0.507633
4.475	-0.580152
4.48	-0.6164115
4.485	-0.580152
4.49	-0.507633
4.495	-0.4713735
4.5	-0.3988545
4.505	-0.3988545
4.51	-0.3988545
4.515	-0.3988545
4.52	-0.4713735
4.525	-0.580152
4.53	-0.6164115
4.535	-0.652671
4.54	-0.7614495
4.545	-0.7614495
4.55	-0.7614495
4.555	-0.7614495
4.56	-0.72519
4.565	-0.652671
4.57	-0.6164115
4.575	-0.580152
4.58	-0.580152
4.585	-0.580152
4.59	-0.580152
4.595	-0.580152
4.6	-0.580152
4.605	-0.580152
4.61	-0.507633
4.615	-0.507633
4.62	-0.507633
4.625	-0.4713735
4.63	-0.4713735
4.635	-0.4713735
4.64	-0.4713735
4.645	-0.507633
4.65	-0.507633
4.655	-0.580152
4.66	-0.580152
4.665	-0.580152
4.67	-0.580152
4.675	-0.507633
4.68	-0.507633
4.685	-0.4713735
4.69	-0.4713735
4.695	-0.4713735
4.7	-0.4713735
4.705	-0.507633
4.71	-0.507633
4.715	-0.580152
4.72	-0.580152
4.725	-0.580152
4.73	-0.580152
4.735	-0.507633
4.74	-0.4713735
4.745	-0.4713735
4.75	-0.3988545
4.755	-0.3988545
4.76	-0.3988545
4.765	-0.507633
4.77	-0.580152
4.775	-0.6164115
4.78	-0.72519
4.785	-0.8339685
4.79	-0.870228
4.795	-0.942747
4.8	-0.9790065
4.805	-0.942747
4.81	-0.870228
4.815	-0.7614495
4.82	-0.652671
4.825	-0.580152
4.83	-0.4713735
4.835	-0.3988545
4.84	-0.3988545
4.845	-0.4713735
4.85	-0.580152
4.855	-0.72519
4.86	-0.870228
4.865	-1.0515255
4.87	-1.1240445
4.875	-1.232823
4.88	-1.305342
4.885	-1.305342
4.89	-1.232823
4.895	-1.1240445
4.9	-1.087785
4.905	-0.9790065
4.91	-0.942747
4.915	-0.942747
4.92	-0.942747
4.925	-0.942747
4.93	-0.9790065
4.935	-1.087785
4.94	-1.1240445
4.945	-1.1965635
4.95	-1.232823
4.955	-1.232823
4.96	-1.232823
4.965	-1.1965635
4.97	-1.1240445
4.975	-1.087785
4.98	-1.0515255
4.985	-0.9790065
4.99	-0.942747
4.995	-0.9790065
5	-1.0515255
5.005	-1.087785
5.01	-1.1965635
5.015	-1.305342
5.02	-1.3416015
5.025	-1.4141205
5.03	-1.3416015
5.035	-1.305342
5.04	-1.232823
5.045	-1.1240445
5.05	-1.0515255
5.055	-0.942747
5.06	-0.870228
5.065	-0.8339685
5.07	-0.870228
5.075	-0.870228
5.08	-0.942747
5.085	-0.9790065
5.09	-0.942747
5.095	-0.8339685
5.1	-0.6164115
5.105	-0.362595
5.11	-0.1087785
5.115	0.1812975
5.12	0.3263355
5.125	0.362595
5.13	0.3263355
5.135	0.217557
5.14	0.072519
5.145	-0.1087785
5.15	-0.290076
5.155	-0.362595
5.16	-0.3988545
5.165	-0.362595
5.17	-0.217557
5.175	0
5.18	0.217557
5.185	0.4713735
5.19	0.6889305
5.195	0.8339685
5.2	0.942747
5.205	0.942747
5.21	0.8339685
5.215	0.72519
5.22	0.5438925
5.225	0.3263355
5.23	0.1087785
5.235	-0.1087785
5.24	-0.290076
5.245	-0.4713735
5.25	-0.580152
5.255	-0.6164115
5.26	-0.6164115
5.265	-0.507633
5.27	-0.3988545
5.275	-0.2538165
5.28	-0.1087785
5.285	0.072519
5.29	0.1812975
5.295	0.1812975
5.3	0.1812975
5.305	0.072519
5.31	-0.0362595
5.315	-0.217557
5.32	-0.362595
5.325	-0.507633
5.33	-0.6164115
5.335	-0.72519
5.34	-0.7614495
5.345	-0.7614495
5.35	-0.72519
5.355	-0.652671
5.36	-0.580152
5.365	-0.507633
5.37	-0.4713735
5.375	-0.3988545
5.38	-0.4713735
5.385	-0.4713735
5.39	-0.507633
5.395	-0.580152
5.4	-0.652671
5.405	-0.7614495
5.41	-0.870228
5.415	-0.9790065
5.42	-1.087785
5.425	-1.1240445
5.43	-1.1240445
5.435	-1.1240445
5.44	-1.087785
5.445	-1.0515255
5.45	-0.9790065
5.455	-0.870228
5.46	-0.8339685
5.465	-0.8339685
5.47	-0.8339685
5.475	-0.870228
5.48	-0.942747
5.485	-0.9790065
5.49	-1.0515255
5.495	-1.0515255
5.5	-1.0515255
5.505	-0.942747
5.51	-0.72519
5.515	-0.507633
5.52	-0.290076
5.525	-0.1087785
5.53	0.072519
5.535	0.1812975
5.54	0.1812975
5.545	0.1087785
5.55	-0.0362595
5.555	-0.217557
5.56	-0.3988545
5.565	-0.6164115
5.57	-0.7614495
5.575	-0.870228
5.58	-0.942747
5.585	-0.870228
5.59	-0.870228
5.595	-0.7614495
5.6	-0.652671
5.605	-0.580152
5.61	-0.507633
5.615	-0.507633
5.62	-0.507633
5.625	-0.580152
5.63	-0.652671
5.635	-0.7614495
5.64	-0.870228
5.645	-0.9790065
5.65	-1.0515255
5.655	-1.087785
5.66	-1.087785
5.665	-1.0515255
5.67	-0.9790065
5.675	-0.942747
5.68	-0.870228
5.685	-0.870228
5.69	-0.870228
5.695	-0.870228
5.7	-0.9790065
5.705	-1.0515255
5.71	-1.1240445
5.715	-1.1965635
5.72	-1.232823
5.725	-1.232823
5.73	-1.232823
5.735	-1.1965635
5.74	-1.1240445
5.745	-1.0515255
5.75	-0.9790065
5.755	-0.942747
5.76	-0.870228
5.765	-0.942747
5.77	-0.9790065
5.775	-1.087785
5.78	-1.1965635
5.785	-1.305342
5.79	-1.4141205
5.795	-1.45038
5.8	-1.45038
5.805	-1.45038
5.81	-1.3416015
5.815	-1.305342
5.82	-1.1965635
5.825	-1.087785
5.83	-0.9790065
5.835	-0.942747
5.84	-0.870228
5.845	-0.870228
5.85	-0.942747
5.855	-0.9790065
5.86	-1.087785
5.865	-1.1965635
5.87	-1.305342
5.875	-1.3416015
5.88	-1.45038
5.885	-1.4866395
5.89	-1.4866395
5.895	-1.45038
5.9	-1.4141205
5.905	-1.305342
5.91	-1.232823
5.915	-1.1965635
5.92	-1.1965635
5.925	-1.1965635
5.93	-1.232823
5.935	-1.3416015
5.94	-1.45038
5.945	-1.4866395
5.95	-1.595418
5.955	-1.667937
5.96	-1.667937
5.965	-1.595418
5.97	-1.4866395
5.975	-1.4141205
5.98	-1.305342
5.985	-1.232823
5.99	-1.1240445
5.995	-1.1240445
6	-1.1240445
6.005	-1.1240445
6.01	-1.1240445
6.015	-1.1965635
6.02	-1.232823
6.025	-1.232823
6.03	-1.232823
6.035	-1.1965635
6.04	-1.1965635
6.045	-1.1240445
6.05	-1.087785
6.055	-1.0515255
6.06	-0.9790065
6.065	-0.9790065
6.07	-1.0515255
6.075	-1.087785
6.08	-1.1965635
6.085	-1.305342
6.09	-1.4141205
6.095	-1.4866395
6.1	-1.5591585
6.105	-1.595418
6.11	-1.595418
6.115	-1.5591585
6.12	-1.4866395
6.125	-1.4141205
6.13	-1.305342
6.135	-1.1965635
6.14	-1.087785
6.145	-0.9790065
6.15	-0.870228
6.155	-0.8339685
6.16	-0.7614495
6.165	-0.8339685
6.17	-0.870228
6.175	-0.9790065
6.18	-1.087785
6.185	-1.232823
6.19	-1.4141205
6.195	-1.5591585
6.2	-1.667937
6.205	-1.7041965
6.21	-1.7767155
6.215	-1.7767155
6.22	-1.667937
6.225	-1.5591585
6.23	-1.45038
6.235	-1.3416015
6.24	-1.232823
6.245	-1.1240445
6.25	-1.1240445
6.255	-1.1965635
6.26	-1.232823
6.265	-1.3416015
6.27	-1.45038
6.275	-1.595418
6.28	-1.667937
6.285	-1.7041965
6.29	-1.7767155
6.295	-1.7041965
6.3	-1.667937
6.305	-1.5591585
6.31	-1.4141205
6.315	-1.232823
6.32	-1.1240445
6.325	-1.0515255
6.33	-0.942747
6.335	-0.9790065
6.34	-1.087785
6.345	-1.1965635
6.35	-1.3416015
6.355	-1.4866395
6.36	-1.667937
6.365	-1.7767155
6.37	-1.812975
6.375	-1.885494
6.38	-1.812975
6.385	-1.7767155
6.39	-1.667937
6.395	-1.5591585
6.4	-1.45038
6.405	-1.3416015
6.41	-1.3416015
6.415	-1.305342
6.42	-1.305342
6.425	-1.305342
6.43	-1.305342
6.435	-1.232823
6.44	-1.1965635
6.445	-1.1965635
6.45	-1.1240445
6.455	-1.1240445
6.46	-1.1965635
6.465	-1.305342
6.47	-1.4141205
6.475	-1.4866395
6.48	-1.595418
6.485	-1.7041965
6.49	-1.812975
6.495	-1.885494
6.5	-1.885494
6.505	-1.812975
6.51	-1.7767155
6.515	-1.7041965
6.52	-1.595418
6.525	-1.5591585
6.53	-1.5591585
6.535	-1.5591585
6.54	-1.595418
6.545	-1.667937
6.55	-1.7041965
6.555	-1.7767155
6.56	-1.812975
6.565	-1.885494
6.57	-1.885494
6.575	-1.812975
6.58	-1.7767155
6.585	-1.667937
6.59	-1.595418
6.595	-1.4866395
6.6	-1.45038
6.605	-1.45038
6.61	-1.4866395
6.615	-1.5591585
6.62	-1.667937
6.625	-1.7767155
6.63	-1.885494
6.635	-1.958013
6.64	-2.0667915
6.645	-2.0667915
6.65	-2.0667915
6.655	-2.0667915
6.66	-1.958013
6.665	-1.812975
6.67	-1.7041965
6.675	-1.5591585
6.68	-1.45038
6.685	-1.3416015
6.69	-1.305342
6.695	-1.3416015
6.7	-1.4141205
6.705	-1.4866395
6.71	-1.667937
6.715	-1.812975
6.72	-1.9217535
6.725	-1.958013
6.73	-2.030532
6.735	-1.958013
6.74	-1.9217535
6.745	-1.7767155
6.75	-1.595418
6.755	-1.45038
6.76	-1.232823
6.765	-1.087785
6.77	-0.942747
6.775	-0.870228
6.78	-0.942747
6.785	-1.0515255
6.79	-1.1965635
6.795	-1.3416015
6.8	-1.5591585
6.805	-1.7041965
6.81	-1.885494
6.815	-1.9217535
6.82	-1.958013
6.825	-1.9217535
6.83	-1.812975
6.835	-1.7041965
6.84	-1.595418
6.845	-1.4866395
6.85	-1.45038
6.855	-1.4141205
6.86	-1.4141205
6.865	-1.45038
6.87	-1.4866395
6.875	-1.667937
6.88	-1.7767155
6.885	-1.885494
6.89	-1.9217535
6.895	-1.958013
6.9	-1.958013
6.905	-1.9217535
6.91	-1.885494
6.915	-1.7767155
6.92	-1.595418
6.925	-1.4866395
6.93	-1.4141205
6.935	-1.3416015
6.94	-1.305342
6.945	-1.3416015
6.95	-1.4141205
6.955	-1.4866395
6.96	-1.667937
6.965	-1.7767155
6.97	-1.9217535
6.975	-2.030532
6.98	-2.0667915
6.985	-2.0667915
6.99	-2.030532
6.995	-1.958013
7	-1.9217535
7.005	-1.812975
7.01	-1.7041965
7.015	-1.595418
7.02	-1.5591585
7.025	-1.4866395
7.03	-1.4866395
7.035	-1.4866395
7.04	-1.4866395
7.045	-1.5591585
7.05	-1.4866395
7.055	-1.4866395
7.06	-1.45038
7.065	-1.3416015
7.07	-1.232823
7.075	-1.1240445
7.08	-1.087785
7.085	-0.9790065
7.09	-0.9790065
7.095	-1.0515255
7.1	-1.087785
7.105	-1.1965635
7.11	-1.305342
7.115	-1.45038
7.12	-1.595418
7.125	-1.7041965
7.13	-1.812975
7.135	-1.812975
7.14	-1.7767155
7.145	-1.7041965
7.15	-1.595418
7.155	-1.4866395
7.16	-1.4141205
7.165	-1.305342
7.17	-1.1965635
7.175	-1.1240445
7.18	-1.087785
7.185	-1.0515255
7.19	-0.9790065
7.195	-0.9790065
7.2	-0.9790065
7.205	-0.9790065
7.21	-1.0515255
7.215	-1.087785
7.22	-1.1965635
7.225	-1.305342
7.23	-1.4141205
7.235	-1.45038
7.24	-1.4866395
7.245	-1.4866395
7.25	-1.45038
7.255	-1.3416015
7.26	-1.232823
7.265	-1.087785
7.27	-0.942747
7.275	-0.8339685
7.28	-0.7614495
7.285	-0.72519
7.29	-0.72519
7.295	-0.8339685
7.3	-0.942747
7.305	-1.0515255
7.31	-1.1965635
7.315	-1.3416015
7.32	-1.45038
7.325	-1.4866395
7.33	-1.4866395
7.335	-1.45038
7.34	-1.4141205
7.345	-1.305342
7.35	-1.1965635
7.355	-1.0515255
7.36	-0.870228
7.365	-0.7614495
7.37	-0.652671
7.375	-0.6164115
7.38	-0.652671
7.385	-0.72519
7.39	-0.8339685
7.395	-0.9790065
7.4	-1.1240445
7.405	-1.305342
7.41	-1.45038
7.415	-1.5591585
7.42	-1.667937
7.425	-1.667937
7.43	-1.667937
7.435	-1.5591585
7.44	-1.4141205
7.445	-1.232823
7.45	-1.087785
7.455	-0.942747
7.46	-0.7614495
7.465	-0.652671
7.47	-0.6164115
7.475	-0.6164115
7.48	-0.652671
7.485	-0.72519
7.49	-0.8339685
7.495	-0.9790065
7.5	-1.087785
7.505	-1.1965635
7.51	-1.305342
7.515	-1.3416015
7.52	-1.3416015
7.525	-1.3416015
7.53	-1.3416015
7.535	-1.305342
7.54	-1.232823
7.545	-1.232823
7.55	-1.1240445
7.555	-1.087785
7.56	-0.9790065
7.565	-0.942747
7.57	-0.870228
7.575	-0.870228
7.58	-0.942747
7.585	-1.0515255
7.59	-1.1240445
7.595	-1.232823
7.6	-1.3416015
7.605	-1.4141205
7.61	-1.45038
7.615	-1.45038
7.62	-1.3416015
7.625	-1.305342
7.63	-1.1965635
7.635	-1.087785
7.64	-1.087785
7.645	-1.087785
7.65	-1.1240445
7.655	-1.232823
7.66	-1.3416015
7.665	-1.45038
7.67	-1.5591585
7.675	-1.667937
7.68	-1.7041965
7.685	-1.7041965
7.69	-1.667937
7.695	-1.5591585
7.7	-1.4866395
7.705	-1.4141205
7.71	-1.3416015
7.715	-1.305342
7.72	-1.305342
7.725	-1.305342
7.73	-1.3416015
7.735	-1.4141205
7.74	-1.45038
7.745	-1.5591585
7.75	-1.595418
7.755	-1.595418
7.76	-1.667937
7.765	-1.667937
7.77	-1.667937
7.775	-1.667937
7.78	-1.667937
7.785	-1.595418
7.79	-1.595418
7.795	-1.595418
7.8	-1.595418
7.805	-1.595418
7.81	-1.667937
7.815	-1.667937
7.82	-1.667937
7.825	-1.667937
7.83	-1.667937
7.835	-1.595418
7.84	-1.595418
7.845	-1.5591585
7.85	-1.5591585
7.855	-1.5591585
7.86	-1.4866395
7.865	-1.4866395
7.87	-1.45038
7.875	-1.4141205
7.88	-1.3416015
7.885	-1.305342
7.89	-1.305342
7.895	-1.232823
7.9	-1.232823
7.905	-1.232823
7.91	-1.232823
7.915	-1.232823
7.92	-1.232823
7.925	-1.305342
7.93	-1.3416015
7.935	-1.4141205
7.94	-1.4141205
7.945	-1.4141205
7.95	-1.4141205
7.955	-1.4141205
7.96	-1.3416015
7.965	-1.305342
7.97	-1.305342
7.975	-1.305342
7.98	-1.305342
7.985	-1.305342
7.99	-1.3416015
7.995	-1.3416015
8	-1.4141205
8.005	-1.4141205
8.01	-1.45038
8.015	-1.45038
8.02	-1.4141205
8.025	-1.305342
8.03	-1.232823
8.035	-1.1240445
8.04	-1.0515255
8.045	-0.9790065
8.05	-0.942747
8.055	-0.942747
8.06	-1.0515255
8.065	-1.087785
8.07	-1.1965635
8.075	-1.232823
8.08	-1.305342
8.085	-1.305342
8.09	-1.232823
8.095	-1.1240445
8.1	-1.0515255
8.105	-0.942747
8.11	-0.7614495
8.115	-0.72519
8.12	-0.6164115
8.125	-0.6164115
8.13	-0.6164115
8.135	-0.652671
8.14	-0.72519
8.145	-0.7614495
8.15	-0.870228
8.155	-0.942747
8.16	-0.870228
8.165	-0.8339685
8.17	-0.7614495
8.175	-0.6164115
8.18	-0.4713735
8.185	-0.2538165
8.19	-0.145038
8.195	-0.0362595
8.2	-0.0362595
8.205	-0.1087785
8.21	-0.2538165
8.215	-0.3988545
8.22	-0.580152
8.225	-0.7614495
8.23	-0.870228
8.235	-1.0515255
8.24	-1.0515255
8.245	-1.0515255
8.25	-0.942747
8.255	-0.8339685
8.26	-0.652671
8.265	-0.507633
8.27	-0.362595
8.275	-0.290076
8.28	-0.290076
8.285	-0.362595
8.29	-0.507633
8.295	-0.652671
8.3	-0.870228
8.305	-1.087785
8.31	-1.232823
8.315	-1.3416015
8.32	-1.45038
8.325	-1.4866395
8.33	-1.45038
8.335	-1.4141205
8.34	-1.3416015
8.345	-1.232823
8.35	-1.1240445
8.355	-1.0515255
8.36	-0.9790065
8.365	-0.9790065
8.37	-1.0515255
8.375	-1.087785
8.38	-1.1965635
8.385	-1.232823
8.39	-1.305342
8.395	-1.305342
8.4	-1.232823
8.405	-1.1965635
8.41	-1.1240445
8.415	-1.0515255
8.42	-0.942747
8.425	-0.870228
8.43	-0.870228
8.435	-0.870228
8.44	-0.942747
8.445	-1.0515255
8.45	-1.1240445
8.455	-1.1965635
8.46	-1.232823
8.465	-1.305342
8.47	-1.305342
8.475	-1.305342
8.48	-1.305342
8.485	-1.232823
8.49	-1.232823
8.495	-1.1965635
8.5	-1.1965635
8.505	-1.1240445
8.51	-1.087785
8.515	-0.9790065
8.52	-0.942747
8.525	-0.8339685
8.53	-0.7614495
8.535	-0.72519
8.54	-0.652671
8.545	-0.652671
8.55	-0.652671
8.555	-0.72519
8.56	-0.7614495
8.565	-0.8339685
8.57	-0.870228
8.575	-0.9790065
8.58	-0.9790065
8.585	-1.0515255
8.59	-0.9790065
8.595	-0.9790065
8.6	-0.942747
8.605	-0.870228
8.61	-0.8339685
8.615	-0.7614495
8.62	-0.72519
8.625	-0.7614495
8.63	-0.8339685
8.635	-0.870228
8.64	-0.942747
8.645	-0.9790065
8.65	-1.0515255
8.655	-1.0515255
8.66	-0.9790065
8.665	-0.870228
8.67	-0.72519
8.675	-0.507633
8.68	-0.2538165
8.685	0
8.69	0.217557
8.695	0.362595
8.7	0.435114
8.705	0.362595
8.71	0.2538165
8.715	0.1812975
8.72	0
8.725	-0.1087785
8.73	-0.217557
8.735	-0.217557
8.74	-0.217557
8.745	-0.1087785
8.75	0
8.755	0.072519
8.76	0.1812975
8.765	0.217557
8.77	0.2538165
8.775	0.217557
8.78	0.1812975
8.785	0.072519
8.79	0
8.795	-0.1087785
8.8	-0.1087785
8.805	-0.1087785
8.81	-0.1087785
8.815	-0.0362595
8.82	0.072519
8.825	0.1087785
8.83	0.1087785
8.835	0.1087785
8.84	0.1087785
8.845	0.1087785
8.85	0.072519
8.855	0
8.86	0
8.865	-0.0362595
8.87	-0.0362595
8.875	-0.0362595
8.88	-0.0362595
8.885	-0.0362595
8.89	-0.0362595
8.895	-0.0362595
8.9	-0.0362595
8.905	-0.0362595
8.91	0
8.915	0
8.92	0
8.925	0
8.93	0
8.935	-0.0362595
8.94	-0.0362595
8.945	-0.1087785
8.95	-0.145038
8.955	-0.217557
8.96	-0.217557
8.965	-0.2538165
8.97	-0.2538165
8.975	-0.2538165
8.98	-0.2538165
8.985	-0.217557
8.99	-0.217557
8.995	-0.217557
9	-0.217557
9.005	-0.217557
9.01	-0.217557
9.015	-0.217557
9.02	-0.217557
9.025	-0.2538165
9.03	-0.290076
9.035	-0.362595
9.04	-0.362595
9.045	-0.3988545
9.05	-0.3988545
9.055	-0.4713735
9.06	-0.4713735
9.065	-0.4713735
9.07	-0.4713735
9.075	-0.4713735
9.08	-0.4713735
9.085	-0.4713735
9.09	-0.3988545
9.095	-0.3988545
9.1	-0.362595
9.105	-0.362595
9.11	-0.362595
9.115	-0.362595
9.12	-0.362595
9.125	-0.3988545
9.13	-0.3988545
9.135	-0.3988545
9.14	-0.3988545
9.145	-0.362595
9.15	-0.290076
9.155	-0.217557
9.16	-0.145038
9.165	-0.1087785
9.17	-0.0362595
9.175	-0.0362595
9.18	-0.1087785
9.185	-0.217557
9.19	-0.290076
9.195	-0.3988545
9.2	-0.580152
9.205	-0.652671
9.21	-0.72519
9.215	-0.72519
9.22	-0.652671
9.225	-0.580152
9.23	-0.4713735
9.235	-0.362595
9.24	-0.290076
9.245	-0.290076
9.25	-0.290076
9.255	-0.290076
9.26	-0.3988545
9.265	-0.4713735
9.27	-0.507633
9.275	-0.580152
9.28	-0.580152
9.285	-0.507633
9.29	-0.507633
9.295	-0.4713735
9.3	-0.3988545
9.305	-0.362595
9.31	-0.362595
9.315	-0.362595
9.32	-0.3988545
9.325	-0.4713735
9.33	-0.580152
9.335	-0.6164115
9.34	-0.652671
9.345	-0.72519
9.35	-0.7614495
9.355	-0.72519
9.36	-0.72519
9.365	-0.72519
9.37	-0.72519
9.375	-0.652671
9.38	-0.652671
9.385	-0.652671
9.39	-0.652671
9.395	-0.652671
9.4	-0.652671
9.405	-0.6164115
9.41	-0.6164115
9.415	-0.580152
9.42	-0.507633
9.425	-0.507633
9.43	-0.4713735
9.435	-0.4713735
9.44	-0.4713735
9.445	-0.4713735
9.45	-0.507633
9.455	-0.580152
9.46	-0.6164115
9.465	-0.652671
9.47	-0.72519
9.475	-0.72519
9.48	-0.72519
9.485	-0.652671
9.49	-0.6164115
9.495	-0.580152
9.5	-0.4713735
9.505	-0.3988545
9.51	-0.290076
9.515	-0.290076
9.52	-0.2538165
9.525	-0.290076
9.53	-0.3988545
9.535	-0.507633
9.54	-0.6164115
9.545	-0.7614495
9.55	-0.8339685
9.555	-0.870228
9.56	-0.8339685
9.565	-0.8339685
9.57	-0.72519
9.575	-0.6164115
9.58	-0.507633
9.585	-0.4713735
9.59	-0.3988545
9.595	-0.3988545
9.6	-0.4713735
9.605	-0.507633
9.61	-0.6164115
9.615	-0.72519
9.62	-0.7614495
9.625	-0.7614495
9.63	-0.7614495
9.635	-0.7614495
9.64	-0.652671
9.645	-0.6164115
9.65	-0.507633
9.655	-0.3988545
9.66	-0.362595
9.665	-0.362595
9.67	-0.290076
9.675	-0.362595
9.68	-0.362595
9.685	-0.3988545
9.69	-0.4713735
9.695	-0.4713735
9.7	-0.507633
9.705	-0.507633
9.71	-0.507633
9.715	-0.507633
9.72	-0.580152
9.725	-0.507633
9.73	-0.507633
9.735	-0.507633
9.74	-0.507633
9.745	-0.507633
9.75	-0.507633
9.755	-0.507633
9.76	-0.507633
9.765	-0.507633
9.77	-0.507633
9.775	-0.507633
9.78	-0.507633
9.785	-0.4713735
9.79	-0.4713735
9.795	-0.3988545
9.8	-0.290076
9.805	-0.290076
9.81	-0.217557
9.815	-0.217557
9.82	-0.217557
9.825	-0.217557
9.83	-0.217557
9.835	-0.2538165
9.84	-0.290076
9.845	-0.3988545
9.85	-0.507633
9.855	-0.6164115
9.86	-0.652671
9.865	-0.72519
9.87	-0.7614495
9.875	-0.7614495
9.88	-0.7614495
9.885	-0.72519
9.89	-0.652671
9.895	-0.580152
9.9	-0.4713735
9.905	-0.3988545
9.91	-0.290076
9.915	-0.290076
9.92	-0.290076
9.925	-0.362595
9.93	-0.362595
9.935	-0.362595
9.94	-0.3988545
9.945	-0.3988545
9.95	-0.3988545
9.955	-0.3988545
9.96	-0.3988545
9.965	-0.3988545
9.97	-0.362595
9.975	-0.362595
9.98	-0.362595
9.985	-0.362595
9.99	-0.3988545
9.995	-0.3988545
10	-0.4713735
10.005	-0.4713735
10.01	-0.507633
10.015	-0.507633
10.02	-0.507633
10.025	-0.507633
10.03	-0.4713735
10.035	-0.3988545
10.04	-0.3988545
10.045	-0.362595
10.05	-0.290076
10.055	-0.290076
10.06	-0.290076
10.065	-0.362595
10.07	-0.362595
10.075	-0.3988545
10.08	-0.4713735
10.085	-0.507633
10.09	-0.507633
10.095	-0.4713735
10.1	-0.4713735
10.105	-0.3988545
10.11	-0.3988545
10.115	-0.3988545
10.12	-0.3988545
10.125	-0.3988545
10.13	-0.3988545
10.135	-0.4713735
10.14	-0.4713735
10.145	-0.507633
10.15	-0.507633
10.155	-0.507633
10.16	-0.507633
10.165	-0.4713735
10.17	-0.3988545
10.175	-0.362595
10.18	-0.362595
10.185	-0.290076
10.19	-0.2538165
10.195	-0.2538165
10.2	-0.2538165
10.205	-0.2538165
10.21	-0.2538165
10.215	-0.217557
10.22	-0.217557
10.225	-0.145038
10.23	-0.1087785
10.235	-0.1087785
10.24	-0.0362595
10.245	-0.1087785
10.25	-0.145038
10.255	-0.217557
10.26	-0.290076
10.265	-0.3988545
10.27	-0.4713735
10.275	-0.507633
10.28	-0.580152
10.285	-0.580152
10.29	-0.580152
10.295	-0.580152
10.3	-0.507633
10.305	-0.507633
10.31	-0.4713735
10.315	-0.4713735
10.32	-0.4713735
10.325	-0.3988545
10.33	-0.3988545
10.335	-0.362595
10.34	-0.290076
10.345	-0.2538165
10.35	-0.217557
10.355	-0.145038
10.36	-0.145038
10.365	-0.1087785
10.37	-0.145038
10.375	-0.145038
10.38	-0.217557
10.385	-0.2538165
10.39	-0.290076
10.395	-0.290076
10.4	-0.290076
10.405	-0.290076
10.41	-0.290076
10.415	-0.290076
10.42	-0.290076
10.425	-0.290076
10.43	-0.362595
10.435	-0.362595
10.44	-0.3988545
10.445	-0.3988545
10.45	-0.3988545
10.455	-0.3988545
10.46	-0.3988545
10.465	-0.362595
10.47	-0.290076
10.475	-0.290076
10.48	-0.290076
10.485	-0.290076
10.49	-0.362595
10.495	-0.3988545
10.5	-0.4713735
10.505	-0.507633
10.51	-0.6164115
10.515	-0.6164115
10.52	-0.6164115
10.525	-0.652671
10.53	-0.6164115
10.535	-0.580152
10.54	-0.507633
10.545	-0.507633
10.55	-0.4713735
10.555	-0.3988545
10.56	-0.3988545
10.565	-0.3988545
10.57	-0.362595
10.575	-0.3988545
10.58	-0.3988545
10.585	-0.3988545
10.59	-0.3988545
10.595	-0.3988545
10.6	-0.362595
10.605	-0.362595
10.61	-0.290076
10.615	-0.290076
10.62	-0.290076
10.625	-0.290076
10.63	-0.362595
10.635	-0.4713735
10.64	-0.507633
10.645	-0.6164115
10.65	-0.652671
10.655	-0.72519
10.66	-0.72519
10.665	-0.72519
10.67	-0.6164115
10.675	-0.580152
10.68	-0.507633
10.685	-0.4713735
10.69	-0.3988545
10.695	-0.3988545
10.7	-0.3988545
10.705	-0.4713735
10.71	-0.507633
10.715	-0.507633
10.72	-0.507633
10.725	-0.507633
10.73	-0.507633
10.735	-0.4713735
10.74	-0.4713735
10.745	-0.3988545
10.75	-0.362595
10.755	-0.362595
10.76	-0.362595
10.765	-0.362595
10.77	-0.362595
10.775	-0.3988545
10.78	-0.3988545
10.785	-0.4713735
10.79	-0.4713735
10.795	-0.4713735
10.8	-0.3988545
10.805	-0.3988545
10.81	-0.3988545
10.815	-0.3988545
10.82	-0.4713735
10.825	-0.4713735
10.83	-0.580152
10.835	-0.6164115
10.84	-0.72519
10.845	-0.72519
10.85	-0.8339685
10.855	-0.8339685
10.86	-0.8339685
10.865	-0.7614495
10.87	-0.72519
10.875	-0.652671
10.88	-0.580152
10.885	-0.507633
10.89	-0.507633
10.895	-0.4713735
10.9	-0.507633
10.905	-0.507633
10.91	-0.580152
10.915	-0.6164115
10.92	-0.652671
10.925	-0.652671
10.93	-0.72519
10.935	-0.72519
10.94	-0.72519
10.945	-0.652671
10.95	-0.652671
10.955	-0.6164115
10.96	-0.580152
10.965	-0.580152
10.97	-0.507633
10.975	-0.507633
10.98	-0.507633
10.985	-0.507633
10.99	-0.507633
10.995	-0.507633
11	-0.507633
11.005	-0.507633
11.01	-0.580152
11.015	-0.580152
11.02	-0.6164115
11.025	-0.652671
11.03	-0.652671
11.035	-0.72519
11.04	-0.72519
11.045	-0.72519
11.05	-0.652671
11.055	-0.6164115
11.06	-0.580152
11.065	-0.507633
11.07	-0.4713735
11.075	-0.3988545
11.08	-0.362595
11.085	-0.290076
11.09	-0.290076
11.095	-0.290076
11.1	-0.362595
11.105	-0.3988545
11.11	-0.507633
11.115	-0.580152
11.12	-0.652671
11.125	-0.72519
11.13	-0.7614495
11.135	-0.7614495
11.14	-0.7614495
11.145	-0.72519
11.15	-0.652671
11.155	-0.6164115
11.16	-0.507633
11.165	-0.4713735
11.17	-0.3988545
11.175	-0.3988545
11.18	-0.3988545
11.185	-0.3988545
11.19	-0.4713735
11.195	-0.4713735
11.2	-0.507633
11.205	-0.507633
11.21	-0.507633
11.215	-0.507633
11.22	-0.4713735
11.225	-0.4713735
11.23	-0.3988545
11.235	-0.362595
11.24	-0.290076
11.245	-0.290076
11.25	-0.290076
11.255	-0.362595
11.26	-0.362595
11.265	-0.3988545
11.27	-0.3988545
11.275	-0.4713735
11.28	-0.4713735
11.285	-0.4713735
11.29	-0.4713735
11.295	-0.4713735
11.3	-0.4713735
11.305	-0.4713735
11.31	-0.4713735
11.315	-0.4713735
11.32	-0.4713735
11.325	-0.3988545
11.33	-0.3988545
11.335	-0.362595
11.34	-0.290076
11.345	-0.2538165
11.35	-0.2538165
11.355	-0.2538165
11.36	-0.2538165
11.365	-0.290076
11.37	-0.3988545
11.375	-0.4713735
11.38	-0.580152
11.385	-0.580152
11.39	-0.6164115
11.395	-0.6164115
11.4	-0.6164115
11.405	-0.580152
11.41	-0.507633
11.415	-0.507633
11.42	-0.4713735
11.425	-0.4713735
11.43	-0.507633
11.435	-0.507633
11.44	-0.580152
11.445	-0.580152
11.45	-0.6164115
11.455	-0.6164115
11.46	-0.6164115
11.465	-0.6164115
11.47	-0.6164115
11.475	-0.6164115
11.48	-0.6164115
11.485	-0.6164115
11.49	-0.6164115
11.495	-0.6164115
11.5	-0.580152
11.505	-0.580152
11.51	-0.507633
11.515	-0.4713735
11.52	-0.4713735
11.525	-0.3988545
11.53	-0.3988545
11.535	-0.3988545
11.54	-0.4713735
11.545	-0.4713735
11.55	-0.507633
11.555	-0.580152
11.56	-0.580152
11.565	-0.580152
11.57	-0.580152
11.575	-0.4713735
11.58	-0.3988545
11.585	-0.362595
11.59	-0.2538165
11.595	-0.145038
11.6	-0.145038
11.605	-0.145038
11.61	-0.145038
11.615	-0.2538165
11.62	-0.362595
11.625	-0.3988545
11.63	-0.507633
11.635	-0.580152
11.64	-0.6164115
11.645	-0.6164115
11.65	-0.6164115
11.655	-0.580152
11.66	-0.507633
11.665	-0.4713735
11.67	-0.362595
11.675	-0.290076
11.68	-0.2538165
11.685	-0.2538165
11.69	-0.2538165
11.695	-0.290076
11.7	-0.362595
11.705	-0.3988545
11.71	-0.4713735
11.715	-0.507633
11.72	-0.507633
11.725	-0.580152
11.73	-0.580152
11.735	-0.580152
11.74	-0.580152
11.745	-0.507633
11.75	-0.4713735
11.755	-0.4713735
11.76	-0.3988545
11.765	-0.3988545
11.77	-0.362595
11.775	-0.362595
11.78	-0.362595
11.785	-0.362595
11.79	-0.362595
11.795	-0.362595
11.8	-0.3988545
11.805	-0.3988545
11.81	-0.4713735
11.815	-0.4713735
11.82	-0.4713735
11.825	-0.4713735
11.83	-0.4713735
11.835	-0.3988545
11.84	-0.362595
11.845	-0.290076
11.85	-0.290076
11.855	-0.2538165
11.86	-0.2538165
11.865	-0.290076
11.87	-0.290076
11.875	-0.362595
11.88	-0.3988545
11.885	-0.4713735
11.89	-0.4713735
11.895	-0.3988545
11.9	-0.3988545
11.905	-0.290076
11.91	-0.217557
11.915	-0.1087785
11.92	-0.0362595
11.925	0.072519
11.93	0.072519
11.935	0.072519
11.94	0
11.945	-0.0362595
11.95	-0.1087785
11.955	-0.217557
11.96	-0.2538165
11.965	-0.2538165
11.97	-0.290076
11.975	-0.290076
11.98	-0.290076
11.985	-0.2538165
11.99	-0.2538165
11.995	-0.217557
12	-0.1087785
12.005	0
12.01	0.072519
12.015	0.1812975
12.02	0.1812975
12.025	0.217557
12.03	0.1812975
12.035	0.1087785
12.04	0.072519
12.045	-0.0362595
12.05	-0.145038
12.055	-0.2538165
12.06	-0.290076
12.065	-0.290076
12.07	-0.290076
12.075	-0.2538165
12.08	-0.145038
12.085	-0.0362595
12.09	0.072519
12.095	0.1087785
12.1	0.217557
12.105	0.217557
12.11	0.2538165
12.115	0.217557
12.12	0.1812975
12.125	0.1087785
12.13	0
12.135	-0.0362595
12.14	-0.145038
12.145	-0.217557
12.15	-0.2538165
12.155	-0.2538165
12.16	-0.2538165
12.165	-0.217557
12.17	-0.145038
12.175	-0.1087785
12.18	-0.0362595
12.185	-0.0362595
12.19	-0.0362595
12.195	-0.1087785
12.2	-0.145038
12.205	-0.217557
12.21	-0.290076
12.215	-0.362595
12.22	-0.3988545
12.225	-0.4713735
12.23	-0.4713735
12.235	-0.3988545
12.24	-0.3988545
12.245	-0.290076
12.25	-0.2538165
12.255	-0.145038
12.26	-0.0362595
12.265	0
12.27	0.072519
12.275	0.1087785
12.28	0.1087785
12.285	0.1087785
12.29	0.072519
12.295	0
12.3	-0.0362595
12.305	-0.1087785
12.31	-0.145038
12.315	-0.217557
12.32	-0.2538165
12.325	-0.2538165
12.33	-0.217557
12.335	-0.217557
12.34	-0.145038
12.345	-0.1087785
12.35	-0.0362595
12.355	0
12.36	0
12.365	0
12.37	0
12.375	0
12.38	-0.0362595
12.385	-0.145038
12.39	-0.217557
12.395	-0.2538165
12.4	-0.290076
12.405	-0.290076
12.41	-0.362595
12.415	-0.362595
12.42	-0.290076
12.425	-0.290076
12.43	-0.2538165
12.435	-0.217557
12.44	-0.145038
12.445	-0.1087785
12.45	-0.1087785
12.455	-0.0362595
12.46	-0.0362595
12.465	-0.0362595
12.47	-0.0362595
12.475	-0.1087785
12.48	-0.1087785
12.485	-0.145038
12.49	-0.145038
12.495	-0.217557
12.5	-0.217557
12.505	-0.145038
12.51	-0.145038
12.515	-0.1087785
12.52	-0.1087785
12.525	-0.1087785
12.53	-0.1087785
12.535	-0.145038
12.54	-0.145038
12.545	-0.217557
12.55	-0.290076
12.555	-0.362595
12.56	-0.362595
12.565	-0.3988545
12.57	-0.3988545
12.575	-0.362595
12.58	-0.2538165
12.585	-0.217557
12.59	-0.145038
12.595	-0.0362595
12.6	-0.0362595
12.605	-0.0362595
12.61	-0.0362595
12.615	-0.1087785
12.62	-0.217557
12.625	-0.2538165
12.63	-0.290076
12.635	-0.362595
12.64	-0.3988545
12.645	-0.362595
12.65	-0.290076
12.655	-0.2538165
12.66	-0.217557
12.665	-0.145038
12.67	-0.1087785
12.675	-0.1087785
12.68	-0.145038
12.685	-0.145038
12.69	-0.2538165
12.695	-0.290076
12.7	-0.362595
12.705	-0.3988545
12.71	-0.4713735
12.715	-0.3988545
12.72	-0.3988545
12.725	-0.362595
12.73	-0.290076
12.735	-0.2538165
12.74	-0.217557
12.745	-0.217557
12.75	-0.217557
12.755	-0.217557
12.76	-0.2538165
12.765	-0.2538165
12.77	-0.290076
12.775	-0.362595
12.78	-0.362595
12.785	-0.362595
12.79	-0.362595
12.795	-0.362595
12.8	-0.290076
12.805	-0.2538165
12.81	-0.2538165
12.815	-0.2538165
12.82	-0.2538165
12.825	-0.2538165
12.83	-0.2538165
12.835	-0.2538165
12.84	-0.2538165
12.845	-0.2538165
12.85	-0.2538165
12.855	-0.2538165
12.86	-0.2538165
12.865	-0.2538165
12.87	-0.2538165
12.875	-0.2538165
12.88	-0.2538165
12.885	-0.2538165
12.89	-0.2538165
12.895	-0.2538165
12.9	-0.217557
12.905	-0.217557
12.91	-0.145038
12.915	-0.1087785
12.92	-0.0362595
12.925	0
12.93	0
12.935	0
12.94	0
12.945	-0.0362595
12.95	-0.1087785
12.955	-0.145038
12.96	-0.217557
12.965	-0.2538165
12.97	-0.290076
12.975	-0.2538165
12.98	-0.217557
12.985	-0.145038
12.99	-0.0362595
12.995	0.072519
13	0.1087785
13.005	0.1087785
13.01	0.1087785
13.015	0
13.02	-0.1087785
13.025	-0.217557
13.03	-0.290076
13.035	-0.3988545
13.04	-0.507633
13.045	-0.507633
13.05	-0.507633
13.055	-0.4713735
13.06	-0.3988545
13.065	-0.290076
13.07	-0.2538165
13.075	-0.217557
13.08	-0.145038
13.085	-0.145038
13.09	-0.145038
13.095	-0.217557
13.1	-0.2538165
13.105	-0.290076
13.11	-0.362595
13.115	-0.3988545
13.12	-0.4713735
13.125	-0.4713735
13.13	-0.4713735
13.135	-0.4713735
13.14	-0.3988545
13.145	-0.3988545
13.15	-0.3988545
13.155	-0.3988545
13.16	-0.3988545
13.165	-0.3988545
13.17	-0.4713735
13.175	-0.4713735
13.18	-0.507633
13.185	-0.507633
13.19	-0.580152
13.195	-0.580152
13.2	-0.6164115
13.205	-0.6164115
13.21	-0.580152
13.215	-0.507633
13.22	-0.4713735
13.225	-0.3988545
13.23	-0.290076
13.235	-0.2538165
13.24	-0.2538165
13.245	-0.217557
13.25	-0.217557
13.255	-0.2538165
13.26	-0.2538165
13.265	-0.2538165
13.27	-0.290076
13.275	-0.362595
13.28	-0.362595
13.285	-0.3988545
13.29	-0.4713735
13.295	-0.4713735
13.3	-0.4713735
13.305	-0.507633
13.31	-0.507633
13.315	-0.507633
13.32	-0.4713735
13.325	-0.4713735
13.33	-0.3988545
13.335	-0.362595
13.34	-0.290076
13.345	-0.2538165
13.35	-0.217557
13.355	-0.145038
13.36	-0.145038
13.365	-0.145038
13.37	-0.217557
13.375	-0.290076
13.38	-0.362595
13.385	-0.4713735
13.39	-0.507633
13.395	-0.507633
13.4	-0.580152
13.405	-0.507633
13.41	-0.4713735
13.415	-0.3988545
13.42	-0.362595
13.425	-0.290076
13.43	-0.2538165
13.435	-0.217557
13.44	-0.217557
13.445	-0.217557
13.45	-0.2538165
13.455	-0.290076
13.46	-0.362595
13.465	-0.3988545
13.47	-0.4713735
13.475	-0.507633
13.48	-0.580152
13.485	-0.6164115
13.49	-0.652671
13.495	-0.652671
13.5	-0.652671
13.505	-0.72519
13.51	-0.652671
13.515	-0.652671
13.52	-0.6164115
13.525	-0.580152
13.53	-0.4713735
13.535	-0.4713735
13.54	-0.362595
13.545	-0.362595
13.55	-0.362595
13.555	-0.362595
13.56	-0.362595
13.565	-0.3988545
13.57	-0.4713735
13.575	-0.507633
13.58	-0.580152
13.585	-0.6164115
13.59	-0.652671
13.595	-0.652671
13.6	-0.652671
13.605	-0.652671
13.61	-0.6164115
13.615	-0.580152
13.62	-0.507633
13.625	-0.507633
13.63	-0.4713735
13.635	-0.3988545
13.64	-0.3988545
13.645	-0.3988545
13.65	-0.3988545
13.655	-0.4713735
13.66	-0.4713735
13.665	-0.4713735
13.67	-0.4713735
13.675	-0.4713735
13.68	-0.4713735
13.685	-0.4713735
13.69	-0.3988545
13.695	-0.3988545
13.7	-0.3988545
13.705	-0.3988545
13.71	-0.362595
13.715	-0.362595
13.72	-0.290076
13.725	-0.290076
13.73	-0.290076
13.735	-0.290076
13.74	-0.290076
13.745	-0.362595
13.75	-0.3988545
13.755	-0.3988545
13.76	-0.3988545
13.765	-0.4713735
13.77	-0.4713735
13.775	-0.4713735
13.78	-0.4713735
13.785	-0.4713735
13.79	-0.4713735
13.795	-0.4713735
13.8	-0.4713735
13.805	-0.4713735
13.81	-0.507633
13.815	-0.580152
13.82	-0.6164115
13.825	-0.6164115
13.83	-0.652671
13.835	-0.72519
13.84	-0.72519
13.845	-0.72519
13.85	-0.72519
13.855	-0.652671
13.86	-0.6164115
13.865	-0.6164115
13.87	-0.580152
13.875	-0.507633
13.88	-0.4713735
13.885	-0.4713735
13.89	-0.4713735
13.895	-0.4713735
13.9	-0.507633
13.905	-0.507633
13.91	-0.507633
13.915	-0.507633
13.92	-0.580152
13.925	-0.580152
13.93	-0.6164115
13.935	-0.6164115
13.94	-0.652671
13.945	-0.652671
13.95	-0.652671
13.955	-0.652671
13.96	-0.652671
13.965	-0.652671
13.97	-0.652671
13.975	-0.6164115
13.98	-0.580152
13.985	-0.507633
13.99	-0.507633
13.995	-0.4713735
14	-0.4713735
14.005	-0.507633
14.01	-0.507633
14.015	-0.507633
14.02	-0.580152
14.025	-0.580152
14.03	-0.6164115
14.035	-0.6164115
14.04	-0.652671
14.045	-0.652671
14.05	-0.652671
14.055	-0.652671
14.06	-0.652671
14.065	-0.6164115
14.07	-0.6164115
14.075	-0.580152
14.08	-0.580152
14.085	-0.507633
14.09	-0.507633
14.095	-0.580152
14.1	-0.580152
14.105	-0.6164115
14.11	-0.6164115
14.115	-0.652671
14.12	-0.652671
14.125	-0.652671
14.13	-0.652671
14.135	-0.6164115
14.14	-0.6164115
14.145	-0.580152
14.15	-0.580152
14.155	-0.580152
14.16	-0.580152
14.165	-0.6164115
14.17	-0.652671
14.175	-0.652671
14.18	-0.72519
14.185	-0.72519
14.19	-0.72519
14.195	-0.652671
14.2	-0.580152
14.205	-0.507633
14.21	-0.4713735
14.215	-0.3988545
14.22	-0.362595
14.225	-0.362595
14.23	-0.362595
14.235	-0.362595
14.24	-0.3988545
14.245	-0.4713735
14.25	-0.507633
14.255	-0.507633
14.26	-0.580152
14.265	-0.580152
14.27	-0.507633
14.275	-0.507633
14.28	-0.4713735
14.285	-0.4713735
14.29	-0.4713735
14.295	-0.4713735
14.3	-0.4713735
14.305	-0.4713735
14.31	-0.4713735
14.315	-0.4713735
14.32	-0.4713735
14.325	-0.3988545
14.33	-0.3988545
14.335	-0.3988545
14.34	-0.362595
14.345	-0.362595
14.35	-0.362595
14.355	-0.362595
14.36	-0.362595
14.365	-0.3988545
14.37	-0.3988545
14.375	-0.4713735
14.38	-0.4713735
14.385	-0.507633
14.39	-0.507633
14.395	-0.507633
14.4	-0.507633
14.405	-0.507633
14.41	-0.507633
14.415	-0.580152
14.42	-0.507633
14.425	-0.507633
14.43	-0.507633
14.435	-0.507633
14.44	-0.507633
14.445	-0.507633
14.45	-0.4713735
14.455	-0.4713735
14.46	-0.3988545
14.465	-0.3988545
14.47	-0.362595
14.475	-0.3988545
14.48	-0.3988545
14.485	-0.3988545
14.49	-0.3988545
14.495	-0.3988545
14.5	-0.3988545
14.505	-0.3988545
14.51	-0.362595
14.515	-0.290076
14.52	-0.290076
14.525	-0.2538165
14.53	-0.2538165
14.535	-0.290076
14.54	-0.362595
14.545	-0.362595
14.55	-0.3988545
14.555	-0.4713735
14.56	-0.507633
14.565	-0.507633
14.57	-0.507633
14.575	-0.4713735
14.58	-0.4713735
14.585	-0.3988545
14.59	-0.362595
14.595	-0.290076
14.6	-0.2538165
14.605	-0.2538165
14.61	-0.2538165
14.615	-0.2538165
14.62	-0.290076
14.625	-0.362595
14.63	-0.3988545
14.635	-0.4713735
14.64	-0.580152
14.645	-0.6164115
14.65	-0.6164115
14.655	-0.6164115
14.66	-0.580152
14.665	-0.507633
14.67	-0.4713735
14.675	-0.3988545
14.68	-0.362595
14.685	-0.290076
14.69	-0.2538165
14.695	-0.2538165
14.7	-0.217557
14.705	-0.217557
14.71	-0.2538165
14.715	-0.290076
14.72	-0.362595
14.725	-0.3988545
14.73	-0.4713735
14.735	-0.4713735
14.74	-0.4713735
14.745	-0.4713735
14.75	-0.3988545
14.755	-0.3988545
14.76	-0.362595
14.765	-0.362595
14.77	-0.362595
14.775	-0.362595
14.78	-0.3988545
14.785	-0.4713735
14.79	-0.507633
14.795	-0.580152
14.8	-0.6164115
14.805	-0.6164115
14.81	-0.6164115
14.815	-0.580152
14.82	-0.507633
14.825	-0.4713735
14.83	-0.3988545
14.835	-0.362595
14.84	-0.290076
14.845	-0.290076
14.85	-0.290076
14.855	-0.362595
14.86	-0.362595
14.865	-0.3988545
14.87	-0.3988545
14.875	-0.3988545
14.88	-0.3988545
14.885	-0.3988545
14.89	-0.3988545
14.895	-0.362595
14.9	-0.362595
14.905	-0.362595
14.91	-0.3988545
14.915	-0.3988545
14.92	-0.4713735
14.925	-0.4713735
14.93	-0.507633
14.935	-0.507633
14.94	-0.4713735
14.945	-0.3988545
14.95	-0.362595
14.955	-0.2538165
14.96	-0.145038
14.965	-0.1087785
14.97	0
14.975	0
14.98	0.072519
14.985	0
14.99	0
14.995	-0.1087785
15	-0.145038
15.005	-0.2538165
15.01	-0.290076
15.015	-0.362595
15.02	-0.362595
15.025	-0.362595
15.03	-0.290076
15.035	-0.290076
15.04	-0.2538165
15.045	-0.145038
15.05	-0.1087785
15.055	-0.1087785
15.06	-0.0362595
15.065	-0.0362595
15.07	-0.1087785
15.075	-0.145038
15.08	-0.145038
15.085	-0.217557
15.09	-0.2538165
15.095	-0.290076
15.1	-0.290076
15.105	-0.290076
15.11	-0.290076
15.115	-0.2538165
15.12	-0.217557
15.125	-0.1087785
15.13	-0.0362595
15.135	0
15.14	0
15.145	0
15.15	0
15.155	0
15.16	-0.0362595
15.165	-0.1087785
15.17	-0.145038
15.175	-0.145038
15.18	-0.145038
15.185	-0.145038
15.19	-0.145038
15.195	-0.145038
15.2	-0.145038
15.205	-0.145038
15.21	-0.145038
15.215	-0.145038
15.22	-0.1087785
15.225	-0.1087785
15.23	-0.0362595
15.235	0
15.24	0
15.245	0.072519
15.25	0.1087785
15.255	0.1087785
15.26	0.1087785
15.265	0.1087785
15.27	0.1087785
15.275	0.072519
15.28	0
15.285	0
15.29	0
15.295	-0.0362595
15.3	-0.0362595
15.305	0
15.31	0
15.315	0.072519
15.32	0.072519
15.325	0.072519
15.33	0.1087785
15.335	0.1087785
15.34	0.1087785
15.345	0.1087785
15.35	0.1087785
15.355	0.072519
15.36	0.072519
15.365	0.072519
15.37	0
15.375	0
15.38	-0.0362595
15.385	-0.0362595
15.39	-0.0362595
15.395	-0.0362595
15.4	-0.0362595
15.405	-0.0362595
15.41	-0.0362595
15.415	-0.0362595
15.42	-0.0362595
15.425	-0.0362595
15.43	-0.0362595
15.435	-0.0362595
15.44	-0.0362595
15.445	-0.0362595
15.45	-0.1087785
15.455	-0.1087785
15.46	-0.1087785
15.465	-0.1087785
15.47	-0.1087785
15.475	-0.1087785
15.48	-0.0362595
15.485	0
15.49	0
15.495	0.072519
15.5	0.072519
15.505	0
15.51	0
15.515	-0.0362595
15.52	-0.1087785
15.525	-0.217557
15.53	-0.2538165
15.535	-0.2538165
15.54	-0.2538165
15.545	-0.2538165
15.55	-0.217557
15.555	-0.145038
15.56	-0.1087785
15.565	-0.0362595
15.57	0
15.575	0.072519
15.58	0.072519
15.585	0.072519
15.59	0.072519
15.595	0
15.6	-0.0362595
15.605	-0.0362595
15.61	-0.1087785
15.615	-0.145038
15.62	-0.145038
15.625	-0.145038
15.63	-0.145038
15.635	-0.145038
15.64	-0.1087785
15.645	-0.145038
15.65	-0.145038
15.655	-0.145038
15.66	-0.217557
15.665	-0.217557
15.67	-0.217557
15.675	-0.2538165
15.68	-0.2538165
15.685	-0.2538165
15.69	-0.217557
15.695	-0.217557
15.7	-0.145038
15.705	-0.1087785
15.71	-0.0362595
15.715	-0.0362595
15.72	0
15.725	0.072519
15.73	0.072519
15.735	0
15.74	0
15.745	-0.0362595
15.75	-0.1087785
15.755	-0.145038
15.76	-0.145038
15.765	-0.145038
15.77	-0.145038
15.775	-0.1087785
15.78	-0.1087785
15.785	0
15.79	0.072519
15.795	0.072519
15.8	0.1087785
15.805	0.1087785
15.81	0.1087785
15.815	0.072519
15.82	0.072519
15.825	0
15.83	-0.0362595
15.835	-0.1087785
15.84	-0.1087785
15.845	-0.1087785
15.85	-0.1087785
15.855	-0.1087785
15.86	-0.1087785
15.865	-0.1087785
15.87	-0.0362595
15.875	-0.0362595
15.88	0
15.885	0
15.89	0.072519
15.895	0.072519
15.9	0.072519
15.905	0.1087785
15.91	0.072519
15.915	0.072519
15.92	0.072519
15.925	0.072519
15.93	0
15.935	0
15.94	-0.0362595
15.945	-0.0362595
15.95	-0.0362595
15.955	-0.0362595
15.96	-0.1087785
15.965	-0.1087785
15.97	-0.1087785
15.975	-0.0362595
15.98	-0.0362595
15.985	0
15.99	0.072519
15.995	0.072519
16	0.072519
16.005	0.072519
16.01	0
16.015	0
16.02	-0.0362595
16.025	-0.145038
16.03	-0.217557
16.035	-0.2538165
16.04	-0.2538165
16.045	-0.2538165
16.05	-0.2538165
16.055	-0.217557
16.06	-0.145038
16.065	-0.1087785
16.07	-0.0362595
16.075	0
16.08	0
16.085	0
16.09	0
16.095	-0.0362595
16.1	-0.0362595
16.105	-0.1087785
16.11	-0.1087785
16.115	-0.145038
16.12	-0.217557
16.125	-0.2538165
16.13	-0.2538165
16.135	-0.2538165
16.14	-0.217557
16.145	-0.217557
16.15	-0.145038
16.155	-0.1087785
16.16	-0.0362595
16.165	-0.0362595
16.17	-0.0362595
16.175	-0.0362595
16.18	-0.1087785
16.185	-0.1087785
16.19	-0.145038
16.195	-0.145038
16.2	-0.145038
16.205	-0.145038
16.21	-0.145038
16.215	-0.1087785
16.22	-0.1087785
16.225	-0.1087785
16.23	-0.0362595
16.235	-0.0362595
16.24	0
16.245	0
16.25	0
16.255	0
16.26	0
16.265	0
16.27	0
16.275	-0.0362595
16.28	-0.0362595
16.285	-0.0362595
16.29	-0.1087785
16.295	-0.1087785
16.3	-0.145038
16.305	-0.145038
16.31	-0.145038
16.315	-0.145038
16.32	-0.145038
16.325	-0.145038
16.33	-0.1087785
16.335	-0.1087785
16.34	-0.0362595
16.345	-0.0362595
16.35	-0.0362595
16.355	-0.0362595
16.36	-0.0362595
16.365	-0.1087785
16.37	-0.145038
16.375	-0.2538165
16.38	-0.290076
16.385	-0.290076
16.39	-0.362595
16.395	-0.290076
16.4	-0.290076
16.405	-0.217557
16.41	-0.145038
16.415	-0.0362595
16.42	0
16.425	0
16.43	0
16.435	0
16.44	-0.0362595
16.445	-0.1087785
16.45	-0.1087785
16.455	-0.145038
16.46	-0.145038
16.465	-0.145038
16.47	-0.1087785
16.475	-0.1087785
16.48	-0.1087785
16.485	-0.1087785
16.49	-0.1087785
16.495	-0.1087785
16.5	-0.1087785
16.505	-0.1087785
16.51	-0.1087785
16.515	-0.1087785
16.52	-0.1087785
16.525	-0.1087785
16.53	-0.1087785
16.535	-0.0362595
16.54	-0.0362595
16.545	0
16.55	0
16.555	0
16.56	0
16.565	-0.0362595
16.57	-0.0362595
16.575	-0.1087785
16.58	-0.145038
16.585	-0.145038
16.59	-0.145038
16.595	-0.217557
16.6	-0.217557
16.605	-0.145038
16.61	-0.145038
16.615	-0.145038
16.62	-0.145038
16.625	-0.145038
16.63	-0.145038
16.635	-0.145038
16.64	-0.145038
16.645	-0.145038
16.65	-0.145038
16.655	-0.145038
16.66	-0.145038
16.665	-0.145038
16.67	-0.1087785
16.675	-0.1087785
16.68	-0.1087785
16.685	-0.0362595
16.69	-0.0362595
16.695	-0.0362595
16.7	-0.0362595
16.705	-0.0362595
16.71	-0.0362595
16.715	-0.1087785
16.72	-0.1087785
16.725	-0.145038
16.73	-0.217557
16.735	-0.217557
16.74	-0.217557
16.745	-0.217557
16.75	-0.145038
16.755	-0.145038
16.76	-0.145038
16.765	-0.1087785
16.77	-0.1087785
16.775	-0.1087785
16.78	-0.1087785
16.785	-0.1087785
16.79	-0.1087785
16.795	-0.0362595
16.8	-0.0362595
16.805	0
16.81	0
16.815	0
16.82	0
16.825	-0.0362595
16.83	-0.0362595
16.835	-0.1087785
16.84	-0.1087785
16.845	-0.1087785
16.85	-0.145038
16.855	-0.145038
16.86	-0.145038
16.865	-0.145038
16.87	-0.145038
16.875	-0.1087785
16.88	-0.0362595
16.885	0
16.89	0
16.895	0.072519
16.9	0.072519
16.905	0.072519
16.91	0.072519
16.915	0.072519
16.92	0.072519
16.925	0
16.93	0
16.935	0
16.94	0
16.945	-0.0362595
16.95	-0.0362595
16.955	-0.0362595
16.96	-0.0362595
16.965	-0.0362595
16.97	-0.1087785
16.975	-0.1087785
16.98	-0.0362595
16.985	-0.1087785
16.99	-0.1087785
16.995	-0.0362595
17	-0.0362595
17.005	-0.0362595
17.01	0
17.015	0
17.02	0
17.025	-0.0362595
17.03	-0.0362595
17.035	-0.0362595
