Label: 
0
Label: Event: FAR-PROBE_SS_16_2014-07-02_A1
-2.96	0
-2.955	0
-2.95	0
-2.945	0
-2.94	0
-2.935	0
-2.93	0
-2.925	0
-2.92	0
-2.915	0
-2.91	0
-2.905	0
-2.9	0
-2.895	0
-2.89	0
-2.885	0
-2.88	0
-2.875	0
-2.87	0
-2.865	0
-2.86	0
-2.855	0
-2.85	0
-2.845	0
-2.84	0
-2.835	0
-2.83	0
-2.825	0
-2.82	0
-2.815	0
-2.81	0.0362595
-2.805	0.0362595
-2.8	0.0362595
-2.795	0.0362595
-2.79	0.0362595
-2.785	0
-2.78	0
-2.775	0
-2.77	0
-2.765	0
-2.76	0
-2.755	0
-2.75	0
-2.745	0
-2.74	0
-2.735	0
-2.73	0
-2.725	0
-2.72	0
-2.715	0
-2.71	0
-2.705	0
-2.7	0
-2.695	0
-2.69	0.0362595
-2.685	0.0362595
-2.68	0.0362595
-2.675	0.0362595
-2.67	0.0362595
-2.665	0
-2.66	0
-2.655	0
-2.65	0
-2.645	0
-2.64	0
-2.635	0
-2.63	0
-2.625	0
-2.62	0
-2.615	0
-2.61	0
-2.605	0
-2.6	0.0362595
-2.595	0.0362595
-2.59	0
-2.585	0
-2.58	0.0362595
-2.575	0
-2.57	0
-2.565	0
-2.56	0
-2.555	0
-2.55	0
-2.545	0
-2.54	0
-2.535	0
-2.53	0.0362595
-2.525	0
-2.52	0
-2.515	0
-2.51	0
-2.505	0
-2.5	0
-2.495	0
-2.49	0
-2.485	0
-2.48	0
-2.475	0
-2.47	0
-2.465	0
-2.46	0
-2.455	0
-2.45	0
-2.445	0
-2.44	0
-2.435	0
-2.43	0
-2.425	0
-2.42	0
-2.415	0
-2.41	0
-2.405	0
-2.4	0
-2.395	0
-2.39	0
-2.385	0
-2.38	0.0362595
-2.375	0.0362595
-2.37	0.0362595
-2.365	0
-2.36	0
-2.355	0
-2.35	0
-2.345	0
-2.34	0
-2.335	0
-2.33	0
-2.325	0
-2.32	0
-2.315	0
-2.31	0
-2.305	0
-2.3	0
-2.295	0
-2.29	0.0362595
-2.285	0.0362595
-2.28	0.0362595
-2.275	0.0362595
-2.27	0
-2.265	0
-2.26	0
-2.255	0
-2.25	0
-2.245	0
-2.24	0
-2.235	0
-2.23	0
-2.225	0
-2.22	0.0362595
-2.215	0.0362595
-2.21	0.0362595
-2.205	0
-2.2	0
-2.195	0.0362595
-2.19	0.0362595
-2.185	0.0362595
-2.18	0.0362595
-2.175	0.0362595
-2.17	0
-2.165	0
-2.16	0
-2.155	0
-2.15	0.0362595
-2.145	0.0362595
-2.14	0
-2.135	0.0362595
-2.13	0.0362595
-2.125	0.0362595
-2.12	0.0362595
-2.115	0.0362595
-2.11	0.0362595
-2.105	0
-2.1	0
-2.095	0
-2.09	0
-2.085	0
-2.08	0
-2.075	0
-2.07	0
-2.065	0
-2.06	0
-2.055	0
-2.05	0.0362595
-2.045	0.0362595
-2.04	0.0362595
-2.035	0
-2.03	0.0362595
-2.025	0
-2.02	0.0362595
-2.015	0
-2.01	0
-2.005	0
-2	0.0362595
-1.995	0
-1.99	0.0362595
-1.985	0.0362595
-1.98	0.0362595
-1.975	0
-1.97	0.0362595
-1.965	0
-1.96	0.0362595
-1.955	0
-1.95	0
-1.945	0
-1.94	0
-1.935	0
-1.93	0
-1.925	0.0362595
-1.92	0.0362595
-1.915	0.0362595
-1.91	0
-1.905	0
-1.9	0
-1.895	0
-1.89	0
-1.885	0
-1.88	0.0362595
-1.875	0.0362595
-1.87	0.0362595
-1.865	0.0362595
-1.86	0.0362595
-1.855	0
-1.85	0
-1.845	0
-1.84	0
-1.835	0
-1.83	0
-1.825	0
-1.82	0.0362595
-1.815	0.0362595
-1.81	0
-1.805	0.0362595
-1.8	0.0362595
-1.795	0.0362595
-1.79	0
-1.785	0
-1.78	0
-1.775	0
-1.77	0
-1.765	0
-1.76	0
-1.755	0
-1.75	0
-1.745	0
-1.74	0
-1.735	0.0362595
-1.73	0.0362595
-1.725	0.0362595
-1.72	0.0362595
-1.715	0.0362595
-1.71	0.0362595
-1.705	0
-1.7	0
-1.695	0
-1.69	0
-1.685	0
-1.68	0
-1.675	0
-1.67	0.0362595
-1.665	0.0362595
-1.66	0.0362595
-1.655	0.0362595
-1.65	0.0362595
-1.645	0.0362595
-1.64	0.0362595
-1.635	0.0362595
-1.63	0.0362595
-1.625	0.0362595
-1.62	0
-1.615	0
-1.61	0
-1.605	0
-1.6	0
-1.595	0
-1.59	0
-1.585	0
-1.58	0
-1.575	0.0362595
-1.57	0.0362595
-1.565	0.0362595
-1.56	0.0362595
-1.555	0.0362595
-1.55	0
-1.545	0
-1.54	0.0362595
-1.535	0.0362595
-1.53	0
-1.525	0
-1.52	0.0362595
-1.515	0.0362595
-1.51	0
-1.505	0.0362595
-1.5	0.0362595
-1.495	0.0362595
-1.49	0.0362595
-1.485	0.0362595
-1.48	0.0362595
-1.475	0.0362595
-1.47	0.0362595
-1.465	0.0362595
-1.46	0.0362595
-1.455	0
-1.45	0
-1.445	0
-1.44	0
-1.435	0
-1.43	0.0362595
-1.425	0.0362595
-1.42	0.0362595
-1.415	0.0362595
-1.41	0.0362595
-1.405	0.0362595
-1.4	0.0362595
-1.395	0.0362595
-1.39	0.0362595
-1.385	0
-1.38	0
-1.375	0
-1.37	0
-1.365	0
-1.36	0
-1.355	0
-1.35	0
-1.345	0
-1.34	0
-1.335	0
-1.33	0
-1.325	0
-1.32	0.0362595
-1.315	0.0362595
-1.31	0.0362595
-1.305	0
-1.3	0
-1.295	0
-1.29	0.0362595
-1.285	0.0362595
-1.28	0.0362595
-1.275	0.0362595
-1.27	0.0362595
-1.265	0
-1.26	0
-1.255	0
-1.25	0
-1.245	0
-1.24	0
-1.235	0
-1.23	0
-1.225	0
-1.22	0
-1.215	0
-1.21	0
-1.205	0
-1.2	0
-1.195	0
-1.19	0
-1.185	0
-1.18	0
-1.175	0
-1.17	0
-1.165	0
-1.16	0
-1.155	0
-1.15	0.0362595
-1.145	0
-1.14	0
-1.135	0
-1.13	0
-1.125	0
-1.12	0
-1.115	0
-1.11	0
-1.105	0
-1.1	0
-1.095	0
-1.09	0.0362595
-1.085	0.0362595
-1.08	0.0362595
-1.075	0.0362595
-1.07	0.0362595
-1.065	0.0362595
-1.06	0.0362595
-1.055	0
-1.05	0
-1.045	0
-1.04	0
-1.035	0
-1.03	0
-1.025	0
-1.02	0
-1.015	0
-1.01	0
-1.005	0
-1	0
-0.995	0
-0.99	0
-0.985	0
-0.98	0
-0.975	0
-0.97	0
-0.965	0
-0.96	0
-0.955	0.0362595
-0.95	0
-0.945	0.0362595
-0.94	0
-0.935	0
-0.93	0
-0.925	0
-0.92	0
-0.915	0
-0.91	0
-0.905	0
-0.9	0
-0.895	0
-0.89	0
-0.885	0
-0.88	0
-0.875	0
-0.87	0
-0.865	0
-0.86	0
-0.855	0
-0.85	0
-0.845	0
-0.84	0
-0.835	0
-0.83	0
-0.825	0
-0.82	0
-0.815	0
-0.81	0
-0.805	0
-0.8	0
-0.795	0.0362595
-0.79	0.0362595
-0.785	0.0362595
-0.78	0.0362595
-0.775	0.0362595
-0.77	0.0362595
-0.765	0.0362595
-0.76	0.0362595
-0.755	0.0362595
-0.75	0.0362595
-0.745	0.0362595
-0.74	0.0362595
-0.735	0.0362595
-0.73	0.0362595
-0.725	0.0362595
-0.72	0.0362595
-0.715	0.0362595
-0.71	0.0362595
-0.705	0.0362595
-0.7	0.0362595
-0.695	0.0362595
-0.69	0.0362595
-0.685	0
-0.68	0
-0.675	0
-0.67	0
-0.665	0
-0.66	0.0362595
-0.655	0.0362595
-0.65	0.0362595
-0.645	0.0362595
-0.64	0
-0.635	0
-0.63	0
-0.625	0
-0.62	0
-0.615	0
-0.61	0.0362595
-0.605	0.0362595
-0.6	0.0362595
-0.595	0.0362595
-0.59	0
-0.585	0.0362595
-0.58	0.0362595
-0.575	0
-0.57	0
-0.565	0
-0.56	0
-0.555	0
-0.55	0
-0.545	0
-0.54	0.0362595
-0.535	0.0362595
-0.53	0.0362595
-0.525	0.0362595
-0.52	0.0362595
-0.515	0.0362595
-0.51	0.0362595
-0.505	0.0362595
-0.5	0
-0.495	0
-0.49	0
-0.485	0
-0.48	0
-0.475	0
-0.47	0
-0.465	0
-0.46	0
-0.455	0
-0.45	0.0362595
-0.445	0
-0.44	0.0362595
-0.435	0.0362595
-0.43	0.0362595
-0.425	0.0362595
-0.42	0.0362595
-0.415	0.0362595
-0.41	0.0362595
-0.405	0
-0.4	0
-0.395	0
-0.39	0
-0.385	0.0362595
-0.38	0.0362595
-0.375	0.0362595
-0.37	0.0362595
-0.365	0.0362595
-0.36	0.0362595
-0.355	0
-0.35	0
-0.345	0
-0.34	0
-0.335	0
-0.33	0
-0.325	0
-0.32	0
-0.315	0
-0.31	0
-0.305	0
-0.3	0
-0.295	0.0362595
-0.29	0
-0.285	0.0362595
-0.28	0.0362595
-0.275	0.0362595
-0.27	0.0362595
-0.265	0.0362595
-0.26	0.0362595
-0.255	0.0362595
-0.25	0
-0.245	0
-0.24	0
-0.235	0
-0.23	0
-0.225	0.0362595
-0.22	0.0362595
-0.215	0.0362595
-0.21	0.0362595
-0.205	0
-0.2	0
-0.195	0
-0.19	0
-0.185	0
-0.18	0
-0.175	0
-0.17	0
-0.165	0
-0.16	0
-0.155	0
-0.15	0
-0.145	0
-0.14	0
-0.135	0
-0.13	0
-0.125	0
-0.12	0
-0.115	0.1087785
-0.11	0.290076
-0.105	0.72519
-0.1	1.3416015
-0.095	2.0667915
-0.09	2.90076
-0.085	3.843507
-0.08	4.6774755
-0.075	5.511444
-0.07	6.236634
-0.065	6.816786
-0.06	7.0706025
-0.055	7.179381
-0.05	7.1431215
-0.045	6.9255645
-0.04	6.7080075
-0.035	6.4179315
-0.03	6.091596
-0.025	5.656482
-0.02	5.366406
-0.015	5.0400705
-0.01	4.8225135
-0.005	4.6774755
0	4.568697
0.005	4.641216
0.01	4.568697
0.015	4.568697
0.02	4.641216
0.025	4.641216
0.03	4.568697
0.035	4.4599185
0.04	4.3148805
0.045	4.0973235
0.05	3.916026
0.055	3.62595
0.06	3.3721335
0.065	3.1545765
0.07	3.0095385
0.075	2.8645005
0.08	2.755722
0.085	2.7194625
0.09	2.7194625
0.095	2.755722
0.1	2.755722
0.105	2.7919815
0.11	2.7919815
0.115	2.755722
0.12	2.7194625
0.125	2.610684
0.13	2.4293865
0.135	2.2843485
0.14	2.1393105
0.145	2.030532
0.15	1.958013
0.155	1.958013
0.16	2.0667915
0.165	2.17557
0.17	2.320608
0.175	2.538165
0.18	2.7194625
0.185	2.8645005
0.19	2.90076
0.195	2.90076
0.2	2.7919815
0.205	2.7194625
0.21	2.5019055
0.215	2.248089
0.22	2.030532
0.225	1.812975
0.23	1.667937
0.235	1.5591585
0.24	1.5591585
0.245	1.5591585
0.25	1.595418
0.255	1.7041965
0.26	1.885494
0.265	1.958013
0.27	2.0667915
0.275	2.17557
0.28	2.248089
0.285	2.248089
0.29	2.248089
0.295	2.17557
0.3	2.17557
0.305	2.17557
0.31	2.17557
0.315	2.17557
0.32	2.248089
0.325	2.2843485
0.33	2.393127
0.335	2.5019055
0.34	2.610684
0.345	2.7194625
0.35	2.7919815
0.355	2.8645005
0.36	2.8645005
0.365	2.8645005
0.37	2.7919815
0.375	2.7194625
0.38	2.538165
0.385	2.320608
0.39	2.1393105
0.395	1.958013
0.4	1.885494
0.405	1.812975
0.41	1.885494
0.415	1.958013
0.42	2.1393105
0.425	2.2843485
0.43	2.5019055
0.435	2.6469435
0.44	2.7919815
0.445	2.8645005
0.45	2.7919815
0.455	2.7194625
0.46	2.610684
0.465	2.4293865
0.47	2.320608
0.475	2.248089
0.48	2.17557
0.485	2.248089
0.49	2.2843485
0.495	2.393127
0.5	2.5019055
0.505	2.538165
0.51	2.538165
0.515	2.538165
0.52	2.393127
0.525	2.2843485
0.53	2.1393105
0.535	1.958013
0.54	1.885494
0.545	1.885494
0.55	1.885494
0.555	1.9217535
0.56	2.030532
0.565	2.1393105
0.57	2.2843485
0.575	2.320608
0.58	2.393127
0.585	2.393127
0.59	2.320608
0.595	2.248089
0.6	2.1393105
0.605	2.030532
0.61	1.9217535
0.615	1.812975
0.62	1.7767155
0.625	1.7767155
0.63	1.812975
0.635	1.9217535
0.64	2.030532
0.645	2.0667915
0.65	2.17557
0.655	2.248089
0.66	2.248089
0.665	2.248089
0.67	2.1393105
0.675	2.0667915
0.68	1.958013
0.685	1.885494
0.69	1.812975
0.695	1.7767155
0.7	1.7041965
0.705	1.7767155
0.71	1.7767155
0.715	1.885494
0.72	1.9217535
0.725	1.958013
0.73	2.030532
0.735	2.030532
0.74	1.958013
0.745	1.9217535
0.75	1.885494
0.755	1.812975
0.76	1.7767155
0.765	1.7041965
0.77	1.7041965
0.775	1.667937
0.78	1.7041965
0.785	1.7767155
0.79	1.7767155
0.795	1.812975
0.8	1.885494
0.805	1.885494
0.81	1.885494
0.815	1.885494
0.82	1.885494
0.825	1.812975
0.83	1.7767155
0.835	1.667937
0.84	1.595418
0.845	1.5591585
0.85	1.5591585
0.855	1.4866395
0.86	1.4866395
0.865	1.4866395
0.87	1.5591585
0.875	1.595418
0.88	1.595418
0.885	1.667937
0.89	1.667937
0.895	1.7041965
0.9	1.7041965
0.905	1.7041965
0.91	1.667937
0.915	1.667937
0.92	1.595418
0.925	1.5591585
0.93	1.4866395
0.935	1.45038
0.94	1.4141205
0.945	1.3416015
0.95	1.305342
0.955	1.305342
0.96	1.305342
0.965	1.305342
0.97	1.3416015
0.975	1.3416015
0.98	1.3416015
0.985	1.4141205
0.99	1.4141205
0.995	1.4141205
1	1.3416015
1.005	1.3416015
1.01	1.305342
1.015	1.305342
1.02	1.232823
1.025	1.1965635
1.03	1.1965635
1.035	1.1240445
1.04	1.1240445
1.045	1.1240445
1.05	1.1240445
1.055	1.1240445
1.06	1.1240445
1.065	1.1965635
1.07	1.232823
1.075	1.232823
1.08	1.305342
1.085	1.305342
1.09	1.232823
1.095	1.232823
1.1	1.1965635
1.105	1.1240445
1.11	1.1240445
1.115	1.087785
1.12	1.0515255
1.125	0.9790065
1.13	0.942747
1.135	0.942747
1.14	0.942747
1.145	0.942747
1.15	0.9790065
1.155	1.0515255
1.16	1.087785
1.165	1.087785
1.17	1.087785
1.175	1.0515255
1.18	1.0515255
1.185	0.9790065
1.19	0.942747
1.195	0.870228
1.2	0.870228
1.205	0.8339685
1.21	0.8339685
1.215	0.8339685
1.22	0.8339685
1.225	0.8339685
1.23	0.8339685
1.235	0.8339685
1.24	0.8339685
1.245	0.8339685
1.25	0.8339685
1.255	0.8339685
1.26	0.7614495
1.265	0.7614495
1.27	0.72519
1.275	0.652671
1.28	0.6164115
1.285	0.580152
1.29	0.580152
1.295	0.507633
1.3	0.507633
1.305	0.507633
1.31	0.507633
1.315	0.507633
1.32	0.507633
1.325	0.507633
1.33	0.507633
1.335	0.507633
1.34	0.507633
1.345	0.507633
1.35	0.4713735
1.355	0.4713735
1.36	0.4713735
1.365	0.4713735
1.37	0.4713735
1.375	0.4713735
1.38	0.4713735
1.385	0.507633
1.39	0.507633
1.395	0.507633
1.4	0.507633
1.405	0.580152
1.41	0.580152
1.415	0.580152
1.42	0.507633
1.425	0.507633
1.43	0.507633
1.435	0.4713735
1.44	0.4713735
1.445	0.3988545
1.45	0.3988545
1.455	0.362595
1.46	0.290076
1.465	0.290076
1.47	0.2538165
1.475	0.2538165
1.48	0.2538165
1.485	0.290076
1.49	0.290076
1.495	0.290076
1.5	0.362595
1.505	0.362595
1.51	0.362595
1.515	0.362595
1.52	0.290076
1.525	0.2538165
1.53	0.217557
1.535	0.217557
1.54	0.145038
1.545	0.1087785
1.55	0.0362595
1.555	0.0362595
1.56	0.0362595
1.565	0.0362595
1.57	0.0362595
1.575	0.0362595
1.58	0.0362595
1.585	0.1087785
1.59	0.1087785
1.595	0.1087785
1.6	0.0362595
1.605	0.0362595
1.61	0
1.615	0
1.62	-0.072519
1.625	-0.072519
1.63	-0.072519
1.635	-0.072519
1.64	-0.072519
1.645	-0.072519
1.65	0
1.655	0.0362595
1.66	0.0362595
1.665	0.1087785
1.67	0.1087785
1.675	0.0362595
1.68	0.0362595
1.685	0
1.69	-0.072519
1.695	-0.072519
1.7	-0.1087785
1.705	-0.1087785
1.71	-0.1087785
1.715	-0.1812975
1.72	-0.1812975
1.725	-0.1812975
1.73	-0.1087785
1.735	-0.1087785
1.74	-0.1087785
1.745	-0.072519
1.75	-0.072519
1.755	-0.072519
1.76	0
1.765	0
1.77	0
1.775	0
1.78	-0.072519
1.785	-0.072519
1.79	-0.072519
1.795	-0.1087785
1.8	-0.1812975
1.805	-0.1812975
1.81	-0.217557
1.815	-0.217557
1.82	-0.2538165
1.825	-0.2538165
1.83	-0.2538165
1.835	-0.2538165
1.84	-0.2538165
1.845	-0.2538165
1.85	-0.2538165
1.855	-0.217557
1.86	-0.217557
1.865	-0.217557
1.87	-0.217557
1.875	-0.217557
1.88	-0.2538165
1.885	-0.2538165
1.89	-0.3263355
1.895	-0.362595
1.9	-0.435114
1.905	-0.435114
1.91	-0.4713735
1.915	-0.4713735
1.92	-0.4713735
1.925	-0.4713735
1.93	-0.5438925
1.935	-0.435114
1.94	-0.1087785
1.945	0.362595
1.95	0.942747
1.955	1.45038
1.96	2.17557
1.965	2.7919815
1.97	3.3721335
1.975	3.916026
1.98	4.4599185
1.985	4.641216
1.99	4.568697
1.995	4.423659
2	4.061064
2.005	3.698469
2.01	3.4446525
2.015	3.335874
2.02	3.263355
2.025	3.335874
2.03	3.553431
2.035	3.7347285
2.04	3.916026
2.045	3.988545
2.05	3.988545
2.055	3.916026
2.06	3.698469
2.065	3.4446525
2.07	3.0820575
2.075	2.755722
2.08	2.5019055
2.085	2.2843485
2.09	2.17557
2.095	2.1393105
2.1	2.248089
2.105	2.393127
2.11	2.6469435
2.115	2.90076
2.12	3.118317
2.125	3.263355
2.13	3.3721335
2.135	3.335874
2.14	3.263355
2.145	3.118317
2.15	2.973279
2.155	2.755722
2.16	2.610684
2.165	2.4293865
2.17	2.393127
2.175	2.320608
2.18	2.320608
2.185	2.393127
2.19	2.5019055
2.195	2.538165
2.2	2.6469435
2.205	2.7194625
2.21	2.7194625
2.215	2.7194625
2.22	2.6469435
2.225	2.538165
2.23	2.4293865
2.235	2.2843485
2.24	2.17557
2.245	2.030532
2.25	1.958013
2.255	1.9217535
2.26	1.9217535
2.265	1.9217535
2.27	1.958013
2.275	2.0667915
2.28	2.17557
2.285	2.320608
2.29	2.4293865
2.295	2.5019055
2.3	2.538165
2.305	2.5019055
2.31	2.393127
2.315	2.248089
2.32	2.0667915
2.325	1.958013
2.33	1.9217535
2.335	1.958013
2.34	2.0667915
2.345	2.2843485
2.35	2.538165
2.355	2.7919815
2.36	3.0820575
2.365	3.2270955
2.37	3.263355
2.375	3.2270955
2.38	3.0820575
2.385	2.8645005
2.39	2.610684
2.395	2.393127
2.4	2.17557
2.405	2.030532
2.41	2.030532
2.415	2.0667915
2.42	2.17557
2.425	2.2843485
2.43	2.4293865
2.435	2.5019055
2.44	2.5019055
2.445	2.4293865
2.45	2.320608
2.455	2.17557
2.46	1.958013
2.465	1.812975
2.47	1.7767155
2.475	1.7041965
2.48	1.7041965
2.485	1.812975
2.49	1.9217535
2.495	2.030532
2.5	2.1393105
2.505	2.17557
2.51	2.17557
2.515	2.17557
2.52	2.0667915
2.525	1.958013
2.53	1.885494
2.535	1.7041965
2.54	1.595418
2.545	1.5591585
2.55	1.4866395
2.555	1.4866395
2.56	1.5591585
2.565	1.595418
2.57	1.7041965
2.575	1.812975
2.58	1.885494
2.585	1.9217535
2.59	1.9217535
2.595	1.885494
2.6	1.812975
2.605	1.7041965
2.61	1.5591585
2.615	1.45038
2.62	1.4141205
2.625	1.4141205
2.63	1.45038
2.635	1.4866395
2.64	1.595418
2.645	1.7767155
2.65	1.885494
2.655	1.958013
2.66	2.0667915
2.665	2.0667915
2.67	2.0667915
2.675	2.030532
2.68	1.885494
2.685	1.7767155
2.69	1.595418
2.695	1.45038
2.7	1.4141205
2.705	1.305342
2.71	1.232823
2.715	1.232823
2.72	1.305342
2.725	1.3416015
2.73	1.3416015
2.735	1.4141205
2.74	1.45038
2.745	1.45038
2.75	1.45038
2.755	1.45038
2.76	1.45038
2.765	1.45038
2.77	1.4141205
2.775	1.3416015
2.78	1.3416015
2.785	1.305342
2.79	1.232823
2.795	1.1965635
2.8	1.1240445
2.805	1.087785
2.81	1.0515255
2.815	0.9790065
2.82	0.942747
2.825	0.942747
2.83	0.942747
2.835	0.942747
2.84	0.9790065
2.845	1.0515255
2.85	1.087785
2.855	1.1965635
2.86	1.232823
2.865	1.232823
2.87	1.305342
2.875	1.232823
2.88	1.1965635
2.885	1.1240445
2.89	1.087785
2.895	1.0515255
2.9	0.9790065
2.905	0.9790065
2.91	0.942747
2.915	0.942747
2.92	0.942747
2.925	0.942747
2.93	0.9790065
2.935	1.0515255
2.94	1.0515255
2.945	1.087785
2.95	1.087785
2.955	1.1240445
2.96	1.087785
2.965	1.087785
2.97	1.0515255
2.975	0.9790065
2.98	0.870228
2.985	0.8339685
2.99	0.7614495
2.995	0.72519
3	0.72519
3.005	0.72519
3.01	0.72519
3.015	0.7614495
3.02	0.8339685
3.025	0.870228
3.03	0.942747
3.035	0.9790065
3.04	1.0515255
3.045	1.087785
3.05	1.087785
3.055	1.087785
3.06	1.0515255
3.065	0.9790065
3.07	0.870228
3.075	0.8339685
3.08	0.72519
3.085	0.6164115
3.09	0.580152
3.095	0.580152
3.1	0.507633
3.105	0.507633
3.11	0.507633
3.115	0.507633
3.12	0.580152
3.125	0.6164115
3.13	0.652671
3.135	0.72519
3.14	0.7614495
3.145	0.8339685
3.15	0.8339685
3.155	0.7614495
3.16	0.72519
3.165	0.652671
3.17	0.580152
3.175	0.4713735
3.18	0.3988545
3.185	0.362595
3.19	0.362595
3.195	0.362595
3.2	0.362595
3.205	0.3988545
3.21	0.3988545
3.215	0.3988545
3.22	0.3988545
3.225	0.362595
3.23	0.290076
3.235	0.290076
3.24	0.2538165
3.245	0.217557
3.25	0.145038
3.255	0.145038
3.26	0.145038
3.265	0.145038
3.27	0.217557
3.275	0.217557
3.28	0.217557
3.285	0.217557
3.29	0.217557
3.295	0.145038
3.3	0.1087785
3.305	0.0362595
3.31	0.0362595
3.315	0
3.32	0
3.325	0
3.33	0.0362595
3.335	0.1087785
3.34	0.145038
3.345	0.2538165
3.35	0.290076
3.355	0.362595
3.36	0.4713735
3.365	0.507633
3.37	0.6164115
3.375	0.652671
3.38	0.7614495
3.385	0.7614495
3.39	0.7614495
3.395	0.7614495
3.4	0.652671
3.405	0.580152
3.41	0.4713735
3.415	0.290076
3.42	0.217557
3.425	0.1087785
3.43	0.0362595
3.435	0.1087785
3.44	0.1087785
3.445	0.217557
3.45	0.290076
3.455	0.362595
3.46	0.3988545
3.465	0.4713735
3.47	0.4713735
3.475	0.4713735
3.48	0.3988545
3.485	0.290076
3.49	0.217557
3.495	0.145038
3.5	0.1087785
3.505	0.1087785
3.51	0.1087785
3.515	0.145038
3.52	0.217557
3.525	0.2538165
3.53	0.290076
3.535	0.362595
3.54	0.362595
3.545	0.290076
3.55	0.217557
3.555	0.145038
3.56	0.0362595
3.565	0
3.57	-0.072519
3.575	-0.072519
3.58	-0.1087785
3.585	-0.1087785
3.59	-0.1087785
3.595	-0.1087785
3.6	-0.1087785
3.605	-0.1087785
3.61	-0.1087785
3.615	-0.1812975
3.62	-0.1812975
3.625	-0.1812975
3.63	-0.1812975
3.635	-0.1087785
3.64	0
3.645	0.0362595
3.65	0.145038
3.655	0.217557
3.66	0.2538165
3.665	0.217557
3.67	0.145038
3.675	0.0362595
3.68	-0.1087785
3.685	-0.217557
3.69	-0.362595
3.695	-0.4713735
3.7	-0.5438925
3.705	-0.580152
3.71	-0.5438925
3.715	-0.4713735
3.72	-0.435114
3.725	-0.362595
3.73	-0.3263355
3.735	-0.2538165
3.74	-0.217557
3.745	-0.2538165
3.75	-0.2538165
3.755	-0.3263355
3.76	-0.362595
3.765	-0.435114
3.77	-0.4713735
3.775	-0.4713735
3.78	-0.4713735
3.785	-0.435114
3.79	-0.362595
3.795	-0.2538165
3.8	-0.217557
3.805	-0.1812975
3.81	-0.1812975
3.815	-0.1812975
3.82	-0.217557
3.825	-0.2538165
3.83	-0.362595
3.835	-0.435114
3.84	-0.5438925
3.845	-0.580152
3.85	-0.580152
3.855	-0.580152
3.86	-0.580152
3.865	-0.5438925
3.87	-0.4713735
3.875	-0.435114
3.88	-0.435114
3.885	-0.435114
3.89	-0.435114
3.895	-0.4713735
3.9	-0.5438925
3.905	-0.580152
3.91	-0.6164115
3.915	-0.6164115
3.92	-0.6889305
3.925	-0.6164115
3.93	-0.6164115
3.935	-0.580152
3.94	-0.5438925
3.945	-0.435114
3.95	-0.435114
3.955	-0.362595
3.96	-0.362595
3.965	-0.435114
3.97	-0.4713735
3.975	-0.580152
3.98	-0.6889305
3.985	-0.797709
3.99	-0.8339685
3.995	-0.8339685
4	-0.797709
4.005	-0.72519
4.01	-0.580152
4.015	-0.4713735
4.02	-0.3263355
4.025	-0.217557
4.03	-0.1087785
4.035	-0.072519
4.04	-0.072519
4.045	-0.1812975
4.05	-0.2538165
4.055	-0.362595
4.06	-0.5438925
4.065	-0.6889305
4.07	-0.797709
4.075	-0.8339685
4.08	-0.9064875
4.085	-0.9064875
4.09	-0.9064875
4.095	-0.797709
4.1	-0.72519
4.105	-0.6889305
4.11	-0.6164115
4.115	-0.580152
4.12	-0.580152
4.125	-0.580152
4.13	-0.6164115
4.135	-0.6889305
4.14	-0.72519
4.145	-0.8339685
4.15	-0.9064875
4.155	-0.9064875
4.16	-0.9064875
4.165	-0.9064875
4.17	-0.797709
4.175	-0.6889305
4.18	-0.580152
4.185	-0.4713735
4.19	-0.435114
4.195	-0.435114
4.2	-0.4713735
4.205	-0.580152
4.21	-0.6889305
4.215	-0.797709
4.22	-0.9064875
4.225	-1.015266
4.23	-1.015266
4.235	-1.015266
4.24	-1.015266
4.245	-0.942747
4.25	-0.9064875
4.255	-0.8339685
4.26	-0.797709
4.265	-0.72519
4.27	-0.72519
4.275	-0.72519
4.28	-0.797709
4.285	-0.8339685
4.29	-0.9064875
4.295	-0.942747
4.3	-1.015266
4.305	-1.0515255
4.31	-1.0515255
4.315	-1.087785
4.32	-1.0515255
4.325	-1.0515255
4.33	-1.015266
4.335	-0.9064875
4.34	-0.72519
4.345	-0.5438925
4.35	-0.2538165
4.355	0
4.36	0.217557
4.365	0.362595
4.37	0.4713735
4.375	0.3988545
4.38	0.2538165
4.385	0.0362595
4.39	-0.1812975
4.395	-0.362595
4.4	-0.580152
4.405	-0.6889305
4.41	-0.72519
4.415	-0.6889305
4.42	-0.5438925
4.425	-0.3263355
4.43	-0.072519
4.435	0.145038
4.44	0.362595
4.445	0.507633
4.45	0.652671
4.455	0.72519
4.46	0.72519
4.465	0.72519
4.47	0.652671
4.475	0.580152
4.48	0.3988545
4.485	0.2538165
4.49	0.1087785
4.495	-0.1087785
4.5	-0.217557
4.505	-0.362595
4.51	-0.435114
4.515	-0.435114
4.52	-0.435114
4.525	-0.435114
4.53	-0.435114
4.535	-0.362595
4.54	-0.3263355
4.545	-0.2538165
4.55	-0.2538165
4.555	-0.217557
4.56	-0.217557
4.565	-0.2538165
4.57	-0.3263355
4.575	-0.362595
4.58	-0.4713735
4.585	-0.580152
4.59	-0.6164115
4.595	-0.6889305
4.6	-0.72519
4.605	-0.6889305
4.61	-0.6164115
4.615	-0.5438925
4.62	-0.4713735
4.625	-0.362595
4.63	-0.362595
4.635	-0.362595
4.64	-0.435114
4.645	-0.5438925
4.65	-0.6889305
4.655	-0.797709
4.66	-0.942747
4.665	-1.0515255
4.67	-1.087785
4.675	-1.087785
4.68	-1.087785
4.685	-1.015266
4.69	-0.9064875
4.695	-0.797709
4.7	-0.6164115
4.705	-0.5438925
4.71	-0.435114
4.715	-0.362595
4.72	-0.362595
4.725	-0.362595
4.73	-0.435114
4.735	-0.5438925
4.74	-0.6889305
4.745	-0.797709
4.75	-0.9064875
4.755	-1.015266
4.76	-1.087785
4.765	-1.087785
4.77	-1.087785
4.775	-1.0515255
4.78	-1.015266
4.785	-0.8339685
4.79	-0.72519
4.795	-0.6164115
4.8	-0.5438925
4.805	-0.4713735
4.81	-0.4713735
4.815	-0.5438925
4.82	-0.6164115
4.825	-0.797709
4.83	-0.942747
4.835	-1.087785
4.84	-1.1965635
4.845	-1.2690825
4.85	-1.305342
4.855	-1.2690825
4.86	-1.1965635
4.865	-1.087785
4.87	-1.015266
4.875	-0.942747
4.88	-0.9064875
4.885	-0.9064875
4.89	-0.942747
4.895	-1.015266
4.9	-1.087785
4.905	-1.1965635
4.91	-1.2690825
4.915	-1.305342
4.92	-1.377861
4.925	-1.305342
4.93	-1.2690825
4.935	-1.160304
4.94	-1.0515255
4.945	-0.942747
4.95	-0.8339685
4.955	-0.797709
4.96	-0.797709
4.965	-0.8339685
4.97	-0.9064875
4.975	-0.942747
4.98	-1.0515255
4.985	-1.087785
4.99	-1.160304
4.995	-1.1965635
5	-1.2690825
5.005	-1.2690825
5.01	-1.2690825
5.015	-1.2690825
5.02	-1.2690825
5.025	-1.1965635
5.03	-1.2690825
5.035	-1.2690825
5.04	-1.2690825
5.045	-1.2690825
5.05	-1.2690825
5.055	-1.2690825
5.06	-1.1965635
5.065	-1.160304
5.07	-1.0515255
5.075	-1.015266
5.08	-0.942747
5.085	-0.9064875
5.09	-0.9064875
5.095	-0.9064875
5.1	-0.9064875
5.105	-1.015266
5.11	-1.0515255
5.115	-1.160304
5.12	-1.1965635
5.125	-1.2690825
5.13	-1.305342
5.135	-1.377861
5.14	-1.305342
5.145	-1.305342
5.15	-1.2690825
5.155	-1.160304
5.16	-1.0515255
5.165	-1.015266
5.17	-0.9064875
5.175	-0.8339685
5.18	-0.8339685
5.185	-0.9064875
5.19	-0.9064875
5.195	-1.015266
5.2	-1.0515255
5.205	-1.160304
5.21	-1.1965635
5.215	-1.1965635
5.22	-1.1965635
5.225	-1.087785
5.23	-1.015266
5.235	-0.9064875
5.24	-0.72519
5.245	-0.580152
5.25	-0.4713735
5.255	-0.362595
5.26	-0.362595
5.265	-0.435114
5.27	-0.580152
5.275	-0.72519
5.28	-0.9064875
5.285	-1.0515255
5.29	-1.160304
5.295	-1.1965635
5.3	-1.160304
5.305	-1.087785
5.31	-0.942747
5.315	-0.8339685
5.32	-0.6164115
5.325	-0.435114
5.33	-0.217557
5.335	0
5.34	0.217557
5.345	0.3988545
5.35	0.507633
5.355	0.6164115
5.36	0.6164115
5.365	0.580152
5.37	0.3988545
5.375	0.217557
5.38	0
5.385	-0.217557
5.39	-0.362595
5.395	-0.4713735
5.4	-0.4713735
5.405	-0.4713735
5.41	-0.435114
5.415	-0.3263355
5.42	-0.1812975
5.425	-0.072519
5.43	0.0362595
5.435	0.1087785
5.44	0.1087785
5.445	0.1087785
5.45	0
5.455	-0.072519
5.46	-0.1812975
5.465	-0.2538165
5.47	-0.362595
5.475	-0.435114
5.48	-0.5438925
5.485	-0.580152
5.49	-0.580152
5.495	-0.580152
5.5	-0.580152
5.505	-0.5438925
5.51	-0.4713735
5.515	-0.4713735
5.52	-0.435114
5.525	-0.435114
5.53	-0.4713735
5.535	-0.4713735
5.54	-0.4713735
5.545	-0.5438925
5.55	-0.5438925
5.555	-0.580152
5.56	-0.6164115
5.565	-0.72519
5.57	-0.797709
5.575	-0.9064875
5.58	-1.015266
5.585	-1.087785
5.59	-1.160304
5.595	-1.1965635
5.6	-1.1965635
5.605	-1.160304
5.61	-1.0515255
5.615	-0.942747
5.62	-0.8339685
5.625	-0.72519
5.63	-0.6889305
5.635	-0.6164115
5.64	-0.6164115
5.645	-0.6889305
5.65	-0.72519
5.655	-0.9064875
5.66	-0.942747
5.665	-1.0515255
5.67	-1.087785
5.675	-1.087785
5.68	-1.087785
5.685	-1.015266
5.69	-0.942747
5.695	-0.8339685
5.7	-0.72519
5.705	-0.6889305
5.71	-0.6889305
5.715	-0.72519
5.72	-0.797709
5.725	-0.9064875
5.73	-1.015266
5.735	-1.087785
5.74	-1.1965635
5.745	-1.1965635
5.75	-1.2690825
5.755	-1.2690825
5.76	-1.1965635
5.765	-1.1965635
5.77	-1.1965635
5.775	-1.160304
5.78	-1.160304
5.785	-1.160304
5.79	-1.160304
5.795	-1.087785
5.8	-1.087785
5.805	-1.087785
5.81	-1.0515255
5.815	-1.015266
5.82	-0.942747
5.825	-0.8339685
5.83	-0.72519
5.835	-0.6889305
5.84	-0.6889305
5.845	-0.72519
5.85	-0.797709
5.855	-0.9064875
5.86	-1.015266
5.865	-1.087785
5.87	-1.160304
5.875	-1.1965635
5.88	-1.1965635
5.885	-1.160304
5.89	-1.0515255
5.895	-0.942747
5.9	-0.8339685
5.905	-0.797709
5.91	-0.72519
5.915	-0.72519
5.92	-0.797709
5.925	-0.9064875
5.93	-1.015266
5.935	-1.087785
5.94	-1.1965635
5.945	-1.2690825
5.95	-1.305342
5.955	-1.2690825
5.96	-1.1965635
5.965	-1.160304
5.97	-1.087785
5.975	-1.087785
5.98	-1.087785
5.985	-1.087785
5.99	-1.160304
5.995	-1.2690825
6	-1.305342
6.005	-1.377861
6.01	-1.45038
6.015	-1.45038
6.02	-1.522899
6.025	-1.522899
6.03	-1.45038
6.035	-1.45038
6.04	-1.4141205
6.045	-1.4141205
6.05	-1.4141205
6.055	-1.4141205
6.06	-1.4141205
6.065	-1.4141205
6.07	-1.4141205
6.075	-1.4141205
6.08	-1.4141205
6.085	-1.4141205
6.09	-1.45038
6.095	-1.45038
6.1	-1.45038
6.105	-1.45038
6.11	-1.45038
6.115	-1.4141205
6.12	-1.4141205
6.125	-1.305342
6.13	-1.1965635
6.135	-1.087785
6.14	-1.015266
6.145	-0.8339685
6.15	-0.72519
6.155	-0.6889305
6.16	-0.6889305
6.165	-0.72519
6.17	-0.8339685
6.175	-1.015266
6.18	-1.160304
6.185	-1.2690825
6.19	-1.4141205
6.195	-1.522899
6.2	-1.5591585
6.205	-1.6316775
6.21	-1.6316775
6.215	-1.5591585
6.22	-1.522899
6.225	-1.4141205
6.23	-1.377861
6.235	-1.305342
6.24	-1.2690825
6.245	-1.1965635
6.25	-1.1965635
6.255	-1.2690825
6.26	-1.305342
6.265	-1.377861
6.27	-1.45038
6.275	-1.5591585
6.28	-1.6316775
6.285	-1.6316775
6.29	-1.5591585
6.295	-1.45038
6.3	-1.2690825
6.305	-1.0515255
6.31	-0.797709
6.315	-0.5438925
6.32	-0.362595
6.325	-0.2538165
6.33	-0.2538165
6.335	-0.362595
6.34	-0.5438925
6.345	-0.72519
6.35	-1.015266
6.355	-1.1965635
6.36	-1.4141205
6.365	-1.522899
6.37	-1.5591585
6.375	-1.5591585
6.38	-1.522899
6.385	-1.4141205
6.39	-1.377861
6.395	-1.305342
6.4	-1.305342
6.405	-1.305342
6.41	-1.377861
6.415	-1.377861
6.42	-1.4141205
6.425	-1.45038
6.43	-1.4141205
6.435	-1.4141205
6.44	-1.377861
6.445	-1.305342
6.45	-1.2690825
6.455	-1.1965635
6.46	-1.1965635
6.465	-1.1965635
6.47	-1.1965635
6.475	-1.2690825
6.48	-1.2690825
6.485	-1.377861
6.49	-1.377861
6.495	-1.4141205
6.5	-1.45038
6.505	-1.45038
6.51	-1.45038
6.515	-1.4141205
6.52	-1.4141205
6.525	-1.4141205
6.53	-1.377861
6.535	-1.377861
6.54	-1.305342
6.545	-1.305342
6.55	-1.305342
6.555	-1.305342
6.56	-1.305342
6.565	-1.305342
6.57	-1.305342
6.575	-1.305342
6.58	-1.305342
6.585	-1.305342
6.59	-1.305342
6.595	-1.305342
6.6	-1.305342
6.605	-1.377861
6.61	-1.4141205
6.615	-1.45038
6.62	-1.45038
6.625	-1.522899
6.63	-1.522899
6.635	-1.45038
6.64	-1.45038
6.645	-1.4141205
6.65	-1.377861
6.655	-1.377861
6.66	-1.305342
6.665	-1.305342
6.67	-1.2690825
6.675	-1.2690825
6.68	-1.1965635
6.685	-1.1965635
6.69	-1.1965635
6.695	-1.1965635
6.7	-1.1965635
6.705	-1.2690825
6.71	-1.377861
6.715	-1.4141205
6.72	-1.522899
6.725	-1.6316775
6.73	-1.740456
6.735	-1.740456
6.74	-1.740456
6.745	-1.740456
6.75	-1.6316775
6.755	-1.5591585
6.76	-1.45038
6.765	-1.45038
6.77	-1.4141205
6.775	-1.4141205
6.78	-1.45038
6.785	-1.45038
6.79	-1.522899
6.795	-1.6316775
6.8	-1.6316775
6.805	-1.667937
6.81	-1.740456
6.815	-1.740456
6.82	-1.740456
6.825	-1.667937
6.83	-1.6316775
6.835	-1.5591585
6.84	-1.522899
6.845	-1.45038
6.85	-1.45038
6.855	-1.4141205
6.86	-1.377861
6.865	-1.377861
6.87	-1.377861
6.875	-1.377861
6.88	-1.377861
6.885	-1.377861
6.89	-1.4141205
6.895	-1.4141205
6.9	-1.4141205
6.905	-1.4141205
6.91	-1.4141205
6.915	-1.4141205
6.92	-1.45038
6.925	-1.45038
6.93	-1.522899
6.935	-1.522899
6.94	-1.5591585
6.945	-1.6316775
6.95	-1.667937
6.955	-1.667937
6.96	-1.667937
6.965	-1.667937
6.97	-1.667937
6.975	-1.6316775
6.98	-1.5591585
6.985	-1.522899
6.99	-1.45038
6.995	-1.45038
7	-1.45038
7.005	-1.522899
7.01	-1.5591585
7.015	-1.667937
7.02	-1.7767155
7.025	-1.885494
7.03	-1.9217535
7.035	-1.9217535
7.04	-1.9217535
7.045	-1.885494
7.05	-1.7767155
7.055	-1.740456
7.06	-1.6316775
7.065	-1.522899
7.07	-1.45038
7.075	-1.4141205
7.08	-1.4141205
7.085	-1.4141205
7.09	-1.4141205
7.095	-1.45038
7.1	-1.522899
7.105	-1.5591585
7.11	-1.6316775
7.115	-1.667937
7.12	-1.740456
7.125	-1.740456
7.13	-1.667937
7.135	-1.6316775
7.14	-1.5591585
7.145	-1.522899
7.15	-1.45038
7.155	-1.377861
7.16	-1.2690825
7.165	-1.1965635
7.17	-1.160304
7.175	-1.087785
7.18	-1.0515255
7.185	-1.015266
7.19	-1.015266
7.195	-1.015266
7.2	-1.015266
7.205	-1.015266
7.21	-1.0515255
7.215	-1.087785
7.22	-1.160304
7.225	-1.2690825
7.23	-1.4141205
7.235	-1.522899
7.24	-1.6316775
7.245	-1.740456
7.25	-1.7767155
7.255	-1.7767155
7.26	-1.7767155
7.265	-1.740456
7.27	-1.667937
7.275	-1.5591585
7.28	-1.45038
7.285	-1.377861
7.29	-1.2690825
7.295	-1.160304
7.3	-1.087785
7.305	-1.0515255
7.31	-1.015266
7.315	-1.015266
7.32	-1.0515255
7.325	-1.0515255
7.33	-1.087785
7.335	-1.160304
7.34	-1.1965635
7.345	-1.2690825
7.35	-1.305342
7.355	-1.377861
7.36	-1.4141205
7.365	-1.4141205
7.37	-1.4141205
7.375	-1.377861
7.38	-1.377861
7.385	-1.305342
7.39	-1.2690825
7.395	-1.160304
7.4	-1.087785
7.405	-0.942747
7.41	-0.8339685
7.415	-0.797709
7.42	-0.6889305
7.425	-0.6889305
7.43	-0.6889305
7.435	-0.72519
7.44	-0.8339685
7.445	-0.942747
7.45	-1.087785
7.455	-1.160304
7.46	-1.2690825
7.465	-1.305342
7.47	-1.2690825
7.475	-1.2690825
7.48	-1.160304
7.485	-1.087785
7.49	-1.015266
7.495	-0.942747
7.5	-0.9064875
7.505	-0.8339685
7.51	-0.797709
7.515	-0.797709
7.52	-0.8339685
7.525	-0.9064875
7.53	-1.015266
7.535	-1.0515255
7.54	-1.087785
7.545	-1.160304
7.55	-1.1965635
7.555	-1.1965635
7.56	-1.1965635
7.565	-1.1965635
7.57	-1.160304
7.575	-1.087785
7.58	-1.0515255
7.585	-1.0515255
7.59	-1.0515255
7.595	-1.0515255
7.6	-1.087785
7.605	-1.1965635
7.61	-1.2690825
7.615	-1.377861
7.62	-1.377861
7.625	-1.4141205
7.63	-1.4141205
7.635	-1.377861
7.64	-1.305342
7.645	-1.2690825
7.65	-1.1965635
7.655	-1.160304
7.66	-1.087785
7.665	-1.0515255
7.67	-1.0515255
7.675	-1.0515255
7.68	-1.0515255
7.685	-1.0515255
7.69	-1.087785
7.695	-1.087785
7.7	-1.160304
7.705	-1.1965635
7.71	-1.2690825
7.715	-1.2690825
7.72	-1.305342
7.725	-1.305342
7.73	-1.305342
7.735	-1.2690825
7.74	-1.1965635
7.745	-1.160304
7.75	-1.015266
7.755	-0.797709
7.76	-0.580152
7.765	-0.3263355
7.77	-0.1812975
7.775	0
7.78	0.0362595
7.785	0.0362595
7.79	-0.072519
7.795	-0.2538165
7.8	-0.4713735
7.805	-0.6889305
7.81	-0.9064875
7.815	-1.0515255
7.82	-1.087785
7.825	-1.160304
7.83	-1.087785
7.835	-1.015266
7.84	-0.8339685
7.845	-0.72519
7.85	-0.6164115
7.855	-0.580152
7.86	-0.580152
7.865	-0.6889305
7.87	-0.797709
7.875	-0.9064875
7.88	-1.015266
7.885	-1.160304
7.89	-1.1965635
7.895	-1.2690825
7.9	-1.2690825
7.905	-1.2690825
7.91	-1.1965635
7.915	-1.087785
7.92	-1.0515255
7.925	-1.0515255
7.93	-1.015266
7.935	-1.015266
7.94	-1.0515255
7.945	-1.0515255
7.95	-1.087785
7.955	-1.160304
7.96	-1.160304
7.965	-1.1965635
7.97	-1.1965635
7.975	-1.1965635
7.98	-1.160304
7.985	-1.087785
7.99	-1.0515255
7.995	-1.015266
8	-1.015266
8.005	-1.015266
8.01	-1.015266
8.015	-1.0515255
8.02	-1.087785
8.025	-1.1965635
8.03	-1.2690825
8.035	-1.305342
8.04	-1.305342
8.045	-1.377861
8.05	-1.377861
8.055	-1.305342
8.06	-1.2690825
8.065	-1.2690825
8.07	-1.1965635
8.075	-1.1965635
8.08	-1.1965635
8.085	-1.1965635
8.09	-1.2690825
8.095	-1.2690825
8.1	-1.2690825
8.105	-1.2690825
8.11	-1.2690825
8.115	-1.1965635
8.12	-1.160304
8.125	-1.160304
8.13	-1.087785
8.135	-1.087785
8.14	-1.087785
8.145	-1.087785
8.15	-1.160304
8.155	-1.160304
8.16	-1.1965635
8.165	-1.1965635
8.17	-1.1965635
8.175	-1.2690825
8.18	-1.2690825
8.185	-1.2690825
8.19	-1.2690825
8.195	-1.2690825
8.2	-1.2690825
8.205	-1.2690825
8.21	-1.305342
8.215	-1.305342
8.22	-1.305342
8.225	-1.305342
8.23	-1.2690825
8.235	-1.1965635
8.24	-1.160304
8.245	-1.087785
8.25	-1.0515255
8.255	-1.0515255
8.26	-1.015266
8.265	-1.015266
8.27	-0.942747
8.275	-0.942747
8.28	-0.942747
8.285	-0.942747
8.29	-0.942747
8.295	-0.942747
8.3	-0.942747
8.305	-0.9064875
8.31	-0.8339685
8.315	-0.797709
8.32	-0.72519
8.325	-0.6889305
8.33	-0.6164115
8.335	-0.580152
8.34	-0.5438925
8.345	-0.5438925
8.35	-0.5438925
8.355	-0.5438925
8.36	-0.5438925
8.365	-0.580152
8.37	-0.580152
8.375	-0.6164115
8.38	-0.6889305
8.385	-0.72519
8.39	-0.72519
8.395	-0.797709
8.4	-0.8339685
8.405	-0.8339685
8.41	-0.9064875
8.415	-0.9064875
8.42	-0.9064875
8.425	-0.9064875
8.43	-0.9064875
8.435	-0.8339685
8.44	-0.8339685
8.445	-0.8339685
8.45	-0.8339685
8.455	-0.8339685
8.46	-0.9064875
8.465	-0.9064875
8.47	-0.9064875
8.475	-0.942747
8.48	-0.942747
8.485	-0.942747
8.49	-0.942747
8.495	-0.942747
8.5	-0.9064875
8.505	-0.942747
8.51	-0.942747
8.515	-0.942747
8.52	-1.015266
8.525	-1.015266
8.53	-1.015266
8.535	-1.015266
8.54	-0.942747
8.545	-0.9064875
8.55	-0.8339685
8.555	-0.797709
8.56	-0.6889305
8.565	-0.6164115
8.57	-0.580152
8.575	-0.5438925
8.58	-0.5438925
8.585	-0.5438925
8.59	-0.5438925
8.595	-0.5438925
8.6	-0.6164115
8.605	-0.6889305
8.61	-0.797709
8.615	-0.9064875
8.62	-1.015266
8.625	-1.0515255
8.63	-1.087785
8.635	-1.160304
8.64	-1.160304
8.645	-1.087785
8.65	-1.015266
8.655	-0.942747
8.66	-0.9064875
8.665	-0.797709
8.67	-0.72519
8.675	-0.72519
8.68	-0.6889305
8.685	-0.6889305
8.69	-0.6889305
8.695	-0.72519
8.7	-0.72519
8.705	-0.797709
8.71	-0.797709
8.715	-0.797709
8.72	-0.72519
8.725	-0.72519
8.73	-0.6889305
8.735	-0.6164115
8.74	-0.580152
8.745	-0.5438925
8.75	-0.435114
8.755	-0.3263355
8.76	-0.1812975
8.765	0
8.77	0.217557
8.775	0.362595
8.78	0.4713735
8.785	0.580152
8.79	0.580152
8.795	0.507633
8.8	0.4713735
8.805	0.290076
8.81	0.217557
8.815	0.1087785
8.82	0
8.825	-0.072519
8.83	0
8.835	0.0362595
8.84	0.1087785
8.845	0.1087785
8.85	0.145038
8.855	0.145038
8.86	0.145038
8.865	0.1087785
8.87	0.1087785
8.875	0
8.88	-0.072519
8.885	-0.072519
8.89	-0.072519
8.895	0
8.9	0.0362595
8.905	0.145038
8.91	0.217557
8.915	0.217557
8.92	0.217557
8.925	0.145038
8.93	0.1087785
8.935	0
8.94	-0.1087785
8.945	-0.1812975
8.95	-0.2538165
8.955	-0.2538165
8.96	-0.2538165
8.965	-0.217557
8.97	-0.1812975
8.975	-0.072519
8.98	0
8.985	0.0362595
8.99	0.0362595
8.995	0.0362595
9	0
9.005	-0.072519
9.01	-0.1087785
9.015	-0.1812975
9.02	-0.1812975
9.025	-0.1812975
9.03	-0.072519
9.035	0.0362595
9.04	0.145038
9.045	0.290076
9.05	0.3988545
9.055	0.4713735
9.06	0.4713735
9.065	0.3988545
9.07	0.362595
9.075	0.290076
9.08	0.217557
9.085	0.1087785
9.09	0.0362595
9.095	-0.072519
9.1	-0.1087785
9.105	-0.1812975
9.11	-0.2538165
9.115	-0.2538165
9.12	-0.3263355
9.125	-0.3263355
9.13	-0.3263355
9.135	-0.2538165
9.14	-0.2538165
9.145	-0.217557
9.15	-0.1812975
9.155	-0.1812975
9.16	-0.217557
9.165	-0.2538165
9.17	-0.3263355
9.175	-0.435114
9.18	-0.580152
9.185	-0.6164115
9.19	-0.6889305
9.195	-0.72519
9.2	-0.797709
9.205	-0.797709
9.21	-0.72519
9.215	-0.6164115
9.22	-0.5438925
9.225	-0.362595
9.23	-0.2538165
9.235	-0.1812975
9.24	-0.1087785
9.245	-0.1087785
9.25	-0.1812975
9.255	-0.2538165
9.26	-0.362595
9.265	-0.4713735
9.27	-0.580152
9.275	-0.6889305
9.28	-0.6889305
9.285	-0.6889305
9.29	-0.6164115
9.295	-0.580152
9.3	-0.5438925
9.305	-0.435114
9.31	-0.362595
9.315	-0.362595
9.32	-0.362595
9.325	-0.362595
9.33	-0.435114
9.335	-0.4713735
9.34	-0.5438925
9.345	-0.580152
9.35	-0.6164115
9.355	-0.6889305
9.36	-0.6889305
9.365	-0.6889305
9.37	-0.6889305
9.375	-0.6164115
9.38	-0.6164115
9.385	-0.580152
9.39	-0.580152
9.395	-0.5438925
9.4	-0.5438925
9.405	-0.5438925
9.41	-0.4713735
9.415	-0.4713735
9.42	-0.4713735
9.425	-0.5438925
9.43	-0.4713735
9.435	-0.4713735
9.44	-0.4713735
9.445	-0.4713735
9.45	-0.4713735
9.455	-0.435114
9.46	-0.435114
9.465	-0.435114
9.47	-0.435114
9.475	-0.435114
9.48	-0.4713735
9.485	-0.5438925
9.49	-0.580152
9.495	-0.6164115
9.5	-0.6889305
9.505	-0.6889305
9.51	-0.72519
9.515	-0.6889305
9.52	-0.6889305
9.525	-0.6164115
9.53	-0.580152
9.535	-0.4713735
9.54	-0.435114
9.545	-0.435114
9.55	-0.362595
9.555	-0.362595
9.56	-0.435114
9.565	-0.4713735
9.57	-0.5438925
9.575	-0.580152
9.58	-0.6164115
9.585	-0.6889305
9.59	-0.6889305
9.595	-0.6164115
9.6	-0.580152
9.605	-0.4713735
9.61	-0.3263355
9.615	-0.217557
9.62	-0.1087785
9.625	-0.072519
9.63	-0.072519
9.635	-0.072519
9.64	-0.1087785
9.645	-0.217557
9.65	-0.362595
9.655	-0.5438925
9.66	-0.6164115
9.665	-0.797709
9.67	-0.8339685
9.675	-0.9064875
9.68	-0.9064875
9.685	-0.8339685
9.69	-0.72519
9.695	-0.6164115
9.7	-0.580152
9.705	-0.4713735
9.71	-0.435114
9.715	-0.362595
9.72	-0.362595
9.725	-0.362595
9.73	-0.435114
9.735	-0.4713735
9.74	-0.5438925
9.745	-0.5438925
9.75	-0.5438925
9.755	-0.5438925
9.76	-0.4713735
9.765	-0.435114
9.77	-0.362595
9.775	-0.3263355
9.78	-0.2538165
9.785	-0.2538165
9.79	-0.217557
9.795	-0.217557
9.8	-0.2538165
9.805	-0.3263355
9.81	-0.362595
9.815	-0.435114
9.82	-0.4713735
9.825	-0.5438925
9.83	-0.5438925
9.835	-0.5438925
9.84	-0.5438925
9.845	-0.4713735
9.85	-0.435114
9.855	-0.362595
9.86	-0.2538165
9.865	-0.217557
9.87	-0.1087785
9.875	-0.1087785
9.88	-0.072519
9.885	-0.1087785
9.89	-0.1812975
9.895	-0.2538165
9.9	-0.362595
9.905	-0.4713735
9.91	-0.5438925
9.915	-0.580152
9.92	-0.5438925
9.925	-0.4713735
9.93	-0.435114
9.935	-0.362595
9.94	-0.3263355
9.945	-0.2538165
9.95	-0.2538165
9.955	-0.217557
9.96	-0.2538165
9.965	-0.2538165
9.97	-0.3263355
9.975	-0.362595
9.98	-0.435114
9.985	-0.435114
9.99	-0.435114
9.995	-0.435114
10	-0.435114
10.005	-0.435114
10.01	-0.362595
10.015	-0.3263355
10.02	-0.2538165
10.025	-0.217557
10.03	-0.1812975
10.035	-0.1087785
10.04	-0.1812975
10.045	-0.217557
10.05	-0.3263355
10.055	-0.435114
10.06	-0.5438925
10.065	-0.6164115
10.07	-0.72519
10.075	-0.797709
10.08	-0.8339685
10.085	-0.797709
10.09	-0.72519
10.095	-0.6889305
10.1	-0.580152
10.105	-0.5438925
10.11	-0.4713735
10.115	-0.435114
10.12	-0.362595
10.125	-0.362595
10.13	-0.362595
10.135	-0.435114
10.14	-0.435114
10.145	-0.435114
10.15	-0.435114
10.155	-0.435114
10.16	-0.362595
10.165	-0.3263355
10.17	-0.2538165
10.175	-0.217557
10.18	-0.1812975
10.185	-0.1087785
10.19	-0.1087785
10.195	-0.1087785
10.2	-0.1087785
10.205	-0.1812975
10.21	-0.2538165
10.215	-0.3263355
10.22	-0.435114
10.225	-0.4713735
10.23	-0.5438925
10.235	-0.580152
10.24	-0.5438925
10.245	-0.5438925
10.25	-0.4713735
10.255	-0.435114
10.26	-0.362595
10.265	-0.3263355
10.27	-0.3263355
10.275	-0.3263355
10.28	-0.362595
10.285	-0.435114
10.29	-0.435114
10.295	-0.4713735
10.3	-0.5438925
10.305	-0.5438925
10.31	-0.580152
10.315	-0.580152
10.32	-0.6164115
10.325	-0.6164115
10.33	-0.580152
10.335	-0.580152
10.34	-0.5438925
10.345	-0.4713735
10.35	-0.435114
10.355	-0.435114
10.36	-0.362595
10.365	-0.362595
10.37	-0.435114
10.375	-0.4713735
10.38	-0.580152
10.385	-0.6164115
10.39	-0.6889305
10.395	-0.797709
10.4	-0.797709
10.405	-0.72519
10.41	-0.6889305
10.415	-0.580152
10.42	-0.435114
10.425	-0.3263355
10.43	-0.217557
10.435	-0.1087785
10.44	-0.1087785
10.445	-0.1087785
10.45	-0.1812975
10.455	-0.2538165
10.46	-0.362595
10.465	-0.4713735
10.47	-0.5438925
10.475	-0.6164115
10.48	-0.6889305
10.485	-0.72519
10.49	-0.72519
10.495	-0.72519
10.5	-0.72519
10.505	-0.6889305
10.51	-0.6164115
10.515	-0.5438925
10.52	-0.4713735
10.525	-0.435114
10.53	-0.435114
10.535	-0.435114
10.54	-0.435114
10.545	-0.435114
10.55	-0.4713735
10.555	-0.4713735
10.56	-0.5438925
10.565	-0.5438925
10.57	-0.580152
10.575	-0.580152
10.58	-0.580152
10.585	-0.5438925
10.59	-0.4713735
10.595	-0.362595
10.6	-0.3263355
10.605	-0.217557
10.61	-0.1087785
10.615	-0.072519
10.62	0
10.625	0
10.63	0
10.635	0
10.64	0
10.645	0
10.65	0.0362595
10.655	0.145038
10.66	0.2538165
10.665	0.362595
10.67	0.4713735
10.675	0.580152
10.68	0.6164115
10.685	0.6164115
10.69	0.507633
10.695	0.3988545
10.7	0.2538165
10.705	0.0362595
10.71	-0.1812975
10.715	-0.3263355
10.72	-0.4713735
10.725	-0.580152
10.73	-0.6164115
10.735	-0.6889305
10.74	-0.6164115
10.745	-0.580152
10.75	-0.4713735
10.755	-0.362595
10.76	-0.3263355
10.765	-0.2538165
10.77	-0.2538165
10.775	-0.2538165
10.78	-0.2538165
10.785	-0.3263355
10.79	-0.362595
10.795	-0.362595
10.8	-0.362595
10.805	-0.362595
10.81	-0.3263355
10.815	-0.3263355
10.82	-0.2538165
10.825	-0.217557
10.83	-0.217557
10.835	-0.217557
10.84	-0.217557
10.845	-0.217557
10.85	-0.2538165
10.855	-0.3263355
10.86	-0.362595
10.865	-0.435114
10.87	-0.435114
10.875	-0.4713735
10.88	-0.5438925
10.885	-0.6164115
10.89	-0.6889305
10.895	-0.6889305
10.9	-0.6889305
10.905	-0.6889305
10.91	-0.6164115
10.915	-0.5438925
10.92	-0.4713735
10.925	-0.362595
10.93	-0.2538165
10.935	-0.2538165
10.94	-0.217557
10.945	-0.2538165
10.95	-0.3263355
10.955	-0.435114
10.96	-0.4713735
10.965	-0.580152
10.97	-0.6164115
10.975	-0.6889305
10.98	-0.6889305
10.985	-0.6164115
10.99	-0.580152
10.995	-0.5438925
11	-0.4713735
11.005	-0.435114
11.01	-0.362595
11.015	-0.362595
11.02	-0.362595
11.025	-0.435114
11.03	-0.5438925
11.035	-0.580152
11.04	-0.6889305
11.045	-0.6889305
11.05	-0.6889305
11.055	-0.6889305
11.06	-0.6164115
11.065	-0.580152
11.07	-0.5438925
11.075	-0.435114
11.08	-0.435114
11.085	-0.362595
11.09	-0.435114
11.095	-0.4713735
11.1	-0.580152
11.105	-0.6164115
11.11	-0.72519
11.115	-0.797709
11.12	-0.8339685
11.125	-0.9064875
11.13	-0.9064875
11.135	-0.9064875
11.14	-0.8339685
11.145	-0.797709
11.15	-0.72519
11.155	-0.6164115
11.16	-0.580152
11.165	-0.5438925
11.17	-0.435114
11.175	-0.362595
11.18	-0.3263355
11.185	-0.2538165
11.19	-0.2538165
11.195	-0.3263355
11.2	-0.362595
11.205	-0.435114
11.21	-0.4713735
11.215	-0.5438925
11.22	-0.580152
11.225	-0.6164115
11.23	-0.6164115
11.235	-0.580152
11.24	-0.5438925
11.245	-0.5438925
11.25	-0.4713735
11.255	-0.435114
11.26	-0.435114
11.265	-0.435114
11.27	-0.435114
11.275	-0.4713735
11.28	-0.5438925
11.285	-0.5438925
11.29	-0.580152
11.295	-0.6164115
11.3	-0.6889305
11.305	-0.6889305
11.31	-0.6889305
11.315	-0.6164115
11.32	-0.580152
11.325	-0.5438925
11.33	-0.4713735
11.335	-0.435114
11.34	-0.3263355
11.345	-0.3263355
11.35	-0.2538165
11.355	-0.2538165
11.36	-0.3263355
11.365	-0.362595
11.37	-0.435114
11.375	-0.4713735
11.38	-0.5438925
11.385	-0.580152
11.39	-0.580152
11.395	-0.5438925
11.4	-0.5438925
11.405	-0.435114
11.41	-0.362595
11.415	-0.2538165
11.42	-0.217557
11.425	-0.1087785
11.43	-0.072519
11.435	-0.072519
11.44	-0.1087785
11.445	-0.1812975
11.45	-0.2538165
11.455	-0.362595
11.46	-0.4713735
11.465	-0.580152
11.47	-0.6164115
11.475	-0.6164115
11.48	-0.580152
11.485	-0.5438925
11.49	-0.4713735
11.495	-0.362595
11.5	-0.3263355
11.505	-0.217557
11.51	-0.1812975
11.515	-0.1087785
11.52	-0.1087785
11.525	-0.1087785
11.53	-0.1812975
11.535	-0.217557
11.54	-0.2538165
11.545	-0.362595
11.55	-0.435114
11.555	-0.4713735
11.56	-0.435114
11.565	-0.435114
11.57	-0.362595
11.575	-0.2538165
11.58	-0.1812975
11.585	-0.072519
11.59	0.0362595
11.595	0.0362595
11.6	0.1087785
11.605	0
11.61	-0.072519
11.615	-0.1812975
11.62	-0.2538165
11.625	-0.362595
11.63	-0.435114
11.635	-0.435114
11.64	-0.435114
11.645	-0.362595
11.65	-0.3263355
11.655	-0.217557
11.66	-0.1087785
11.665	0
11.67	0.1087785
11.675	0.145038
11.68	0.145038
11.685	0.1087785
11.69	0.0362595
11.695	-0.072519
11.7	-0.1812975
11.705	-0.2538165
11.71	-0.362595
11.715	-0.435114
11.72	-0.435114
11.725	-0.435114
11.73	-0.3263355
11.735	-0.2538165
11.74	-0.1812975
11.745	-0.072519
11.75	0
11.755	0
11.76	0
11.765	-0.072519
11.77	-0.1087785
11.775	-0.217557
11.78	-0.3263355
11.785	-0.362595
11.79	-0.4713735
11.795	-0.5438925
11.8	-0.5438925
11.805	-0.5438925
11.81	-0.4713735
11.815	-0.435114
11.82	-0.3263355
11.825	-0.2538165
11.83	-0.217557
11.835	-0.1812975
11.84	-0.1812975
11.845	-0.217557
11.85	-0.2538165
11.855	-0.3263355
11.86	-0.435114
11.865	-0.4713735
11.87	-0.5438925
11.875	-0.5438925
11.88	-0.5438925
11.885	-0.4713735
11.89	-0.362595
11.895	-0.3263355
11.9	-0.217557
11.905	-0.1087785
11.91	-0.072519
11.915	0
11.92	0
11.925	-0.072519
11.93	-0.1812975
11.935	-0.2538165
11.94	-0.3263355
11.945	-0.435114
11.95	-0.4713735
11.955	-0.435114
11.96	-0.362595
11.965	-0.2538165
11.97	-0.1087785
11.975	0
11.98	0.1087785
11.985	0.145038
11.99	0.145038
11.995	0.1087785
12	0
12.005	-0.1812975
12.01	-0.2538165
12.015	-0.3263355
12.02	-0.362595
12.025	-0.362595
12.03	-0.3263355
12.035	-0.217557
12.04	-0.1087785
12.045	0.0362595
12.05	0.217557
12.055	0.290076
12.06	0.3988545
12.065	0.4713735
12.07	0.4713735
12.075	0.362595
12.08	0.2538165
12.085	0.1087785
12.09	-0.072519
12.095	-0.217557
12.1	-0.3263355
12.105	-0.435114
12.11	-0.4713735
12.115	-0.5438925
12.12	-0.5438925
12.125	-0.4713735
12.13	-0.435114
12.135	-0.3263355
12.14	-0.217557
12.145	-0.1087785
12.15	0
12.155	0
12.16	0.0362595
12.165	0
12.17	0
12.175	-0.1087785
12.18	-0.1812975
12.185	-0.2538165
12.19	-0.3263355
12.195	-0.362595
12.2	-0.362595
12.205	-0.3263355
12.21	-0.3263355
12.215	-0.2538165
12.22	-0.217557
12.225	-0.217557
12.23	-0.1812975
12.235	-0.217557
12.24	-0.217557
12.245	-0.2538165
12.25	-0.2538165
12.255	-0.3263355
12.26	-0.3263355
12.265	-0.3263355
12.27	-0.3263355
12.275	-0.2538165
12.28	-0.2538165
12.285	-0.2538165
12.29	-0.2538165
12.295	-0.2538165
12.3	-0.3263355
12.305	-0.362595
12.31	-0.362595
12.315	-0.435114
12.32	-0.4713735
12.325	-0.4713735
12.33	-0.4713735
12.335	-0.4713735
12.34	-0.435114
12.345	-0.362595
12.35	-0.362595
12.355	-0.3263355
12.36	-0.2538165
12.365	-0.2538165
12.37	-0.2538165
12.375	-0.2538165
12.38	-0.2538165
12.385	-0.3263355
12.39	-0.3263355
12.395	-0.3263355
12.4	-0.3263355
12.405	-0.3263355
12.41	-0.2538165
12.415	-0.217557
12.42	-0.1812975
12.425	-0.1087785
12.43	-0.072519
12.435	-0.072519
12.44	-0.072519
12.445	-0.072519
12.45	-0.072519
12.455	-0.1087785
12.46	-0.1812975
12.465	-0.1812975
12.47	-0.217557
12.475	-0.1812975
12.48	-0.1812975
12.485	-0.1812975
12.49	-0.1812975
12.495	-0.1812975
12.5	-0.1812975
12.505	-0.1812975
12.51	-0.217557
12.515	-0.217557
12.52	-0.217557
12.525	-0.217557
12.53	-0.217557
12.535	-0.1812975
12.54	-0.1812975
12.545	-0.1812975
12.55	-0.1812975
12.555	-0.1812975
12.56	-0.1812975
12.565	-0.217557
12.57	-0.217557
12.575	-0.217557
12.58	-0.217557
12.585	-0.217557
12.59	-0.1812975
12.595	-0.1087785
12.6	-0.1087785
12.605	-0.072519
12.61	0
12.615	0
12.62	0
12.625	0
12.63	-0.1087785
12.635	-0.1812975
12.64	-0.2538165
12.645	-0.362595
12.65	-0.435114
12.655	-0.4713735
12.66	-0.4713735
12.665	-0.4713735
12.67	-0.4713735
12.675	-0.362595
12.68	-0.3263355
12.685	-0.217557
12.69	-0.1812975
12.695	-0.1087785
12.7	-0.1087785
12.705	-0.1812975
12.71	-0.1812975
12.715	-0.217557
12.72	-0.2538165
12.725	-0.3263355
12.73	-0.3263355
12.735	-0.362595
12.74	-0.362595
12.745	-0.3263355
12.75	-0.2538165
12.755	-0.2538165
12.76	-0.217557
12.765	-0.217557
12.77	-0.2538165
12.775	-0.3263355
12.78	-0.362595
12.785	-0.435114
12.79	-0.435114
12.795	-0.4713735
12.8	-0.435114
12.805	-0.362595
12.81	-0.3263355
12.815	-0.217557
12.82	-0.1812975
12.825	-0.072519
12.83	0
12.835	0.0362595
12.84	0.0362595
12.845	0.0362595
12.85	0
12.855	-0.1087785
12.86	-0.1812975
12.865	-0.2538165
12.87	-0.3263355
12.875	-0.3263355
12.88	-0.3263355
12.885	-0.2538165
12.89	-0.217557
12.895	-0.1812975
12.9	-0.072519
12.905	0
12.91	0.0362595
12.915	0.0362595
12.92	0
12.925	-0.072519
12.93	-0.1087785
12.935	-0.1812975
12.94	-0.217557
12.945	-0.2538165
12.95	-0.2538165
12.955	-0.217557
12.96	-0.1812975
12.965	-0.1087785
12.97	0
12.975	0.0362595
12.98	0.1087785
12.985	0.1087785
12.99	0.1087785
12.995	0.0362595
13	0
13.005	-0.072519
13.01	-0.1812975
13.015	-0.217557
13.02	-0.217557
13.025	-0.217557
13.03	-0.1812975
13.035	-0.1087785
13.04	-0.1087785
13.045	-0.072519
13.05	-0.072519
13.055	-0.072519
13.06	-0.072519
13.065	-0.072519
13.07	-0.072519
13.075	-0.072519
13.08	-0.072519
13.085	0
13.09	0.0362595
13.095	0.145038
13.1	0.2538165
13.105	0.362595
13.11	0.4713735
13.115	0.507633
13.12	0.507633
13.125	0.3988545
13.13	0.290076
13.135	0.145038
13.14	0
13.145	-0.1812975
13.15	-0.2538165
13.155	-0.3263355
13.16	-0.3263355
13.165	-0.2538165
13.17	-0.1812975
13.175	-0.072519
13.18	0.1087785
13.185	0.217557
13.19	0.2538165
13.195	0.2538165
13.2	0.145038
13.205	0.0362595
13.21	-0.1087785
13.215	-0.3263355
13.22	-0.4713735
13.225	-0.580152
13.23	-0.6164115
13.235	-0.6164115
13.24	-0.6164115
13.245	-0.5438925
13.25	-0.435114
13.255	-0.362595
13.26	-0.2538165
13.265	-0.217557
13.27	-0.1812975
13.275	-0.217557
13.28	-0.217557
13.285	-0.3263355
13.29	-0.362595
13.295	-0.4713735
13.3	-0.5438925
13.305	-0.580152
13.31	-0.6164115
13.315	-0.6164115
13.32	-0.580152
13.325	-0.5438925
13.33	-0.435114
13.335	-0.362595
13.34	-0.2538165
13.345	-0.217557
13.35	-0.217557
13.355	-0.2538165
13.36	-0.3263355
13.365	-0.435114
13.37	-0.5438925
13.375	-0.580152
13.38	-0.6889305
13.385	-0.72519
13.39	-0.72519
13.395	-0.72519
13.4	-0.6889305
13.405	-0.580152
13.41	-0.5438925
13.415	-0.435114
13.42	-0.362595
13.425	-0.3263355
13.43	-0.3263355
13.435	-0.3263355
13.44	-0.362595
13.445	-0.435114
13.45	-0.5438925
13.455	-0.580152
13.46	-0.6164115
13.465	-0.6889305
13.47	-0.6889305
13.475	-0.6164115
13.48	-0.5438925
13.485	-0.4713735
13.49	-0.362595
13.495	-0.2538165
13.5	-0.217557
13.505	-0.217557
13.51	-0.217557
13.515	-0.3263355
13.52	-0.435114
13.525	-0.5438925
13.53	-0.580152
13.535	-0.6164115
13.54	-0.6889305
13.545	-0.6889305
13.55	-0.6164115
13.555	-0.580152
13.56	-0.5438925
13.565	-0.4713735
13.57	-0.362595
13.575	-0.3263355
13.58	-0.3263355
13.585	-0.3263355
13.59	-0.362595
13.595	-0.435114
13.6	-0.4713735
13.605	-0.5438925
13.61	-0.6164115
13.615	-0.6889305
13.62	-0.797709
13.625	-0.797709
13.63	-0.8339685
13.635	-0.797709
13.64	-0.797709
13.645	-0.6889305
13.65	-0.6164115
13.655	-0.5438925
13.66	-0.435114
13.665	-0.362595
13.67	-0.3263355
13.675	-0.2538165
13.68	-0.2538165
13.685	-0.3263355
13.69	-0.362595
13.695	-0.435114
13.7	-0.5438925
13.705	-0.580152
13.71	-0.580152
13.715	-0.580152
13.72	-0.5438925
13.725	-0.4713735
13.73	-0.435114
13.735	-0.362595
13.74	-0.3263355
13.745	-0.3263355
13.75	-0.3263355
13.755	-0.362595
13.76	-0.435114
13.765	-0.5438925
13.77	-0.6164115
13.775	-0.6889305
13.78	-0.72519
13.785	-0.797709
13.79	-0.797709
13.795	-0.72519
13.8	-0.72519
13.805	-0.6164115
13.81	-0.5438925
13.815	-0.435114
13.82	-0.362595
13.825	-0.3263355
13.83	-0.2538165
13.835	-0.3263355
13.84	-0.362595
13.845	-0.435114
13.85	-0.4713735
13.855	-0.580152
13.86	-0.6889305
13.865	-0.6889305
13.87	-0.6889305
13.875	-0.6164115
13.88	-0.580152
13.885	-0.4713735
13.89	-0.435114
13.895	-0.362595
13.9	-0.362595
13.905	-0.3263355
13.91	-0.362595
13.915	-0.435114
13.92	-0.4713735
13.925	-0.5438925
13.93	-0.580152
13.935	-0.6164115
13.94	-0.6164115
13.945	-0.6164115
13.95	-0.6164115
13.955	-0.580152
13.96	-0.5438925
13.965	-0.4713735
13.97	-0.4713735
13.975	-0.4713735
13.98	-0.4713735
13.985	-0.5438925
13.99	-0.5438925
13.995	-0.580152
14	-0.580152
14.005	-0.6164115
14.01	-0.6164115
14.015	-0.6164115
14.02	-0.580152
14.025	-0.5438925
14.03	-0.5438925
14.035	-0.4713735
14.04	-0.4713735
14.045	-0.4713735
14.05	-0.4713735
14.055	-0.4713735
14.06	-0.5438925
14.065	-0.580152
14.07	-0.6164115
14.075	-0.6889305
14.08	-0.72519
14.085	-0.72519
14.09	-0.72519
14.095	-0.6889305
14.1	-0.580152
14.105	-0.5438925
14.11	-0.435114
14.115	-0.362595
14.12	-0.3263355
14.125	-0.3263355
14.13	-0.3263355
14.135	-0.362595
14.14	-0.362595
14.145	-0.435114
14.15	-0.4713735
14.155	-0.5438925
14.16	-0.5438925
14.165	-0.5438925
14.17	-0.4713735
14.175	-0.435114
14.18	-0.362595
14.185	-0.3263355
14.19	-0.2538165
14.195	-0.217557
14.2	-0.1812975
14.205	-0.1812975
14.21	-0.217557
14.215	-0.2538165
14.22	-0.362595
14.225	-0.4713735
14.23	-0.580152
14.235	-0.6889305
14.24	-0.797709
14.245	-0.8339685
14.25	-0.797709
14.255	-0.797709
14.26	-0.6889305
14.265	-0.580152
14.27	-0.5438925
14.275	-0.435114
14.28	-0.362595
14.285	-0.362595
14.29	-0.362595
14.295	-0.362595
14.3	-0.435114
14.305	-0.435114
14.31	-0.4713735
14.315	-0.5438925
14.32	-0.5438925
14.325	-0.5438925
14.33	-0.5438925
14.335	-0.5438925
14.34	-0.4713735
14.345	-0.4713735
14.35	-0.4713735
14.355	-0.4713735
14.36	-0.435114
14.365	-0.435114
14.37	-0.435114
14.375	-0.435114
14.38	-0.435114
14.385	-0.435114
14.39	-0.435114
14.395	-0.435114
14.4	-0.435114
14.405	-0.435114
14.41	-0.435114
14.415	-0.435114
14.42	-0.435114
14.425	-0.435114
14.43	-0.4713735
14.435	-0.4713735
14.44	-0.4713735
14.445	-0.5438925
14.45	-0.5438925
14.455	-0.5438925
14.46	-0.5438925
14.465	-0.5438925
14.47	-0.4713735
14.475	-0.4713735
14.48	-0.435114
14.485	-0.435114
14.49	-0.362595
14.495	-0.362595
14.5	-0.3263355
14.505	-0.2538165
14.51	-0.1812975
14.515	-0.1087785
14.52	0
14.525	0.1087785
14.53	0.145038
14.535	0.145038
14.54	0.145038
14.545	0.1087785
14.55	0.0362595
14.555	-0.072519
14.56	-0.1812975
14.565	-0.2538165
14.57	-0.3263355
14.575	-0.362595
14.58	-0.362595
14.585	-0.3263355
14.59	-0.2538165
14.595	-0.2538165
14.6	-0.217557
14.605	-0.1812975
14.61	-0.1812975
14.615	-0.217557
14.62	-0.217557
14.625	-0.2538165
14.63	-0.3263355
14.635	-0.362595
14.64	-0.435114
14.645	-0.435114
14.65	-0.435114
14.655	-0.435114
14.66	-0.435114
14.665	-0.435114
14.67	-0.362595
14.675	-0.3263355
14.68	-0.2538165
14.685	-0.217557
14.69	-0.1812975
14.695	-0.1087785
14.7	-0.1087785
14.705	-0.072519
14.71	-0.072519
14.715	-0.072519
14.72	-0.1087785
14.725	-0.1087785
14.73	-0.1812975
14.735	-0.217557
14.74	-0.2538165
14.745	-0.3263355
14.75	-0.3263355
14.755	-0.362595
14.76	-0.3263355
14.765	-0.3263355
14.77	-0.2538165
14.775	-0.217557
14.78	-0.1812975
14.785	-0.1087785
14.79	-0.1087785
14.795	-0.1087785
14.8	-0.1087785
14.805	-0.1812975
14.81	-0.217557
14.815	-0.3263355
14.82	-0.362595
14.825	-0.362595
14.83	-0.435114
14.835	-0.362595
14.84	-0.362595
14.845	-0.2538165
14.85	-0.217557
14.855	-0.1812975
14.86	-0.1087785
14.865	-0.072519
14.87	-0.072519
14.875	-0.072519
14.88	-0.1087785
14.885	-0.1812975
14.89	-0.217557
14.895	-0.2538165
14.9	-0.362595
14.905	-0.362595
14.91	-0.435114
14.915	-0.362595
14.92	-0.362595
14.925	-0.3263355
14.93	-0.2538165
14.935	-0.1812975
14.94	-0.1087785
14.945	0
14.95	0.0362595
14.955	0.1087785
14.96	0.1087785
14.965	0.1087785
14.97	0.0362595
14.975	0
14.98	-0.072519
14.985	-0.1087785
14.99	-0.1087785
14.995	-0.1087785
15	-0.1087785
15.005	-0.1087785
15.01	-0.1087785
15.015	-0.072519
15.02	-0.072519
15.025	0
15.03	0.0362595
15.035	0.1087785
15.04	0.145038
15.045	0.217557
15.05	0.217557
15.055	0.2538165
15.06	0.2538165
15.065	0.2538165
15.07	0.217557
15.075	0.145038
15.08	0.0362595
15.085	-0.072519
15.09	-0.1087785
15.095	-0.217557
15.1	-0.2538165
15.105	-0.3263355
15.11	-0.2538165
15.115	-0.217557
15.12	-0.1087785
15.125	0
15.13	0.1087785
15.135	0.217557
15.14	0.217557
15.145	0.217557
15.15	0.145038
15.155	0.1087785
15.16	0
15.165	-0.1087785
15.17	-0.217557
15.175	-0.217557
15.18	-0.2538165
15.185	-0.2538165
15.19	-0.217557
15.195	-0.1087785
15.2	-0.072519
15.205	0.0362595
15.21	0.145038
15.215	0.217557
15.22	0.217557
15.225	0.217557
15.23	0.145038
15.235	0.1087785
15.24	0
15.245	-0.072519
15.25	-0.1087785
15.255	-0.1812975
15.26	-0.217557
15.265	-0.217557
15.27	-0.217557
15.275	-0.1812975
15.28	-0.1812975
15.285	-0.072519
15.29	0
15.295	0.1087785
15.3	0.145038
15.305	0.217557
15.31	0.2538165
15.315	0.2538165
15.32	0.217557
15.325	0.145038
15.33	0.0362595
15.335	-0.072519
15.34	-0.1812975
15.345	-0.217557
15.35	-0.2538165
15.355	-0.217557
15.36	-0.1812975
15.365	-0.1087785
15.37	0
15.375	0.1087785
15.38	0.145038
15.385	0.217557
15.39	0.217557
15.395	0.145038
15.4	0.1087785
15.405	0.0362595
15.41	-0.072519
15.415	-0.1087785
15.42	-0.1812975
15.425	-0.217557
15.43	-0.217557
15.435	-0.217557
15.44	-0.217557
15.445	-0.1812975
15.45	-0.1087785
15.455	-0.072519
15.46	0
15.465	0
15.47	0.0362595
15.475	0.0362595
15.48	0.0362595
15.485	0.1087785
15.49	0.1087785
15.495	0.0362595
15.5	0.0362595
15.505	0.0362595
15.51	0
15.515	0
15.52	0
15.525	0
15.53	0
15.535	0
15.54	0.0362595
15.545	0.1087785
15.55	0.145038
15.555	0.217557
15.56	0.2538165
15.565	0.2538165
15.57	0.2538165
15.575	0.145038
15.58	0.0362595
15.585	-0.072519
15.59	-0.1812975
15.595	-0.2538165
15.6	-0.3263355
15.605	-0.3263355
15.61	-0.3263355
15.615	-0.217557
15.62	-0.1812975
15.625	0
15.63	0.1087785
15.635	0.217557
15.64	0.290076
15.645	0.362595
15.65	0.362595
15.655	0.290076
15.66	0.2538165
15.665	0.217557
15.67	0.1087785
15.675	0
15.68	-0.072519
15.685	-0.1087785
15.69	-0.1812975
15.695	-0.1087785
15.7	-0.1087785
15.705	0
15.71	0.0362595
15.715	0.145038
15.72	0.217557
15.725	0.2538165
15.73	0.2538165
15.735	0.2538165
15.74	0.217557
15.745	0.145038
15.75	0.1087785
15.755	0.0362595
15.76	0
15.765	-0.072519
15.77	-0.1087785
15.775	-0.1812975
15.78	-0.217557
15.785	-0.217557
15.79	-0.217557
15.795	-0.1812975
15.8	-0.1087785
15.805	-0.1087785
15.81	0
15.815	0.0362595
15.82	0.1087785
15.825	0.145038
15.83	0.217557
15.835	0.217557
15.84	0.217557
15.845	0.145038
15.85	0.1087785
15.855	0.0362595
15.86	-0.072519
15.865	-0.1812975
15.87	-0.217557
15.875	-0.217557
15.88	-0.217557
15.885	-0.1812975
15.89	-0.1087785
15.895	-0.072519
15.9	0
15.905	0.0362595
15.91	0.0362595
15.915	0.0362595
15.92	0.0362595
15.925	0
15.93	-0.072519
15.935	-0.072519
15.94	-0.1087785
15.945	-0.1812975
15.95	-0.1812975
15.955	-0.1812975
15.96	-0.1812975
15.965	-0.1812975
15.97	-0.1087785
15.975	-0.1087785
15.98	-0.1087785
15.985	-0.072519
15.99	-0.072519
15.995	-0.072519
16	-0.072519
16.005	-0.1087785
16.01	-0.1087785
16.015	-0.1087785
16.02	-0.1087785
16.025	-0.1087785
16.03	-0.1087785
16.035	-0.1087785
16.04	-0.1087785
16.045	-0.1812975
16.05	-0.1812975
16.055	-0.217557
16.06	-0.217557
16.065	-0.2538165
16.07	-0.2538165
16.075	-0.217557
16.08	-0.217557
16.085	-0.217557
16.09	-0.1812975
16.095	-0.1812975
16.1	-0.1087785
16.105	-0.1087785
16.11	-0.1087785
16.115	-0.1087785
16.12	-0.072519
16.125	-0.072519
16.13	0
16.135	0
16.14	0
16.145	0
16.15	0
16.155	0
16.16	0
16.165	-0.072519
16.17	-0.072519
16.175	-0.072519
16.18	-0.072519
16.185	-0.1087785
16.19	-0.1087785
16.195	-0.1087785
16.2	-0.1087785
16.205	-0.1087785
16.21	-0.1087785
16.215	-0.1087785
16.22	-0.1087785
16.225	-0.1087785
16.23	-0.1087785
16.235	-0.072519
16.24	-0.072519
16.245	-0.072519
16.25	0
16.255	0
16.26	0
16.265	-0.072519
16.27	-0.1087785
16.275	-0.1087785
16.28	-0.1812975
16.285	-0.1812975
16.29	-0.1812975
16.295	-0.1812975
16.3	-0.1812975
16.305	-0.1087785
16.31	-0.1087785
16.315	-0.072519
16.32	-0.072519
16.325	-0.072519
16.33	0
16.335	-0.072519
16.34	-0.072519
16.345	-0.072519
16.35	-0.1087785
16.355	-0.1087785
16.36	-0.1812975
16.365	-0.1812975
16.37	-0.217557
16.375	-0.1812975
16.38	-0.1812975
16.385	-0.1812975
16.39	-0.1087785
16.395	-0.072519
16.4	0
16.405	0.0362595
16.41	0.1087785
16.415	0.1087785
16.42	0.145038
16.425	0.1087785
16.43	0.1087785
16.435	0.1087785
16.44	0.0362595
16.445	0
16.45	-0.072519
16.455	-0.1087785
16.46	-0.1812975
16.465	-0.217557
16.47	-0.217557
16.475	-0.217557
16.48	-0.1812975
16.485	-0.1812975
16.49	-0.1087785
16.495	-0.1087785
16.5	-0.072519
16.505	0
16.51	0
16.515	0.0362595
16.52	0.0362595
16.525	0.0362595
16.53	0
16.535	0
16.54	-0.072519
16.545	-0.1087785
16.55	-0.1812975
16.555	-0.1812975
16.56	-0.1812975
16.565	-0.1812975
16.57	-0.1087785
16.575	-0.072519
16.58	0
16.585	0.0362595
16.59	0.0362595
16.595	0.0362595
16.6	0
16.605	-0.072519
16.61	-0.1087785
16.615	-0.1812975
16.62	-0.1812975
16.625	-0.217557
16.63	-0.217557
16.635	-0.1812975
16.64	-0.1812975
16.645	-0.1087785
16.65	-0.072519
16.655	0
16.66	0
16.665	0
16.67	0
16.675	-0.072519
16.68	-0.1087785
16.685	-0.1812975
16.69	-0.217557
16.695	-0.2538165
16.7	-0.2538165
16.705	-0.2538165
16.71	-0.217557
16.715	-0.217557
16.72	-0.1812975
16.725	-0.1087785
16.73	-0.1087785
16.735	-0.072519
16.74	0
16.745	0
16.75	0
16.755	0
16.76	0
16.765	-0.072519
16.77	-0.072519
16.775	-0.1087785
16.78	-0.1087785
16.785	-0.1087785
16.79	-0.1087785
16.795	-0.1087785
16.8	-0.072519
16.805	-0.072519
16.81	0
16.815	0.0362595
16.82	0.1087785
16.825	0.1087785
16.83	0.145038
16.835	0.145038
16.84	0.145038
16.845	0.1087785
16.85	0.1087785
16.855	0.0362595
16.86	-0.072519
16.865	-0.1087785
16.87	-0.1087785
16.875	-0.1812975
16.88	-0.1812975
16.885	-0.1087785
16.89	-0.1087785
16.895	-0.072519
16.9	0.0362595
16.905	0.0362595
16.91	0.1087785
16.915	0.1087785
16.92	0.0362595
16.925	0
16.93	-0.072519
16.935	-0.1087785
16.94	-0.1812975
16.945	-0.1812975
16.95	-0.1812975
16.955	-0.1812975
16.96	-0.1812975
16.965	-0.1087785
16.97	-0.1087785
16.975	-0.072519
16.98	0
16.985	0.0362595
16.99	0.1087785
16.995	0.1087785
17	0.145038
17.005	0.145038
17.01	0.145038
17.015	0.1087785
17.02	0.1087785
17.025	0.0362595
17.03	0
17.035	-0.072519
