Label: 
0
Label: Event: NEAR-PROBE_SS_08_2014-07-02_A1
-2.96	0.3988545
-2.955	0.3988545
-2.95	0.3988545
-2.945	0.217557
-2.94	0.217557
-2.935	0
-2.93	0
-2.925	0.217557
-2.92	0.217557
-2.915	0.217557
-2.91	0.217557
-2.905	0.217557
-2.9	0.217557
-2.895	0
-2.89	0.217557
-2.885	0.217557
-2.88	0.217557
-2.875	0.217557
-2.87	0.217557
-2.865	0
-2.86	0
-2.855	0
-2.85	0
-2.845	0
-2.84	0
-2.835	0
-2.83	0
-2.825	0
-2.82	0
-2.815	0
-2.81	0
-2.805	-0.217557
-2.8	0
-2.795	0
-2.79	0
-2.785	0
-2.78	0.217557
-2.775	0.217557
-2.77	0
-2.765	0
-2.76	0
-2.755	0
-2.75	0
-2.745	0
-2.74	0
-2.735	0
-2.73	0
-2.725	0
-2.72	0
-2.715	0.217557
-2.71	0.217557
-2.705	0.217557
-2.7	0.217557
-2.695	0.217557
-2.69	0.217557
-2.685	0.3988545
-2.68	0.217557
-2.675	0.217557
-2.67	0.217557
-2.665	0.217557
-2.66	0
-2.655	0
-2.65	0
-2.645	0.217557
-2.64	0.217557
-2.635	0.217557
-2.63	0.217557
-2.625	0.217557
-2.62	0.217557
-2.615	0.217557
-2.61	0.217557
-2.605	0.217557
-2.6	0.217557
-2.595	0.217557
-2.59	0.217557
-2.585	0
-2.58	-0.217557
-2.575	-0.217557
-2.57	-0.217557
-2.565	-0.217557
-2.56	0
-2.555	0
-2.55	0
-2.545	0.217557
-2.54	0.217557
-2.535	0.217557
-2.53	0.217557
-2.525	0
-2.52	0
-2.515	0
-2.51	-0.217557
-2.505	0
-2.5	0
-2.495	0.217557
-2.49	0
-2.485	0.217557
-2.48	0.217557
-2.475	0.217557
-2.47	0.217557
-2.465	0.217557
-2.46	0.217557
-2.455	0.217557
-2.45	0
-2.445	0
-2.44	0
-2.435	0
-2.43	0
-2.425	0
-2.42	0
-2.415	-0.217557
-2.41	0
-2.405	0
-2.4	0
-2.395	0
-2.39	0.217557
-2.385	0.217557
-2.38	0.217557
-2.375	0.217557
-2.37	0.217557
-2.365	0.217557
-2.36	0
-2.355	0
-2.35	0
-2.345	0
-2.34	0
-2.335	0
-2.33	0
-2.325	0
-2.32	0
-2.315	0
-2.31	0
-2.305	0.217557
-2.3	0.217557
-2.295	0
-2.29	0
-2.285	0
-2.28	0
-2.275	-0.217557
-2.27	0
-2.265	0
-2.26	0
-2.255	0
-2.25	0
-2.245	0
-2.24	0
-2.235	0
-2.23	0
-2.225	0
-2.22	0
-2.215	0.217557
-2.21	0
-2.205	0
-2.2	0.217557
-2.195	0.217557
-2.19	0
-2.185	0
-2.18	0
-2.175	-0.217557
-2.17	-0.217557
-2.165	0
-2.16	0
-2.155	0
-2.15	0
-2.145	0
-2.14	0
-2.135	0
-2.13	0
-2.125	0
-2.12	0
-2.115	0.217557
-2.11	0.217557
-2.105	0
-2.1	0
-2.095	0
-2.09	0
-2.085	0
-2.08	0
-2.075	0.217557
-2.07	0.217557
-2.065	0.217557
-2.06	0.217557
-2.055	0
-2.05	0
-2.045	0
-2.04	0
-2.035	0.217557
-2.03	0.217557
-2.025	0.217557
-2.02	0.217557
-2.015	0.217557
-2.01	0.217557
-2.005	0.217557
-2	0.217557
-1.995	0.217557
-1.99	0.217557
-1.985	0
-1.98	0
-1.975	0
-1.97	0
-1.965	0
-1.96	0
-1.955	0
-1.95	0
-1.945	0
-1.94	0
-1.935	-0.217557
-1.93	-0.217557
-1.925	0
-1.92	0
-1.915	0
-1.91	0
-1.905	0
-1.9	0
-1.895	0
-1.89	0
-1.885	0
-1.88	0.217557
-1.875	0.217557
-1.87	0.217557
-1.865	0.217557
-1.86	0
-1.855	-0.217557
-1.85	-0.217557
-1.845	0
-1.84	0
-1.835	0
-1.83	0
-1.825	0
-1.82	0
-1.815	0
-1.81	0
-1.805	0
-1.8	0
-1.795	0
-1.79	0
-1.785	0
-1.78	0
-1.775	0
-1.77	0
-1.765	0.217557
-1.76	0.217557
-1.755	0
-1.75	0.217557
-1.745	0.217557
-1.74	0.217557
-1.735	0.217557
-1.73	0.217557
-1.725	0
-1.72	0
-1.715	0
-1.71	-0.217557
-1.705	-0.217557
-1.7	0
-1.695	0
-1.69	0
-1.685	0.217557
-1.68	0
-1.675	0.217557
-1.67	0
-1.665	0
-1.66	0
-1.655	0.217557
-1.65	0
-1.645	0.217557
-1.64	0.217557
-1.635	0.217557
-1.63	0.217557
-1.625	0.217557
-1.62	0
-1.615	0
-1.61	0
-1.605	0
-1.6	0
-1.595	0
-1.59	0
-1.585	0
-1.58	0
-1.575	0
-1.57	0.217557
-1.565	0
-1.56	0
-1.555	0
-1.55	0
-1.545	0
-1.54	0
-1.535	0
-1.53	0
-1.525	0
-1.52	0
-1.515	0
-1.51	0.217557
-1.505	0.217557
-1.5	0.217557
-1.495	0.217557
-1.49	0.217557
-1.485	0
-1.48	0
-1.475	0
-1.47	0
-1.465	0.217557
-1.46	0.217557
-1.455	0.217557
-1.45	0.217557
-1.445	0.217557
-1.44	0
-1.435	0
-1.43	0
-1.425	0
-1.42	0
-1.415	0.217557
-1.41	0
-1.405	0
-1.4	0
-1.395	0
-1.39	0
-1.385	0
-1.38	0
-1.375	0
-1.37	0
-1.365	0
-1.36	0
-1.355	0
-1.35	0
-1.345	0
-1.34	0
-1.335	0
-1.33	0
-1.325	0
-1.32	0
-1.315	0
-1.31	0.217557
-1.305	0.217557
-1.3	0
-1.295	0
-1.29	0
-1.285	0
-1.28	0
-1.275	0.217557
-1.27	0.217557
-1.265	0.217557
-1.26	0
-1.255	0
-1.25	0
-1.245	0
-1.24	0
-1.235	0
-1.23	0
-1.225	0
-1.22	0
-1.215	0
-1.21	0
-1.205	0
-1.2	0
-1.195	0.217557
-1.19	0.217557
-1.185	0
-1.18	0.217557
-1.175	0.3988545
-1.17	0
-1.165	0
-1.16	0
-1.155	0
-1.15	0
-1.145	0
-1.14	0.217557
-1.135	0.217557
-1.13	0.217557
-1.125	0.217557
-1.12	0
-1.115	0
-1.11	0
-1.105	0
-1.1	0
-1.095	0
-1.09	0
-1.085	0
-1.08	0.217557
-1.075	0
-1.07	0.217557
-1.065	0
-1.06	0
-1.055	-0.217557
-1.05	-0.217557
-1.045	-0.217557
-1.04	0
-1.035	0
-1.03	0
-1.025	0.217557
-1.02	0.217557
-1.015	0.217557
-1.01	0.217557
-1.005	0.217557
-1	0
-0.995	0
-0.99	0
-0.985	0
-0.98	0.217557
-0.975	0.217557
-0.97	0.217557
-0.965	0.217557
-0.96	0.217557
-0.955	0.217557
-0.95	0.217557
-0.945	0
-0.94	0
-0.935	0
-0.93	0
-0.925	0
-0.92	0.217557
-0.915	0.217557
-0.91	0.217557
-0.905	0.217557
-0.9	0
-0.895	-0.217557
-0.89	-0.217557
-0.885	0
-0.88	0
-0.875	0.217557
-0.87	0.217557
-0.865	0.217557
-0.86	0.217557
-0.855	0.217557
-0.85	0.217557
-0.845	0.217557
-0.84	0.217557
-0.835	0.217557
-0.83	0.217557
-0.825	0.217557
-0.82	0.217557
-0.815	0
-0.81	-0.217557
-0.805	-0.217557
-0.8	0
-0.795	-0.217557
-0.79	-0.217557
-0.785	-0.217557
-0.78	0
-0.775	-0.217557
-0.77	0
-0.765	0.217557
-0.76	0.217557
-0.755	0.217557
-0.75	0.217557
-0.745	0.217557
-0.74	0
-0.735	0
-0.73	0
-0.725	0
-0.72	0
-0.715	0
-0.71	0.217557
-0.705	0
-0.7	0.217557
-0.695	0
-0.69	0
-0.685	0.217557
-0.68	0.217557
-0.675	0.217557
-0.67	0.217557
-0.665	0.217557
-0.66	0.217557
-0.655	0.217557
-0.65	0.217557
-0.645	0
-0.64	0
-0.635	0
-0.63	0
-0.625	0
-0.62	0
-0.615	0
-0.61	0
-0.605	0.217557
-0.6	0.217557
-0.595	0
-0.59	0
-0.585	0
-0.58	0
-0.575	0
-0.57	0
-0.565	0
-0.56	0
-0.555	0
-0.55	0
-0.545	0
-0.54	0
-0.535	0
-0.53	0
-0.525	0
-0.52	0
-0.515	0
-0.51	0
-0.505	0
-0.5	0.217557
-0.495	0.217557
-0.49	0.217557
-0.485	0.217557
-0.48	0.217557
-0.475	0
-0.47	0
-0.465	0.217557
-0.46	0.217557
-0.455	0.217557
-0.45	0.217557
-0.445	0.217557
-0.44	0.217557
-0.435	0
-0.43	0
-0.425	0
-0.42	0
-0.415	-0.217557
-0.41	-0.217557
-0.405	0
-0.4	0
-0.395	0
-0.39	0
-0.385	0
-0.38	0
-0.375	-0.217557
-0.37	0
-0.365	0
-0.36	0
-0.355	0
-0.35	0
-0.345	0
-0.34	0
-0.335	0
-0.33	0
-0.325	0.217557
-0.32	0.3988545
-0.315	0.217557
-0.31	0.217557
-0.305	0.217557
-0.3	0
-0.295	0
-0.29	0
-0.285	0
-0.28	0
-0.275	0
-0.27	0.217557
-0.265	0.217557
-0.26	0.217557
-0.255	0.217557
-0.25	0
-0.245	0
-0.24	0
-0.235	0
-0.23	0
-0.225	0.217557
-0.22	0.217557
-0.215	0.3988545
-0.21	0.3988545
-0.205	0.3988545
-0.2	0.217557
-0.195	0.217557
-0.19	0
-0.185	0
-0.18	0
-0.175	0
-0.17	-0.217557
-0.165	-0.217557
-0.16	-0.217557
-0.155	0
-0.15	0
-0.145	0.217557
-0.14	0.217557
-0.135	0.217557
-0.13	0.3988545
-0.125	1.0515255
-0.12	1.45038
-0.115	2.7194625
-0.11	4.786254
-0.105	6.889305
-0.1	8.7385395
-0.095	11.240445
-0.09	13.343496
-0.085	15.011433
-0.08	16.244256
-0.075	17.2957815
-0.07	17.5133385
-0.065	17.2957815
-0.06	16.461813
-0.055	15.6278445
-0.05	14.576319
-0.045	13.561053
-0.04	12.5095275
-0.035	11.458002
-0.03	10.007622
-0.025	8.7385395
-0.02	7.5057165
-0.015	6.454191
-0.01	5.4026655
-0.005	4.568697
0	3.7347285
0.005	3.118317
0.01	2.5019055
0.015	1.667937
0.02	1.0515255
0.025	0.6164115
0.03	0
0.035	-0.435114
0.04	-1.0515255
0.045	-1.2690825
0.05	-1.667937
0.055	-1.885494
0.06	-2.103051
0.065	-2.103051
0.07	-2.2843485
0.075	-2.2843485
0.08	-2.103051
0.085	-2.103051
0.09	-1.885494
0.095	-1.667937
0.1	-1.45038
0.105	-1.45038
0.11	-1.0515255
0.115	-1.0515255
0.12	-1.0515255
0.125	-1.2690825
0.13	-1.2690825
0.135	-1.45038
0.14	-1.667937
0.145	-1.885494
0.15	-2.103051
0.155	-2.103051
0.16	-2.2843485
0.165	-2.103051
0.17	-2.103051
0.175	-1.667937
0.18	-1.45038
0.185	-1.0515255
0.19	-0.435114
0.195	-0.217557
0.2	0
0.205	0.217557
0.21	0.217557
0.215	0.217557
0.22	0.3988545
0.225	0.6164115
0.23	0.8339685
0.235	1.0515255
0.24	1.232823
0.245	1.232823
0.25	1.45038
0.255	1.45038
0.26	1.667937
0.265	1.885494
0.27	2.0667915
0.275	2.5019055
0.28	2.7194625
0.285	2.90076
0.29	3.118317
0.295	3.335874
0.3	3.553431
0.305	3.7347285
0.31	3.7347285
0.315	3.7347285
0.32	3.7347285
0.325	3.553431
0.33	3.335874
0.335	3.335874
0.34	2.90076
0.345	2.7194625
0.35	2.7194625
0.355	2.7194625
0.36	2.5019055
0.365	2.5019055
0.37	2.7194625
0.375	2.90076
0.38	3.118317
0.385	3.335874
0.39	3.7347285
0.395	3.7347285
0.4	3.7347285
0.405	3.7347285
0.41	3.9522855
0.415	3.7347285
0.42	3.7347285
0.425	3.7347285
0.43	3.553431
0.435	3.118317
0.44	2.90076
0.445	2.7194625
0.45	2.7194625
0.455	2.90076
0.46	3.118317
0.465	3.335874
0.47	3.553431
0.475	3.553431
0.48	3.553431
0.485	3.118317
0.49	2.90076
0.495	2.5019055
0.5	2.2843485
0.505	2.0667915
0.51	2.0667915
0.515	2.2843485
0.52	2.2843485
0.525	2.5019055
0.53	2.90076
0.535	3.118317
0.54	3.118317
0.545	3.335874
0.55	3.118317
0.555	2.90076
0.56	2.7194625
0.565	2.2843485
0.57	1.885494
0.575	1.667937
0.58	1.667937
0.585	1.45038
0.59	1.45038
0.595	1.667937
0.6	1.885494
0.605	1.885494
0.61	2.0667915
0.615	2.0667915
0.62	2.0667915
0.625	2.0667915
0.63	1.885494
0.635	2.0667915
0.64	1.885494
0.645	1.667937
0.65	1.667937
0.655	1.45038
0.66	1.45038
0.665	1.45038
0.67	1.45038
0.675	1.667937
0.68	1.667937
0.685	1.667937
0.69	1.885494
0.695	1.885494
0.7	2.0667915
0.705	2.0667915
0.71	2.0667915
0.715	1.885494
0.72	1.667937
0.725	1.45038
0.73	1.0515255
0.735	0.8339685
0.74	0.8339685
0.745	0.8339685
0.75	0.8339685
0.755	0.8339685
0.76	0.8339685
0.765	1.0515255
0.77	0.8339685
0.775	1.0515255
0.78	0.8339685
0.785	1.0515255
0.79	0.8339685
0.795	0.8339685
0.8	0.8339685
0.805	0.8339685
0.81	0.8339685
0.815	1.0515255
0.82	1.0515255
0.825	1.0515255
0.83	1.0515255
0.835	1.232823
0.84	1.232823
0.845	1.232823
0.85	1.232823
0.855	1.232823
0.86	1.232823
0.865	1.0515255
0.87	1.0515255
0.875	1.0515255
0.88	0.8339685
0.885	0.8339685
0.89	0.6164115
0.895	0.6164115
0.9	0.3988545
0.905	0.3988545
0.91	0.3988545
0.915	0.3988545
0.92	0.217557
0.925	0.3988545
0.93	0.3988545
0.935	0.6164115
0.94	0.6164115
0.945	0.8339685
0.95	0.8339685
0.955	0.8339685
0.96	0.8339685
0.965	0.6164115
0.97	0.217557
0.975	0.217557
0.98	0.217557
0.985	-0.217557
0.99	-0.217557
0.995	0
1	0
1.005	0
1.01	0
1.015	0.217557
1.02	0.217557
1.025	0.3988545
1.03	0.3988545
1.035	0.3988545
1.04	0.3988545
1.045	0.3988545
1.05	0.217557
1.055	0.217557
1.06	0
1.065	-0.217557
1.07	-0.217557
1.075	-0.435114
1.08	-0.435114
1.085	-0.435114
1.09	-0.435114
1.095	-0.435114
1.1	-0.435114
1.105	-0.435114
1.11	-0.217557
1.115	-0.435114
1.12	-0.217557
1.125	-0.217557
1.13	-0.217557
1.135	-0.217557
1.14	-0.435114
1.145	-0.435114
1.15	-0.6164115
1.155	-0.8339685
1.16	-1.0515255
1.165	-1.0515255
1.17	-1.2690825
1.175	-1.45038
1.18	-1.45038
1.185	-1.45038
1.19	-1.45038
1.195	-1.45038
1.2	-1.45038
1.205	-1.2690825
1.21	-1.2690825
1.215	-1.2690825
1.22	-1.2690825
1.225	-1.2690825
1.23	-1.45038
1.235	-1.45038
1.24	-1.45038
1.245	-1.45038
1.25	-1.667937
1.255	-1.667937
1.26	-1.667937
1.265	-1.885494
1.27	-1.885494
1.275	-1.885494
1.28	-1.885494
1.285	-2.103051
1.29	-1.885494
1.295	-1.667937
1.3	-1.667937
1.305	-1.667937
1.31	-1.667937
1.315	-1.885494
1.32	-2.103051
1.325	-2.2843485
1.33	-2.2843485
1.335	-2.5019055
1.34	-2.5019055
1.345	-2.7194625
1.35	-2.7194625
1.355	-2.7194625
1.36	-2.7194625
1.365	-2.7194625
1.37	-2.5019055
1.375	-2.5019055
1.38	-2.7194625
1.385	-2.7194625
1.39	-2.5019055
1.395	-2.5019055
1.4	-2.2843485
1.405	-2.2843485
1.41	-2.2843485
1.415	-2.2843485
1.42	-2.2843485
1.425	-2.2843485
1.43	-2.2843485
1.435	-2.2843485
1.44	-2.5019055
1.445	-2.5019055
1.45	-2.5019055
1.455	-2.2843485
1.46	-2.2843485
1.465	-2.2843485
1.47	-2.2843485
1.475	-2.2843485
1.48	-2.103051
1.485	-2.103051
1.49	-1.885494
1.495	-1.885494
1.5	-1.667937
1.505	-1.667937
1.51	-1.667937
1.515	-1.667937
1.52	-1.667937
1.525	-1.667937
1.53	-1.667937
1.535	-1.667937
1.54	-1.885494
1.545	-2.103051
1.55	-2.2843485
1.555	-2.2843485
1.56	-2.2843485
1.565	-1.885494
1.57	-1.45038
1.575	-0.8339685
1.58	-0.435114
1.585	0.217557
1.59	0.6164115
1.595	1.0515255
1.6	1.667937
1.605	2.0667915
1.61	2.2843485
1.615	2.5019055
1.62	2.5019055
1.625	2.2843485
1.63	2.2843485
1.635	1.885494
1.64	1.667937
1.645	1.45038
1.65	1.232823
1.655	1.0515255
1.66	1.0515255
1.665	1.0515255
1.67	1.232823
1.675	1.45038
1.68	1.45038
1.685	1.667937
1.69	1.45038
1.695	1.45038
1.7	1.667937
1.705	2.2843485
1.71	2.7194625
1.715	3.553431
1.72	4.568697
1.725	5.4026655
1.73	6.236634
1.735	6.889305
1.74	7.5057165
1.745	7.5057165
1.75	7.5057165
1.755	7.0706025
1.76	6.454191
1.765	5.8377795
1.77	5.221368
1.775	4.568697
1.78	4.1698425
1.785	3.9522855
1.79	3.553431
1.795	3.553431
1.8	3.7347285
1.805	3.7347285
1.81	3.9522855
1.815	4.1698425
1.82	4.1698425
1.825	3.9522855
1.83	3.7347285
1.835	3.335874
1.84	2.90076
1.845	2.5019055
1.85	2.2843485
1.855	2.0667915
1.86	1.885494
1.865	1.667937
1.87	1.885494
1.875	1.885494
1.88	2.2843485
1.885	2.5019055
1.89	2.90076
1.895	2.90076
1.9	2.90076
1.905	2.7194625
1.91	2.2843485
1.915	1.885494
1.92	1.45038
1.925	1.0515255
1.93	0.6164115
1.935	0.6164115
1.94	0.6164115
1.945	0.8339685
1.95	1.232823
1.955	1.667937
1.96	1.667937
1.965	1.885494
1.97	1.667937
1.975	1.232823
1.98	1.232823
1.985	0.8339685
1.99	0.8339685
1.995	0.8339685
2	1.0515255
2.005	1.0515255
2.01	1.0515255
2.015	1.232823
2.02	1.232823
2.025	1.45038
2.03	1.667937
2.035	1.885494
2.04	2.0667915
2.045	2.0667915
2.05	2.0667915
2.055	1.885494
2.06	1.885494
2.065	1.667937
2.07	1.45038
2.075	1.232823
2.08	1.0515255
2.085	0.8339685
2.09	0.3988545
2.095	0.3988545
2.1	0.3988545
2.105	0.3988545
2.11	0.3988545
2.115	0.6164115
2.12	0.6164115
2.125	0.8339685
2.13	1.0515255
2.135	1.0515255
2.14	1.232823
2.145	1.232823
2.15	1.0515255
2.155	0.8339685
2.16	0.3988545
2.165	0
2.17	-0.435114
2.175	-0.8339685
2.18	-1.0515255
2.185	-1.2690825
2.19	-1.2690825
2.195	-1.2690825
2.2	-1.0515255
2.205	-0.8339685
2.21	-0.435114
2.215	-0.217557
2.22	0.217557
2.225	0.217557
2.23	0.217557
2.235	0
2.24	-0.217557
2.245	-0.435114
2.25	-0.6164115
2.255	-0.8339685
2.26	-1.0515255
2.265	-1.0515255
2.27	-1.0515255
2.275	-0.8339685
2.28	-0.6164115
2.285	-0.435114
2.29	-0.217557
2.295	0
2.3	0.217557
2.305	0.217557
2.31	0.217557
2.315	0.217557
2.32	0
2.325	0
2.33	0
2.335	-0.217557
2.34	-0.217557
2.345	0
2.35	0
2.355	0
2.36	0.217557
2.365	0.3988545
2.37	0.6164115
2.375	0.8339685
2.38	1.0515255
2.385	1.0515255
2.39	1.0515255
2.395	1.0515255
2.4	0.8339685
2.405	0.8339685
2.41	0.6164115
2.415	0.3988545
2.42	0.217557
2.425	0
2.43	-0.217557
2.435	-0.217557
2.44	-0.217557
2.445	-0.217557
2.45	0
2.455	0
2.46	0.217557
2.465	0.3988545
2.47	0.6164115
2.475	0.6164115
2.48	0.3988545
2.485	0.3988545
2.49	0
2.495	-0.217557
2.5	-0.435114
2.505	-0.6164115
2.51	-0.6164115
2.515	-0.6164115
2.52	-0.435114
2.525	-0.217557
2.53	0
2.535	0
2.54	0.217557
2.545	0.217557
2.55	0.217557
2.555	0
2.56	-0.217557
2.565	-0.435114
2.57	-0.6164115
2.575	-1.0515255
2.58	-1.0515255
2.585	-1.2690825
2.59	-1.2690825
2.595	-1.0515255
2.6	-1.0515255
2.605	-1.0515255
2.61	-0.6164115
2.615	-0.435114
2.62	-0.217557
2.625	0
2.63	0.217557
2.635	0.217557
2.64	0.3988545
2.645	0.3988545
2.65	0.6164115
2.655	0.6164115
2.66	0.3988545
2.665	0.217557
2.67	0.217557
2.675	0
2.68	-0.217557
2.685	0
2.69	0
2.695	0
2.7	0.217557
2.705	0.3988545
2.71	0.6164115
2.715	1.0515255
2.72	1.45038
2.725	1.45038
2.73	1.45038
2.735	1.232823
2.74	1.0515255
2.745	1.0515255
2.75	0.8339685
2.755	0.8339685
2.76	1.0515255
2.765	1.0515255
2.77	1.232823
2.775	1.45038
2.78	1.885494
2.785	1.885494
2.79	1.885494
2.795	1.667937
2.8	1.232823
2.805	0.8339685
2.81	0.6164115
2.815	0.3988545
2.82	0.217557
2.825	0.217557
2.83	0.217557
2.835	0.3988545
2.84	0.6164115
2.845	1.0515255
2.85	1.232823
2.855	1.45038
2.86	1.232823
2.865	1.0515255
2.87	0.6164115
2.875	0.3988545
2.88	0
2.885	-0.217557
2.89	-0.435114
2.895	-0.435114
2.9	-0.435114
2.905	-0.217557
2.91	-0.217557
2.915	0
2.92	0.217557
2.925	0.3988545
2.93	0.3988545
2.935	0.3988545
2.94	0.3988545
2.945	0.3988545
2.95	0.217557
2.955	0.217557
2.96	0.217557
2.965	0.217557
2.97	0.217557
2.975	0.217557
2.98	0.3988545
2.985	0.6164115
2.99	0.8339685
2.995	1.0515255
3	1.0515255
3.005	0.8339685
3.01	0.6164115
3.015	0.217557
3.02	0
3.025	-0.217557
3.03	-0.435114
3.035	-0.6164115
3.04	-0.6164115
3.045	-0.6164115
3.05	-0.435114
3.055	-0.217557
3.06	-0.217557
3.065	0
3.07	0
3.075	0
3.08	0
3.085	0
3.09	0
3.095	-0.217557
3.1	-0.435114
3.105	-0.435114
3.11	-0.435114
3.115	-0.435114
3.12	-0.435114
3.125	-0.435114
3.13	-0.435114
3.135	-0.435114
3.14	-0.6164115
3.145	-0.8339685
3.15	-0.8339685
3.155	-0.8339685
3.16	-0.8339685
3.165	-0.8339685
3.17	-0.6164115
3.175	-0.8339685
3.18	-0.8339685
3.185	-0.8339685
3.19	-1.0515255
3.195	-1.0515255
3.2	-1.0515255
3.205	-1.2690825
3.21	-1.2690825
3.215	-1.45038
3.22	-1.667937
3.225	-1.667937
3.23	-1.885494
3.235	-1.667937
3.24	-1.667937
3.245	-1.45038
3.25	-1.45038
3.255	-1.2690825
3.26	-1.2690825
3.265	-1.2690825
3.27	-1.2690825
3.275	-1.2690825
3.28	-1.2690825
3.285	-1.45038
3.29	-1.667937
3.295	-1.667937
3.3	-1.667937
3.305	-1.667937
3.31	-1.667937
3.315	-1.667937
3.32	-1.667937
3.325	-1.667937
3.33	-1.667937
3.335	-1.667937
3.34	-1.667937
3.345	-1.667937
3.35	-1.667937
3.355	-1.667937
3.36	-1.667937
3.365	-1.885494
3.37	-1.885494
3.375	-1.885494
3.38	-2.103051
3.385	-2.103051
3.39	-1.885494
3.395	-1.667937
3.4	-1.45038
3.405	-1.45038
3.41	-1.45038
3.415	-1.45038
3.42	-1.45038
3.425	-1.45038
3.43	-1.45038
3.435	-1.45038
3.44	-1.2690825
3.445	-1.0515255
3.45	-0.8339685
3.455	-0.435114
3.46	-0.217557
3.465	0
3.47	0
3.475	0
3.48	-0.217557
3.485	-0.435114
3.49	-0.6164115
3.495	-0.8339685
3.5	-1.0515255
3.505	-1.2690825
3.51	-1.0515255
3.515	-1.0515255
3.52	-0.8339685
3.525	-0.435114
3.53	-0.217557
3.535	-0.217557
3.54	-0.217557
3.545	-0.217557
3.55	-0.6164115
3.555	-0.8339685
3.56	-1.2690825
3.565	-1.45038
3.57	-1.667937
3.575	-1.885494
3.58	-1.885494
3.585	-1.667937
3.59	-1.667937
3.595	-1.45038
3.6	-1.2690825
3.605	-1.2690825
3.61	-1.0515255
3.615	-1.0515255
3.62	-0.8339685
3.625	-0.8339685
3.63	-1.0515255
3.635	-1.0515255
3.64	-1.2690825
3.645	-1.45038
3.65	-1.667937
3.655	-1.667937
3.66	-2.103051
3.665	-2.103051
3.67	-2.2843485
3.675	-2.5019055
3.68	-2.5019055
3.685	-2.7194625
3.69	-2.5019055
3.695	-2.5019055
3.7	-2.2843485
3.705	-2.103051
3.71	-1.885494
3.715	-1.885494
3.72	-1.667937
3.725	-1.667937
3.73	-1.667937
3.735	-1.667937
3.74	-1.667937
3.745	-1.885494
3.75	-2.103051
3.755	-2.2843485
3.76	-2.2843485
3.765	-2.7194625
3.77	-2.7194625
3.775	-2.9370195
3.78	-2.9370195
3.785	-2.9370195
3.79	-2.7194625
3.795	-2.5019055
3.8	-2.2843485
3.805	-2.103051
3.81	-1.667937
3.815	-1.667937
3.82	-1.667937
3.825	-1.667937
3.83	-1.885494
3.835	-2.103051
3.84	-2.2843485
3.845	-2.2843485
3.85	-2.2843485
3.855	-2.5019055
3.86	-2.5019055
3.865	-2.2843485
3.87	-2.2843485
3.875	-2.103051
3.88	-1.885494
3.885	-1.667937
3.89	-1.667937
3.895	-1.885494
3.9	-1.885494
3.905	-2.103051
3.91	-2.5019055
3.915	-2.5019055
3.92	-2.7194625
3.925	-2.7194625
3.93	-2.9370195
3.935	-2.7194625
3.94	-2.7194625
3.945	-2.5019055
3.95	-2.5019055
3.955	-2.5019055
3.96	-2.5019055
3.965	-2.7194625
3.97	-2.7194625
3.975	-2.7194625
3.98	-2.7194625
3.985	-2.7194625
3.99	-2.7194625
3.995	-2.5019055
4	-2.5019055
4.005	-2.5019055
4.01	-2.2843485
4.015	-2.2843485
4.02	-2.103051
4.025	-2.103051
4.03	-2.103051
4.035	-2.103051
4.04	-2.103051
4.045	-2.103051
4.05	-2.2843485
4.055	-2.2843485
4.06	-2.2843485
4.065	-2.2843485
4.07	-2.2843485
4.075	-2.2843485
4.08	-2.2843485
4.085	-2.103051
4.09	-2.103051
4.095	-2.103051
4.1	-1.885494
4.105	-1.885494
4.11	-1.885494
4.115	-1.885494
4.12	-2.103051
4.125	-2.103051
4.13	-2.103051
4.135	-2.103051
4.14	-2.103051
4.145	-2.103051
4.15	-1.885494
4.155	-1.885494
4.16	-1.885494
4.165	-1.885494
4.17	-1.885494
4.175	-1.885494
4.18	-1.885494
4.185	-1.885494
4.19	-1.885494
4.195	-1.667937
4.2	-1.45038
4.205	-1.2690825
4.21	-1.0515255
4.215	-0.8339685
4.22	-0.435114
4.225	-0.435114
4.23	-0.435114
4.235	-0.435114
4.24	-0.6164115
4.245	-0.8339685
4.25	-1.0515255
4.255	-1.2690825
4.26	-1.2690825
4.265	-1.2690825
4.27	-1.0515255
4.275	-1.0515255
4.28	-0.8339685
4.285	-0.8339685
4.29	-0.8339685
4.295	-0.8339685
4.3	-0.8339685
4.305	-1.0515255
4.31	-1.0515255
4.315	-1.0515255
4.32	-1.0515255
4.325	-1.0515255
4.33	-0.8339685
4.335	-0.6164115
4.34	-0.6164115
4.345	-0.435114
4.35	-0.217557
4.355	-0.217557
4.36	-0.217557
4.365	-0.435114
4.37	-0.6164115
4.375	-0.8339685
4.38	-1.0515255
4.385	-1.0515255
4.39	-1.2690825
4.395	-1.2690825
4.4	-1.2690825
4.405	-1.0515255
4.41	-0.8339685
4.415	-0.435114
4.42	0
4.425	0.3988545
4.43	0.6164115
4.435	1.0515255
4.44	1.0515255
4.445	1.232823
4.45	1.0515255
4.455	0.6164115
4.46	0.3988545
4.465	0
4.47	-0.217557
4.475	-0.217557
4.48	-0.435114
4.485	-0.435114
4.49	-0.6164115
4.495	-0.435114
4.5	-0.217557
4.505	0
4.51	0.217557
4.515	0.6164115
4.52	0.6164115
4.525	0.6164115
4.53	0.6164115
4.535	0.3988545
4.54	0.217557
4.545	0
4.55	-0.217557
4.555	-0.435114
4.56	-0.435114
4.565	-0.6164115
4.57	-0.6164115
4.575	-0.6164115
4.58	-0.6164115
4.585	-0.435114
4.59	-0.217557
4.595	0
4.6	0
4.605	0
4.61	0
4.615	0
4.62	-0.435114
4.625	-0.6164115
4.63	-0.8339685
4.635	-1.0515255
4.64	-1.2690825
4.645	-1.2690825
4.65	-1.2690825
4.655	-1.0515255
4.66	-0.8339685
4.665	-0.8339685
4.67	-0.6164115
4.675	-0.435114
4.68	-0.217557
4.685	-0.217557
4.69	-0.217557
4.695	-0.435114
4.7	-0.435114
4.705	-0.6164115
4.71	-0.8339685
4.715	-0.8339685
4.72	-1.0515255
4.725	-1.2690825
4.73	-1.45038
4.735	-1.45038
4.74	-1.667937
4.745	-1.667937
4.75	-1.667937
4.755	-1.667937
4.76	-1.667937
4.765	-1.667937
4.77	-1.667937
4.775	-1.667937
4.78	-1.667937
4.785	-1.667937
4.79	-1.45038
4.795	-1.2690825
4.8	-1.2690825
4.805	-1.2690825
4.81	-0.8339685
4.815	-1.0515255
4.82	-1.0515255
4.825	-1.0515255
4.83	-1.0515255
4.835	-1.2690825
4.84	-1.0515255
4.845	-0.8339685
4.85	-0.8339685
4.855	-0.6164115
4.86	-0.217557
4.865	-0.217557
4.87	0
4.875	0.217557
4.88	0.3988545
4.885	0
4.89	0
4.895	-0.217557
4.9	-0.217557
4.905	-0.435114
4.91	-0.435114
4.915	-0.6164115
4.92	-0.6164115
4.925	-0.8339685
4.93	-0.8339685
4.935	-0.8339685
4.94	-0.6164115
4.945	-0.435114
4.95	-0.217557
4.955	0
4.96	0
4.965	0.217557
4.97	0.217557
4.975	0.3988545
4.98	0.217557
4.985	0.217557
4.99	0.217557
4.995	0.217557
5	0.217557
5.005	0.217557
5.01	0.217557
5.015	0.217557
5.02	0.217557
5.025	0
5.03	-0.217557
5.035	-0.435114
5.04	-0.435114
5.045	-0.6164115
5.05	-0.6164115
5.055	-0.6164115
5.06	-0.435114
5.065	-0.6164115
5.07	-0.435114
5.075	-0.6164115
5.08	-0.8339685
5.085	-0.8339685
5.09	-0.8339685
5.095	-1.0515255
5.1	-1.2690825
5.105	-1.2690825
5.11	-1.45038
5.115	-1.45038
5.12	-1.45038
5.125	-1.45038
5.13	-1.2690825
5.135	-1.2690825
5.14	-1.0515255
5.145	-1.0515255
5.15	-1.0515255
5.155	-1.0515255
5.16	-1.2690825
5.165	-1.2690825
5.17	-1.2690825
5.175	-1.2690825
5.18	-1.2690825
5.185	-1.2690825
5.19	-1.2690825
5.195	-1.2690825
5.2	-1.2690825
5.205	-1.2690825
5.21	-1.2690825
5.215	-1.2690825
5.22	-1.2690825
5.225	-1.45038
5.23	-1.45038
5.235	-1.2690825
5.24	-1.0515255
5.245	-1.0515255
5.25	-0.8339685
5.255	-0.8339685
5.26	-0.8339685
5.265	-1.0515255
5.27	-1.0515255
5.275	-1.0515255
5.28	-1.2690825
5.285	-1.2690825
5.29	-1.2690825
5.295	-1.45038
5.3	-1.45038
5.305	-1.45038
5.31	-1.45038
5.315	-1.45038
5.32	-1.667937
5.325	-1.667937
5.33	-1.667937
5.335	-1.667937
5.34	-1.667937
5.345	-1.45038
5.35	-1.45038
5.355	-1.45038
5.36	-1.45038
5.365	-1.2690825
5.37	-1.2690825
5.375	-1.2690825
5.38	-1.2690825
5.385	-1.45038
5.39	-1.45038
5.395	-1.45038
5.4	-1.667937
5.405	-1.667937
5.41	-1.885494
5.415	-1.885494
5.42	-1.885494
5.425	-1.885494
5.43	-1.885494
5.435	-1.667937
5.44	-1.667937
5.445	-1.45038
5.45	-1.45038
5.455	-1.0515255
5.46	-1.2690825
5.465	-1.2690825
5.47	-1.2690825
5.475	-1.2690825
5.48	-1.45038
5.485	-1.667937
5.49	-1.667937
5.495	-1.885494
5.5	-1.885494
5.505	-1.885494
5.51	-1.667937
5.515	-1.667937
5.52	-1.45038
5.525	-1.45038
5.53	-1.2690825
5.535	-1.0515255
5.54	-1.0515255
5.545	-1.0515255
5.55	-1.0515255
5.555	-1.0515255
5.56	-1.2690825
5.565	-1.2690825
5.57	-1.2690825
5.575	-1.45038
5.58	-1.45038
5.585	-1.667937
5.59	-1.667937
5.595	-1.667937
5.6	-1.667937
5.605	-1.667937
5.61	-1.667937
5.615	-1.667937
5.62	-1.667937
5.625	-1.45038
5.63	-1.45038
5.635	-1.45038
5.64	-1.45038
5.645	-1.45038
5.65	-1.45038
5.655	-1.2690825
5.66	-1.2690825
5.665	-1.45038
5.67	-1.2690825
5.675	-1.45038
5.68	-1.45038
5.685	-1.45038
5.69	-1.45038
5.695	-1.45038
5.7	-1.45038
5.705	-1.45038
5.71	-1.2690825
5.715	-1.2690825
5.72	-1.2690825
5.725	-1.0515255
5.73	-1.0515255
5.735	-0.8339685
5.74	-0.8339685
5.745	-0.6164115
5.75	-0.6164115
5.755	-0.6164115
5.76	-0.6164115
5.765	-0.8339685
5.77	-1.0515255
5.775	-1.0515255
5.78	-1.0515255
5.785	-1.2690825
5.79	-1.0515255
5.795	-1.0515255
5.8	-1.0515255
5.805	-1.0515255
5.81	-0.8339685
5.815	-0.8339685
5.82	-0.8339685
5.825	-0.8339685
5.83	-0.8339685
5.835	-0.8339685
5.84	-0.8339685
5.845	-0.8339685
5.85	-0.8339685
5.855	-0.8339685
5.86	-0.8339685
5.865	-0.8339685
5.87	-0.8339685
5.875	-1.0515255
5.88	-1.0515255
5.885	-0.8339685
5.89	-0.8339685
5.895	-0.8339685
5.9	-0.8339685
5.905	-0.6164115
5.91	-0.8339685
5.915	-0.8339685
5.92	-0.8339685
5.925	-0.8339685
5.93	-0.8339685
5.935	-1.0515255
5.94	-0.8339685
5.945	-0.6164115
5.95	-0.6164115
5.955	-0.6164115
5.96	-0.6164115
5.965	-0.6164115
5.97	-0.6164115
5.975	-0.6164115
5.98	-0.6164115
5.985	-0.8339685
5.99	-0.8339685
5.995	-1.0515255
6	-1.0515255
6.005	-0.8339685
6.01	-0.8339685
6.015	-0.6164115
6.02	-0.6164115
6.025	-0.6164115
6.03	-0.6164115
6.035	-0.8339685
6.04	-0.6164115
6.045	-0.8339685
6.05	-0.8339685
6.055	-1.0515255
6.06	-1.45038
6.065	-1.667937
6.07	-1.885494
6.075	-1.885494
6.08	-1.885494
6.085	-1.885494
6.09	-2.103051
6.095	-1.885494
6.1	-1.885494
6.105	-1.885494
6.11	-1.885494
6.115	-1.667937
6.12	-1.667937
6.125	-1.667937
6.13	-1.667937
6.135	-1.667937
6.14	-1.667937
6.145	-1.667937
6.15	-1.885494
6.155	-1.885494
6.16	-1.885494
6.165	-1.885494
6.17	-1.885494
6.175	-1.667937
6.18	-1.45038
6.185	-1.2690825
6.19	-1.2690825
6.195	-1.0515255
6.2	-1.2690825
6.205	-1.0515255
6.21	-1.0515255
6.215	-1.0515255
6.22	-1.2690825
6.225	-1.2690825
6.23	-1.45038
6.235	-1.45038
6.24	-1.667937
6.245	-1.885494
6.25	-1.885494
6.255	-1.885494
6.26	-1.885494
6.265	-1.667937
6.27	-1.45038
6.275	-1.45038
6.28	-1.45038
6.285	-1.45038
6.29	-1.667937
6.295	-1.667937
6.3	-1.667937
6.305	-1.667937
6.31	-1.667937
6.315	-1.667937
6.32	-1.885494
6.325	-1.885494
6.33	-1.667937
6.335	-1.667937
6.34	-1.667937
6.345	-1.667937
6.35	-1.667937
6.355	-1.667937
6.36	-1.667937
6.365	-1.667937
6.37	-1.667937
6.375	-1.667937
6.38	-1.45038
6.385	-1.45038
6.39	-1.45038
6.395	-1.2690825
6.4	-1.0515255
6.405	-1.0515255
6.41	-1.0515255
6.415	-0.8339685
6.42	-1.0515255
6.425	-1.2690825
6.43	-1.2690825
6.435	-1.2690825
6.44	-1.45038
6.445	-1.45038
6.45	-1.2690825
6.455	-1.2690825
6.46	-1.0515255
6.465	-0.8339685
6.47	-0.8339685
6.475	-0.6164115
6.48	-0.6164115
6.485	-0.8339685
6.49	-1.0515255
6.495	-1.2690825
6.5	-1.45038
6.505	-1.667937
6.51	-1.885494
6.515	-1.885494
6.52	-1.667937
6.525	-1.667937
6.53	-1.667937
6.535	-1.667937
6.54	-1.45038
6.545	-1.45038
6.55	-1.45038
6.555	-1.2690825
6.56	-1.2690825
6.565	-1.45038
6.57	-1.45038
6.575	-1.667937
6.58	-1.667937
6.585	-1.667937
6.59	-1.45038
6.595	-1.45038
6.6	-1.2690825
6.605	-1.2690825
6.61	-1.2690825
6.615	-1.2690825
6.62	-1.2690825
6.625	-1.45038
6.63	-1.667937
6.635	-1.667937
6.64	-1.885494
6.645	-1.885494
6.65	-1.885494
6.655	-1.667937
6.66	-1.45038
6.665	-1.45038
6.67	-1.2690825
6.675	-1.2690825
6.68	-1.2690825
6.685	-1.2690825
6.69	-1.2690825
6.695	-1.2690825
6.7	-1.2690825
6.705	-1.45038
6.71	-1.45038
6.715	-1.45038
6.72	-1.45038
6.725	-1.667937
6.73	-1.45038
6.735	-1.45038
6.74	-1.667937
6.745	-1.667937
6.75	-1.667937
6.755	-1.885494
6.76	-1.885494
6.765	-1.667937
6.77	-1.667937
6.775	-1.45038
6.78	-1.45038
6.785	-1.45038
6.79	-1.45038
6.795	-1.667937
6.8	-1.885494
6.805	-1.885494
6.81	-2.103051
6.815	-2.103051
6.82	-2.103051
6.825	-2.103051
6.83	-2.103051
6.835	-1.885494
6.84	-1.885494
6.845	-1.885494
6.85	-1.667937
6.855	-1.667937
6.86	-1.667937
6.865	-1.885494
6.87	-1.885494
6.875	-1.885494
6.88	-2.103051
6.885	-2.2843485
6.89	-2.2843485
6.895	-2.2843485
6.9	-2.2843485
6.905	-2.2843485
6.91	-2.2843485
6.915	-2.103051
6.92	-2.103051
6.925	-2.103051
6.93	-2.103051
6.935	-1.885494
6.94	-1.885494
6.945	-2.103051
6.95	-2.103051
6.955	-2.103051
6.96	-2.2843485
6.965	-2.2843485
6.97	-2.2843485
6.975	-2.5019055
6.98	-2.2843485
6.985	-2.2843485
6.99	-1.885494
6.995	-1.885494
7	-1.885494
7.005	-1.885494
7.01	-1.885494
7.015	-1.885494
7.02	-1.885494
7.025	-2.103051
7.03	-2.2843485
7.035	-2.2843485
7.04	-2.5019055
7.045	-2.5019055
7.05	-2.5019055
7.055	-2.2843485
7.06	-2.2843485
7.065	-2.103051
7.07	-1.885494
7.075	-1.667937
7.08	-1.667937
7.085	-1.45038
7.09	-1.45038
7.095	-1.45038
7.1	-1.667937
7.105	-1.667937
7.11	-1.885494
7.115	-2.103051
7.12	-2.2843485
7.125	-2.2843485
7.13	-2.2843485
7.135	-2.103051
7.14	-2.103051
7.145	-1.885494
7.15	-1.667937
7.155	-1.667937
7.16	-1.45038
7.165	-1.45038
7.17	-1.45038
7.175	-1.45038
7.18	-1.45038
7.185	-1.667937
7.19	-1.885494
7.195	-1.885494
7.2	-2.103051
7.205	-2.103051
7.21	-2.103051
7.215	-2.103051
7.22	-1.885494
7.225	-1.667937
7.23	-1.667937
7.235	-1.45038
7.24	-1.45038
7.245	-1.45038
7.25	-1.667937
7.255	-1.667937
7.26	-1.667937
7.265	-1.885494
7.27	-1.885494
7.275	-1.667937
7.28	-1.885494
7.285	-1.885494
7.29	-1.667937
7.295	-1.667937
7.3	-1.2690825
7.305	-1.2690825
7.31	-1.0515255
7.315	-1.0515255
7.32	-1.2690825
7.325	-1.2690825
7.33	-1.45038
7.335	-1.667937
7.34	-1.885494
7.345	-1.885494
7.35	-1.885494
7.355	-1.885494
7.36	-1.885494
7.365	-1.885494
7.37	-1.667937
7.375	-1.45038
7.38	-1.45038
7.385	-1.2690825
7.39	-1.2690825
7.395	-1.2690825
7.4	-1.2690825
7.405	-1.45038
7.41	-1.667937
7.415	-1.885494
7.42	-1.885494
7.425	-1.885494
7.43	-1.885494
7.435	-1.885494
7.44	-1.667937
7.445	-1.45038
7.45	-1.45038
7.455	-1.2690825
7.46	-1.2690825
7.465	-1.0515255
7.47	-1.0515255
7.475	-1.0515255
7.48	-1.2690825
7.485	-1.45038
7.49	-1.667937
7.495	-1.667937
7.5	-1.885494
7.505	-1.885494
7.51	-1.885494
7.515	-1.885494
7.52	-1.885494
7.525	-1.667937
7.53	-1.45038
7.535	-1.2690825
7.54	-1.0515255
7.545	-1.0515255
7.55	-1.0515255
7.555	-1.0515255
7.56	-1.0515255
7.565	-1.2690825
7.57	-1.2690825
7.575	-1.45038
7.58	-1.667937
7.585	-1.667937
7.59	-1.667937
7.595	-1.667937
7.6	-1.667937
7.605	-1.45038
7.61	-1.2690825
7.615	-1.0515255
7.62	-0.8339685
7.625	-0.8339685
7.63	-0.6164115
7.635	-0.6164115
7.64	-0.6164115
7.645	-0.435114
7.65	-0.435114
7.655	-0.217557
7.66	-0.217557
7.665	-0.435114
7.67	-0.435114
7.675	-0.6164115
7.68	-0.8339685
7.685	-0.8339685
7.69	-0.8339685
7.695	-0.8339685
7.7	-0.8339685
7.705	-0.6164115
7.71	-0.435114
7.715	-0.217557
7.72	0
7.725	0
7.73	0
7.735	0
7.74	-0.217557
7.745	-0.435114
7.75	-0.217557
7.755	-0.435114
7.76	-0.435114
7.765	-0.435114
7.77	-0.217557
7.775	-0.435114
7.78	-0.435114
7.785	-0.217557
7.79	-0.217557
7.795	-0.217557
7.8	-0.435114
7.805	-0.435114
7.81	-0.435114
7.815	-0.435114
7.82	-0.6164115
7.825	-0.6164115
7.83	-0.6164115
7.835	-0.8339685
7.84	-0.8339685
7.845	-0.6164115
7.85	-0.6164115
7.855	-0.435114
7.86	-0.435114
7.865	-0.217557
7.87	-0.217557
7.875	-0.217557
7.88	-0.217557
7.885	-0.217557
7.89	-0.435114
7.895	-0.435114
7.9	-0.435114
7.905	-0.435114
7.91	-0.6164115
7.915	-0.6164115
7.92	-0.8339685
7.925	-0.8339685
7.93	-1.0515255
7.935	-1.0515255
7.94	-0.8339685
7.945	-0.8339685
7.95	-0.6164115
7.955	-0.435114
7.96	-0.435114
7.965	-0.217557
7.97	-0.217557
7.975	-0.435114
7.98	-0.435114
7.985	-0.435114
7.99	-0.435114
7.995	-0.435114
8	-0.217557
8.005	-0.217557
8.01	0
8.015	-0.217557
8.02	-0.217557
8.025	-0.217557
8.03	-0.435114
8.035	-0.6164115
8.04	-0.6164115
8.045	-0.8339685
8.05	-0.8339685
8.055	-0.8339685
8.06	-0.8339685
8.065	-0.8339685
8.07	-0.435114
8.075	-0.435114
8.08	-0.217557
8.085	0
8.09	0
8.095	0
8.1	-0.217557
8.105	-0.435114
8.11	-0.6164115
8.115	-0.8339685
8.12	-1.0515255
8.125	-1.2690825
8.13	-1.2690825
8.135	-1.0515255
8.14	-0.8339685
8.145	-0.6164115
8.15	-0.435114
8.155	-0.217557
8.16	-0.217557
8.165	-0.217557
8.17	-0.435114
8.175	-0.6164115
8.18	-0.8339685
8.185	-1.2690825
8.19	-1.2690825
8.195	-1.2690825
8.2	-1.2690825
8.205	-1.2690825
8.21	-1.0515255
8.215	-1.0515255
8.22	-0.8339685
8.225	-0.8339685
8.23	-1.0515255
8.235	-0.8339685
8.24	-1.0515255
8.245	-1.2690825
8.25	-1.2690825
8.255	-1.2690825
8.26	-1.45038
8.265	-1.45038
8.27	-1.2690825
8.275	-1.2690825
8.28	-1.0515255
8.285	-1.0515255
8.29	-0.8339685
8.295	-0.8339685
8.3	-0.8339685
8.305	-1.0515255
8.31	-1.0515255
8.315	-1.0515255
8.32	-1.2690825
8.325	-1.2690825
8.33	-1.2690825
8.335	-1.2690825
8.34	-1.0515255
8.345	-1.0515255
8.35	-0.8339685
8.355	-0.8339685
8.36	-0.8339685
8.365	-0.8339685
8.37	-0.8339685
8.375	-1.0515255
8.38	-1.0515255
8.385	-1.0515255
8.39	-1.0515255
8.395	-1.0515255
8.4	-1.0515255
8.405	-1.0515255
8.41	-1.0515255
8.415	-1.0515255
8.42	-0.8339685
8.425	-0.8339685
8.43	-0.8339685
8.435	-1.0515255
8.44	-1.0515255
8.445	-1.2690825
8.45	-1.2690825
8.455	-1.45038
8.46	-1.2690825
8.465	-1.2690825
8.47	-1.2690825
8.475	-1.0515255
8.48	-0.8339685
8.485	-0.6164115
8.49	-0.435114
8.495	-0.435114
8.5	-0.217557
8.505	-0.217557
8.51	-0.217557
8.515	-0.435114
8.52	-0.435114
8.525	-0.6164115
8.53	-0.6164115
8.535	-0.6164115
8.54	-0.8339685
8.545	-0.8339685
8.55	-0.8339685
8.555	-0.8339685
8.56	-0.6164115
8.565	-0.6164115
8.57	-0.435114
8.575	-0.435114
8.58	-0.435114
8.585	-0.435114
8.59	-0.435114
8.595	-0.435114
8.6	-0.435114
8.605	-0.435114
8.61	-0.435114
8.615	-0.435114
8.62	-0.6164115
8.625	-0.6164115
8.63	-0.8339685
8.635	-1.0515255
8.64	-1.0515255
8.645	-1.0515255
8.65	-1.2690825
8.655	-1.2690825
8.66	-1.0515255
8.665	-0.8339685
8.67	-0.8339685
8.675	-0.6164115
8.68	-0.435114
8.685	-0.435114
8.69	-0.217557
8.695	-0.217557
8.7	-0.217557
8.705	-0.217557
8.71	-0.217557
8.715	-0.435114
8.72	-0.6164115
8.725	-0.8339685
8.73	-1.0515255
8.735	-1.2690825
8.74	-1.0515255
8.745	-1.0515255
8.75	-0.8339685
8.755	-0.6164115
8.76	-0.435114
8.765	-0.217557
8.77	-0.217557
8.775	-0.435114
8.78	-0.435114
8.785	-0.6164115
8.79	-0.6164115
8.795	-0.8339685
8.8	-0.8339685
8.805	-0.8339685
8.81	-0.8339685
8.815	-0.8339685
8.82	-0.6164115
8.825	-0.435114
8.83	-0.217557
8.835	-0.217557
8.84	0
8.845	0
8.85	0
8.855	0
8.86	-0.217557
8.865	-0.435114
8.87	-0.435114
8.875	-0.6164115
8.88	-0.8339685
8.885	-1.0515255
8.89	-1.0515255
8.895	-1.2690825
8.9	-1.2690825
8.905	-1.0515255
8.91	-0.8339685
8.915	-0.8339685
8.92	-0.6164115
8.925	-0.435114
8.93	-0.435114
8.935	-0.217557
8.94	-0.217557
8.945	-0.217557
8.95	-0.217557
8.955	-0.217557
8.96	-0.217557
8.965	-0.435114
8.97	-0.6164115
8.975	-0.6164115
8.98	-0.8339685
8.985	-1.0515255
8.99	-1.0515255
8.995	-0.8339685
9	-1.0515255
9.005	-0.8339685
9.01	-0.8339685
9.015	-0.6164115
9.02	-0.435114
9.025	-0.217557
9.03	0
9.035	0
9.04	0.217557
9.045	0.217557
9.05	0
9.055	0
9.06	-0.217557
9.065	-0.435114
9.07	-0.6164115
9.075	-0.8339685
9.08	-0.8339685
9.085	-0.8339685
9.09	-0.8339685
9.095	-0.8339685
9.1	-0.6164115
9.105	-0.6164115
9.11	-0.435114
9.115	-0.435114
9.12	-0.217557
9.125	0
9.13	-0.217557
9.135	0
9.14	-0.217557
9.145	-0.217557
9.15	-0.435114
9.155	-0.6164115
9.16	-0.6164115
9.165	-0.8339685
9.17	-0.8339685
9.175	-0.8339685
9.18	-0.8339685
9.185	-0.6164115
9.19	-0.435114
9.195	-0.217557
9.2	0
9.205	0
9.21	0.217557
9.215	0.217557
9.22	0
9.225	-0.217557
9.23	-0.435114
9.235	-0.435114
9.24	-0.6164115
9.245	-0.6164115
9.25	-0.6164115
9.255	-0.435114
9.26	-0.6164115
9.265	-0.6164115
9.27	-0.6164115
9.275	-0.8339685
9.28	-1.0515255
9.285	-1.0515255
9.29	-1.0515255
9.295	-0.8339685
9.3	-0.8339685
9.305	-0.6164115
9.31	-0.435114
9.315	-0.435114
9.32	-0.435114
9.325	-0.217557
9.33	-0.217557
9.335	-0.435114
9.34	-0.435114
9.345	-0.6164115
9.35	-0.8339685
9.355	-0.8339685
9.36	-0.8339685
9.365	-0.8339685
9.37	-0.8339685
9.375	-0.8339685
9.38	-1.0515255
9.385	-0.8339685
9.39	-0.8339685
9.395	-0.8339685
9.4	-0.6164115
9.405	-0.6164115
9.41	-0.6164115
9.415	-0.6164115
9.42	-0.8339685
9.425	-0.8339685
9.43	-1.0515255
9.435	-1.0515255
9.44	-1.0515255
9.445	-1.0515255
9.45	-1.0515255
9.455	-1.0515255
9.46	-1.0515255
9.465	-1.0515255
9.47	-1.0515255
9.475	-0.8339685
9.48	-0.6164115
9.485	-0.6164115
9.49	-0.6164115
9.495	-0.6164115
9.5	-0.8339685
9.505	-1.0515255
9.51	-1.0515255
9.515	-1.0515255
9.52	-1.2690825
9.525	-1.45038
9.53	-1.45038
9.535	-1.45038
9.54	-1.2690825
9.545	-1.2690825
9.55	-1.0515255
9.555	-1.0515255
9.56	-1.0515255
9.565	-1.0515255
9.57	-1.2690825
9.575	-1.2690825
9.58	-1.45038
9.585	-1.45038
9.59	-1.45038
9.595	-1.45038
9.6	-1.45038
9.605	-1.0515255
9.61	-1.0515255
9.615	-1.0515255
9.62	-1.0515255
9.625	-1.0515255
9.63	-1.0515255
9.635	-1.0515255
9.64	-1.0515255
9.645	-0.8339685
9.65	-0.8339685
9.655	-0.8339685
9.66	-0.8339685
9.665	-0.6164115
9.67	-0.6164115
9.675	-0.435114
9.68	-0.435114
9.685	-0.217557
9.69	-0.435114
9.695	-0.435114
9.7	-0.435114
9.705	-0.6164115
9.71	-0.6164115
9.715	-0.8339685
9.72	-1.0515255
9.725	-1.0515255
9.73	-1.0515255
9.735	-0.8339685
9.74	-0.8339685
9.745	-0.6164115
9.75	-0.435114
9.755	-0.435114
9.76	-0.435114
9.765	-0.435114
9.77	-0.217557
9.775	-0.217557
9.78	-0.435114
9.785	-0.435114
9.79	-0.217557
9.795	-0.217557
9.8	-0.217557
9.805	-0.217557
9.81	-0.217557
9.815	-0.217557
9.82	-0.217557
9.825	-0.435114
9.83	-0.435114
9.835	-0.435114
9.84	-0.435114
9.845	-0.6164115
9.85	-0.435114
9.855	-0.435114
9.86	-0.435114
9.865	-0.435114
9.87	-0.435114
9.875	-0.217557
9.88	-0.435114
9.885	-0.435114
9.89	-0.6164115
9.895	-0.6164115
9.9	-0.6164115
9.905	-0.8339685
9.91	-0.8339685
9.915	-0.8339685
9.92	-0.8339685
9.925	-0.8339685
9.93	-0.8339685
9.935	-0.6164115
9.94	-0.435114
9.945	-0.6164115
9.95	-0.435114
9.955	-0.6164115
9.96	-0.6164115
9.965	-0.8339685
9.97	-0.8339685
9.975	-0.8339685
9.98	-0.8339685
9.985	-0.8339685
9.99	-0.8339685
9.995	-0.6164115
10	-0.6164115
10.005	-0.6164115
10.01	-0.6164115
10.015	-0.8339685
10.02	-0.8339685
10.025	-0.8339685
10.03	-1.0515255
10.035	-0.8339685
10.04	-0.8339685
10.045	-0.8339685
10.05	-0.8339685
10.055	-1.0515255
10.06	-1.0515255
10.065	-1.0515255
10.07	-1.0515255
10.075	-1.0515255
10.08	-1.0515255
10.085	-1.0515255
10.09	-0.8339685
10.095	-1.0515255
10.1	-1.0515255
10.105	-1.0515255
10.11	-1.2690825
10.115	-1.2690825
10.12	-1.2690825
10.125	-1.2690825
10.13	-1.45038
10.135	-1.2690825
10.14	-1.45038
10.145	-1.45038
10.15	-1.2690825
10.155	-1.0515255
10.16	-1.0515255
10.165	-0.8339685
10.17	-0.8339685
10.175	-0.8339685
10.18	-0.8339685
10.185	-0.8339685
10.19	-0.8339685
10.195	-0.8339685
10.2	-1.0515255
10.205	-1.0515255
10.21	-1.0515255
10.215	-1.0515255
10.22	-1.2690825
10.225	-1.0515255
10.23	-1.2690825
10.235	-1.2690825
10.24	-1.2690825
10.245	-1.2690825
10.25	-1.2690825
10.255	-1.2690825
10.26	-1.2690825
10.265	-1.0515255
10.27	-0.8339685
10.275	-0.8339685
10.28	-0.8339685
10.285	-0.6164115
10.29	-0.6164115
10.295	-0.8339685
10.3	-0.8339685
10.305	-0.8339685
10.31	-0.8339685
10.315	-0.8339685
10.32	-1.0515255
10.325	-1.0515255
10.33	-1.2690825
10.335	-1.0515255
10.34	-1.2690825
10.345	-1.0515255
10.35	-1.0515255
10.355	-1.0515255
10.36	-1.0515255
10.365	-1.0515255
10.37	-1.0515255
10.375	-1.0515255
10.38	-1.0515255
10.385	-1.0515255
10.39	-1.0515255
10.395	-1.0515255
10.4	-1.2690825
10.405	-1.2690825
10.41	-1.2690825
10.415	-1.2690825
10.42	-1.2690825
10.425	-1.45038
10.43	-1.667937
10.435	-1.667937
10.44	-1.667937
10.445	-1.45038
10.45	-1.45038
10.455	-1.2690825
10.46	-1.0515255
10.465	-0.8339685
10.47	-0.8339685
10.475	-0.6164115
10.48	-0.6164115
10.485	-0.6164115
10.49	-0.8339685
10.495	-0.8339685
10.5	-1.2690825
10.505	-1.2690825
10.51	-1.2690825
10.515	-1.2690825
10.52	-1.2690825
10.525	-1.0515255
10.53	-1.0515255
10.535	-1.0515255
10.54	-1.0515255
10.545	-1.0515255
10.55	-1.0515255
10.555	-1.0515255
10.56	-1.0515255
10.565	-1.2690825
10.57	-1.2690825
10.575	-1.45038
10.58	-1.45038
10.585	-1.45038
10.59	-1.45038
10.595	-1.2690825
10.6	-1.2690825
10.605	-1.2690825
10.61	-1.2690825
10.615	-1.2690825
10.62	-1.0515255
10.625	-1.0515255
10.63	-0.8339685
10.635	-0.8339685
10.64	-0.8339685
10.645	-0.8339685
10.65	-0.8339685
10.655	-1.0515255
10.66	-1.0515255
10.665	-1.0515255
10.67	-1.0515255
10.675	-1.0515255
10.68	-1.0515255
10.685	-1.0515255
10.69	-1.0515255
10.695	-0.8339685
10.7	-0.8339685
10.705	-0.8339685
10.71	-1.0515255
10.715	-1.0515255
10.72	-1.0515255
10.725	-1.0515255
10.73	-1.0515255
10.735	-1.0515255
10.74	-1.2690825
10.745	-1.2690825
10.75	-1.2690825
10.755	-1.2690825
10.76	-1.2690825
10.765	-1.2690825
10.77	-1.0515255
10.775	-1.0515255
10.78	-1.0515255
10.785	-1.0515255
10.79	-1.0515255
10.795	-1.0515255
10.8	-1.2690825
10.805	-1.0515255
10.81	-0.8339685
10.815	-0.8339685
10.82	-0.8339685
10.825	-0.6164115
10.83	-0.6164115
10.835	-0.8339685
10.84	-0.6164115
10.845	-0.8339685
10.85	-0.8339685
10.855	-0.8339685
10.86	-0.8339685
10.865	-0.8339685
10.87	-0.6164115
10.875	-0.8339685
10.88	-0.6164115
10.885	-0.8339685
10.89	-0.8339685
10.895	-0.8339685
10.9	-0.8339685
10.905	-0.6164115
10.91	-0.6164115
10.915	-0.435114
10.92	-0.6164115
10.925	-0.6164115
10.93	-0.8339685
10.935	-0.8339685
10.94	-1.0515255
10.945	-1.0515255
10.95	-0.8339685
10.955	-1.0515255
10.96	-0.8339685
10.965	-0.8339685
10.97	-0.8339685
10.975	-0.6164115
10.98	-0.6164115
10.985	-0.6164115
10.99	-0.6164115
10.995	-0.8339685
11	-1.0515255
11.005	-1.0515255
11.01	-1.0515255
11.015	-1.0515255
11.02	-1.0515255
11.025	-0.8339685
11.03	-0.8339685
11.035	-0.8339685
11.04	-0.6164115
11.045	-0.6164115
11.05	-0.6164115
11.055	-0.6164115
11.06	-0.6164115
11.065	-0.6164115
11.07	-0.8339685
11.075	-0.8339685
11.08	-1.0515255
11.085	-1.0515255
11.09	-1.2690825
11.095	-1.2690825
11.1	-1.0515255
11.105	-0.8339685
11.11	-0.8339685
11.115	-0.8339685
11.12	-0.6164115
11.125	-0.6164115
11.13	-0.6164115
11.135	-0.435114
11.14	-0.435114
11.145	-0.435114
11.15	-0.6164115
11.155	-0.6164115
11.16	-0.8339685
11.165	-1.0515255
11.17	-1.0515255
11.175	-1.0515255
11.18	-1.2690825
11.185	-1.0515255
11.19	-1.0515255
11.195	-1.0515255
11.2	-0.8339685
11.205	-0.6164115
11.21	-0.6164115
11.215	-0.435114
11.22	-0.435114
11.225	-0.435114
11.23	-0.435114
11.235	-0.6164115
11.24	-0.6164115
11.245	-0.8339685
11.25	-1.0515255
11.255	-1.0515255
11.26	-1.2690825
11.265	-1.2690825
11.27	-1.0515255
11.275	-1.0515255
11.28	-0.8339685
11.285	-0.8339685
11.29	-0.8339685
11.295	-0.6164115
11.3	-0.6164115
11.305	-0.6164115
11.31	-0.6164115
11.315	-0.435114
11.32	-0.6164115
11.325	-0.8339685
11.33	-0.8339685
11.335	-1.0515255
11.34	-1.0515255
11.345	-1.0515255
11.35	-1.0515255
11.355	-1.0515255
11.36	-0.8339685
11.365	-0.8339685
11.37	-0.6164115
11.375	-0.6164115
11.38	-0.6164115
11.385	-0.435114
11.39	-0.435114
11.395	-0.435114
11.4	-0.435114
11.405	-0.435114
11.41	-0.435114
11.415	-0.6164115
11.42	-0.6164115
11.425	-0.6164115
11.43	-0.6164115
11.435	-0.8339685
11.44	-0.8339685
11.445	-0.8339685
11.45	-0.8339685
11.455	-0.6164115
11.46	-0.6164115
11.465	-0.435114
11.47	-0.435114
11.475	-0.435114
11.48	-0.435114
11.485	-0.435114
11.49	-0.435114
11.495	-0.435114
11.5	-0.6164115
11.505	-0.435114
11.51	-0.6164115
11.515	-0.6164115
11.52	-0.6164115
11.525	-0.6164115
11.53	-0.435114
11.535	-0.435114
11.54	-0.217557
11.545	-0.435114
11.55	-0.217557
11.555	-0.435114
11.56	-0.435114
11.565	-0.435114
11.57	-0.435114
11.575	-0.217557
11.58	-0.435114
11.585	-0.217557
11.59	-0.217557
11.595	-0.217557
11.6	-0.217557
11.605	-0.217557
11.61	-0.217557
11.615	-0.435114
11.62	-0.435114
11.625	-0.435114
11.63	-0.435114
11.635	-0.435114
11.64	-0.435114
11.645	-0.435114
11.65	-0.6164115
11.655	-0.435114
11.66	-0.6164115
11.665	-0.6164115
11.67	-0.8339685
11.675	-0.8339685
11.68	-1.0515255
11.685	-1.0515255
11.69	-1.0515255
11.695	-1.0515255
11.7	-0.8339685
11.705	-0.8339685
11.71	-0.6164115
11.715	-0.6164115
11.72	-0.435114
11.725	-0.435114
11.73	-0.217557
11.735	-0.217557
11.74	-0.217557
11.745	-0.217557
11.75	-0.217557
11.755	-0.217557
11.76	-0.217557
11.765	-0.435114
11.77	-0.435114
11.775	-0.6164115
11.78	-0.8339685
11.785	-0.8339685
11.79	-0.8339685
11.795	-0.6164115
11.8	-0.6164115
11.805	-0.435114
11.81	-0.435114
11.815	-0.217557
11.82	-0.217557
11.825	-0.217557
11.83	-0.217557
11.835	-0.217557
11.84	-0.217557
11.845	0
11.85	0
11.855	-0.217557
11.86	-0.217557
11.865	-0.435114
11.87	-0.435114
11.875	-0.435114
11.88	-0.435114
11.885	-0.6164115
11.89	-0.435114
11.895	-0.435114
11.9	-0.435114
11.905	0
11.91	0
11.915	0
11.92	0
11.925	0
11.93	-0.217557
11.935	-0.435114
11.94	-0.435114
11.945	-0.6164115
11.95	-0.6164115
11.955	-0.8339685
11.96	-0.6164115
11.965	-0.6164115
11.97	-0.6164115
11.975	-0.6164115
11.98	-0.435114
11.985	-0.435114
11.99	-0.435114
11.995	-0.435114
12	-0.435114
12.005	-0.6164115
12.01	-0.6164115
12.015	-0.6164115
12.02	-0.8339685
12.025	-0.8339685
12.03	-0.8339685
12.035	-0.8339685
12.04	-0.8339685
12.045	-0.6164115
12.05	-0.6164115
12.055	-0.435114
12.06	-0.435114
12.065	-0.435114
12.07	-0.435114
12.075	-0.435114
12.08	-0.435114
12.085	-0.6164115
12.09	-0.6164115
12.095	-0.6164115
12.1	-0.8339685
12.105	-0.8339685
12.11	-0.6164115
12.115	-0.6164115
12.12	-0.6164115
12.125	-0.435114
12.13	-0.217557
12.135	-0.435114
12.14	-0.435114
12.145	-0.435114
12.15	-0.6164115
12.155	-0.8339685
12.16	-0.8339685
12.165	-0.8339685
12.17	-0.6164115
12.175	-0.6164115
12.18	-0.435114
12.185	-0.435114
12.19	-0.217557
12.195	-0.217557
12.2	-0.435114
12.205	-0.435114
12.21	-0.435114
12.215	-0.435114
12.22	-0.435114
12.225	-0.217557
12.23	-0.217557
12.235	-0.217557
12.24	-0.217557
12.245	-0.217557
12.25	-0.217557
12.255	-0.217557
12.26	-0.217557
12.265	-0.435114
12.27	-0.217557
12.275	-0.435114
12.28	-0.435114
12.285	-0.435114
12.29	-0.435114
12.295	-0.435114
12.3	-0.435114
12.305	-0.435114
12.31	-0.217557
12.315	-0.217557
12.32	-0.217557
12.325	-0.217557
12.33	0
12.335	0
12.34	0.217557
12.345	0.217557
12.35	0.217557
12.355	0
12.36	0
12.365	0
12.37	0
12.375	0
12.38	0
12.385	0.217557
12.39	0.217557
12.395	0.217557
12.4	0.217557
12.405	0.217557
12.41	0.217557
12.415	0.217557
12.42	0.217557
12.425	0.217557
12.43	0.217557
12.435	0
12.44	0
12.445	0
12.45	0.217557
12.455	0.217557
12.46	0.217557
12.465	0.3988545
12.47	0.6164115
12.475	0.6164115
12.48	0.6164115
12.485	0.8339685
12.49	0.8339685
12.495	0.8339685
12.5	0.6164115
12.505	0.3988545
12.51	0.217557
12.515	-0.217557
12.52	-0.435114
12.525	-0.435114
12.53	-0.6164115
12.535	-0.6164115
12.54	-0.435114
12.545	-0.217557
12.55	0
12.555	0.3988545
12.56	0.6164115
12.565	0.8339685
12.57	1.0515255
12.575	1.0515255
12.58	1.0515255
12.585	0.8339685
12.59	0.6164115
12.595	0.3988545
12.6	0
12.605	-0.217557
12.61	-0.217557
12.615	-0.217557
12.62	-0.217557
12.625	0
12.63	0.217557
12.635	0.217557
12.64	0.217557
12.645	0.217557
12.65	0.217557
12.655	0
12.66	0
12.665	0
12.67	0
12.675	0.217557
12.68	0
12.685	0
12.69	-0.217557
12.695	-0.217557
12.7	-0.217557
12.705	-0.217557
12.71	-0.217557
12.715	0
12.72	0
12.725	0
12.73	0
12.735	0
12.74	0
12.745	0
12.75	0
12.755	-0.217557
12.76	-0.217557
12.765	-0.435114
12.77	-0.435114
12.775	-0.435114
12.78	-0.435114
12.785	-0.435114
12.79	-0.435114
12.795	-0.217557
12.8	-0.217557
12.805	-0.217557
12.81	-0.217557
12.815	-0.217557
12.82	-0.217557
12.825	-0.217557
12.83	-0.217557
12.835	-0.217557
12.84	-0.435114
12.845	-0.6164115
12.85	-0.8339685
12.855	-1.0515255
12.86	-1.0515255
12.865	-1.0515255
12.87	-0.8339685
12.875	-0.6164115
12.88	-0.435114
12.885	-0.435114
12.89	-0.435114
12.895	-0.435114
12.9	-0.435114
12.905	-0.435114
12.91	-0.435114
12.915	-0.435114
12.92	-0.435114
12.925	-0.435114
12.93	-0.435114
12.935	-0.435114
12.94	-0.435114
12.945	-0.435114
12.95	-0.435114
12.955	-0.435114
12.96	-0.435114
12.965	-0.435114
12.97	-0.6164115
12.975	-0.6164115
12.98	-0.8339685
12.985	-0.8339685
12.99	-0.8339685
12.995	-0.8339685
13	-0.6164115
13.005	-0.6164115
13.01	-0.6164115
13.015	-0.435114
13.02	-0.217557
13.025	-0.217557
13.03	-0.217557
13.035	-0.217557
13.04	-0.435114
13.045	-0.435114
13.05	-0.6164115
13.055	-0.8339685
13.06	-0.8339685
13.065	-0.8339685
13.07	-0.8339685
13.075	-0.8339685
13.08	-0.8339685
13.085	-0.6164115
13.09	-0.6164115
13.095	-0.435114
13.1	-0.435114
13.105	-0.435114
13.11	-0.435114
13.115	-0.435114
13.12	-0.435114
13.125	-0.435114
13.13	-0.435114
13.135	-0.6164115
13.14	-0.6164115
13.145	-0.8339685
13.15	-0.6164115
13.155	-0.6164115
13.16	-0.6164115
13.165	-0.435114
13.17	-0.435114
13.175	-0.435114
13.18	-0.435114
13.185	-0.217557
13.19	-0.217557
13.195	0
13.2	0
13.205	0
13.21	-0.217557
13.215	-0.217557
13.22	-0.435114
13.225	-0.435114
13.23	-0.435114
13.235	-0.6164115
13.24	-0.6164115
13.245	-0.6164115
13.25	-0.435114
13.255	-0.435114
13.26	-0.435114
13.265	-0.217557
13.27	-0.217557
13.275	-0.217557
13.28	0
13.285	0
13.29	-0.217557
13.295	-0.217557
13.3	-0.217557
13.305	-0.217557
13.31	-0.217557
13.315	-0.435114
13.32	-0.435114
13.325	-0.435114
13.33	-0.435114
13.335	-0.435114
13.34	-0.435114
13.345	-0.435114
13.35	-0.217557
13.355	-0.217557
13.36	0
13.365	-0.217557
13.37	0
13.375	-0.217557
13.38	-0.217557
13.385	-0.217557
13.39	-0.435114
13.395	-0.435114
13.4	-0.435114
13.405	-0.217557
13.41	-0.217557
13.415	-0.217557
13.42	0
13.425	0
13.43	0
13.435	-0.217557
13.44	-0.217557
13.445	-0.435114
13.45	-0.435114
13.455	-0.6164115
13.46	-0.6164115
13.465	-0.6164115
13.47	-0.6164115
13.475	-0.6164115
13.48	-0.435114
13.485	-0.435114
13.49	-0.435114
13.495	-0.435114
13.5	-0.435114
13.505	-0.217557
13.51	-0.217557
13.515	0
13.52	0
13.525	0
13.53	-0.217557
13.535	-0.435114
13.54	-0.435114
13.545	-0.6164115
13.55	-0.6164115
13.555	-0.6164115
13.56	-0.6164115
13.565	-0.6164115
13.57	-0.6164115
13.575	-0.435114
13.58	-0.435114
13.585	-0.435114
13.59	-0.217557
13.595	-0.435114
13.6	-0.435114
13.605	-0.217557
13.61	-0.217557
13.615	0
13.62	0
13.625	0
13.63	0
13.635	-0.217557
13.64	-0.217557
13.645	-0.217557
13.65	-0.435114
13.655	-0.435114
13.66	-0.435114
13.665	-0.435114
13.67	-0.435114
13.675	-0.217557
13.68	-0.217557
13.685	-0.435114
13.69	-0.435114
13.695	-0.6164115
13.7	-0.8339685
13.705	-0.8339685
13.71	-0.6164115
13.715	-0.6164115
13.72	-0.6164115
13.725	-0.435114
13.73	-0.435114
13.735	-0.435114
13.74	-0.435114
13.745	-0.435114
13.75	-0.435114
13.755	-0.435114
13.76	-0.435114
13.765	-0.435114
13.77	-0.435114
13.775	-0.435114
13.78	-0.217557
13.785	-0.217557
13.79	-0.217557
13.795	0
13.8	0
13.805	0
13.81	0
13.815	-0.217557
13.82	-0.435114
13.825	-0.435114
13.83	-0.217557
13.835	-0.217557
13.84	-0.217557
13.845	-0.217557
13.85	0
13.855	-0.217557
13.86	0
13.865	0
13.87	0
13.875	0
13.88	0.217557
13.885	0
13.89	-0.217557
13.895	-0.217557
13.9	-0.217557
13.905	-0.435114
13.91	-0.435114
13.915	-0.435114
13.92	-0.435114
13.925	-0.435114
13.93	-0.6164115
13.935	-0.435114
13.94	-0.435114
13.945	-0.435114
13.95	-0.435114
13.955	-0.6164115
13.96	-0.6164115
13.965	-0.6164115
13.97	-0.6164115
13.975	-0.6164115
13.98	-0.435114
13.985	-0.217557
13.99	-0.217557
13.995	-0.217557
14	-0.217557
14.005	-0.217557
14.01	-0.217557
14.015	-0.217557
14.02	-0.435114
14.025	-0.435114
14.03	-0.435114
14.035	-0.435114
14.04	-0.435114
14.045	-0.435114
14.05	-0.435114
14.055	-0.435114
14.06	-0.435114
14.065	-0.217557
14.07	-0.217557
14.075	-0.217557
14.08	-0.217557
14.085	-0.217557
14.09	-0.217557
14.095	-0.435114
14.1	-0.435114
14.105	-0.6164115
14.11	-0.6164115
14.115	-0.6164115
14.12	-0.6164115
14.125	-0.6164115
14.13	-0.6164115
14.135	-0.6164115
14.14	-0.6164115
14.145	-0.6164115
14.15	-0.435114
14.155	-0.435114
14.16	-0.435114
14.165	-0.435114
14.17	-0.6164115
14.175	-0.6164115
14.18	-0.6164115
14.185	-0.6164115
14.19	-0.6164115
14.195	-0.6164115
14.2	-0.6164115
14.205	-0.6164115
14.21	-0.6164115
14.215	-0.6164115
14.22	-0.6164115
14.225	-0.6164115
14.23	-0.6164115
14.235	-0.6164115
14.24	-0.6164115
14.245	-0.6164115
14.25	-0.6164115
14.255	-0.6164115
14.26	-0.6164115
14.265	-0.6164115
14.27	-0.6164115
14.275	-0.435114
14.28	-0.435114
14.285	-0.435114
14.29	-0.217557
14.295	-0.217557
14.3	-0.217557
14.305	-0.217557
14.31	-0.217557
14.315	0
14.32	0
14.325	-0.217557
14.33	-0.217557
14.335	-0.217557
14.34	-0.435114
14.345	-0.435114
14.35	-0.217557
14.355	-0.435114
14.36	-0.217557
14.365	-0.435114
14.37	-0.435114
14.375	-0.435114
14.38	-0.217557
14.385	-0.217557
14.39	-0.217557
14.395	-0.217557
14.4	-0.217557
14.405	-0.435114
14.41	-0.217557
14.415	-0.435114
14.42	-0.435114
14.425	-0.435114
14.43	-0.217557
14.435	-0.217557
14.44	-0.217557
14.445	-0.217557
14.45	-0.217557
14.455	-0.217557
14.46	-0.217557
14.465	-0.217557
14.47	-0.435114
14.475	-0.435114
14.48	-0.435114
14.485	-0.435114
14.49	-0.435114
14.495	-0.217557
14.5	-0.217557
14.505	-0.217557
14.51	-0.217557
14.515	-0.217557
14.52	0
14.525	0
14.53	0
14.535	0.217557
14.54	0
14.545	-0.217557
14.55	-0.217557
14.555	-0.217557
14.56	-0.217557
14.565	-0.217557
14.57	-0.217557
14.575	-0.217557
14.58	-0.217557
14.585	-0.217557
14.59	-0.217557
14.595	-0.435114
14.6	-0.435114
14.605	-0.435114
14.61	-0.435114
14.615	-0.435114
14.62	-0.217557
14.625	-0.217557
14.63	-0.435114
14.635	-0.435114
14.64	-0.435114
14.645	-0.6164115
14.65	-0.435114
14.655	-0.435114
14.66	-0.435114
14.665	-0.217557
14.67	-0.217557
14.675	-0.217557
14.68	-0.217557
14.685	-0.217557
14.69	-0.217557
14.695	-0.217557
14.7	0
14.705	0
14.71	0
14.715	0
14.72	-0.217557
14.725	-0.217557
14.73	-0.435114
14.735	-0.435114
14.74	-0.435114
14.745	-0.217557
14.75	-0.217557
14.755	-0.217557
14.76	-0.217557
14.765	-0.217557
14.77	0
14.775	-0.217557
14.78	-0.217557
14.785	-0.217557
14.79	-0.217557
14.795	-0.435114
14.8	-0.435114
14.805	-0.435114
14.81	-0.435114
14.815	-0.435114
14.82	-0.435114
14.825	-0.6164115
14.83	-0.435114
14.835	-0.435114
14.84	-0.217557
14.845	-0.217557
14.85	-0.217557
14.855	-0.217557
14.86	-0.217557
14.865	-0.217557
14.87	-0.217557
14.875	-0.435114
14.88	-0.435114
14.885	-0.435114
14.89	-0.435114
14.895	-0.435114
14.9	-0.435114
14.905	-0.435114
14.91	-0.435114
14.915	-0.435114
14.92	-0.435114
14.925	-0.217557
14.93	-0.217557
14.935	-0.435114
14.94	-0.435114
14.945	-0.435114
14.95	-0.435114
14.955	-0.435114
14.96	-0.435114
14.965	-0.435114
14.97	-0.435114
14.975	-0.217557
14.98	-0.217557
14.985	-0.217557
14.99	0
14.995	0
15	0
15.005	0
15.01	0
15.015	-0.217557
15.02	-0.217557
15.025	-0.435114
15.03	-0.435114
15.035	-0.435114
15.04	-0.435114
15.045	-0.435114
15.05	-0.217557
15.055	-0.217557
15.06	0
15.065	0
15.07	0.217557
15.075	0.217557
15.08	0
15.085	0
15.09	0
15.095	-0.217557
15.1	-0.217557
15.105	-0.217557
15.11	-0.435114
15.115	-0.435114
15.12	-0.435114
15.125	-0.217557
15.13	-0.217557
15.135	-0.217557
15.14	0
15.145	0
15.15	0
15.155	0
15.16	0.217557
15.165	0
15.17	0
15.175	0
15.18	0
15.185	-0.217557
15.19	-0.435114
15.195	-0.435114
15.2	-0.435114
15.205	-0.435114
15.21	-0.435114
15.215	-0.435114
15.22	-0.435114
15.225	-0.435114
15.23	-0.217557
15.235	-0.217557
15.24	0
15.245	0
15.25	-0.217557
15.255	-0.217557
15.26	-0.217557
15.265	-0.217557
15.27	-0.217557
15.275	-0.435114
15.28	-0.6164115
15.285	-0.6164115
15.29	-0.8339685
15.295	-0.6164115
15.3	-0.6164115
15.305	-0.435114
15.31	-0.435114
15.315	-0.217557
15.32	0
15.325	0
15.33	0
15.335	0
15.34	0
15.345	-0.217557
15.35	-0.217557
15.355	-0.217557
15.36	-0.217557
15.365	-0.435114
15.37	-0.435114
15.375	-0.435114
15.38	-0.435114
15.385	-0.435114
15.39	-0.217557
15.395	-0.217557
15.4	-0.217557
15.405	0
15.41	-0.217557
15.415	-0.435114
15.42	-0.6164115
15.425	-0.6164115
15.43	-0.6164115
15.435	-0.435114
15.44	-0.6164115
15.445	-0.435114
15.45	-0.217557
15.455	-0.217557
15.46	-0.217557
15.465	0
15.47	0
15.475	0
15.48	0
15.485	0
15.49	-0.217557
15.495	-0.217557
15.5	-0.217557
15.505	-0.435114
15.51	-0.435114
15.515	-0.435114
15.52	-0.435114
15.525	-0.435114
15.53	-0.435114
15.535	-0.6164115
15.54	-0.6164115
15.545	-0.435114
15.55	-0.435114
15.555	-0.217557
15.56	-0.217557
15.565	0
15.57	0
15.575	0
15.58	-0.217557
15.585	-0.435114
15.59	-0.435114
15.595	-0.6164115
15.6	-0.8339685
15.605	-0.6164115
15.61	-0.6164115
15.615	-0.6164115
15.62	-0.6164115
15.625	-0.435114
15.63	-0.435114
15.635	-0.217557
15.64	-0.217557
15.645	0
15.65	0
15.655	0
15.66	0
15.665	-0.217557
15.67	-0.217557
15.675	-0.217557
15.68	-0.435114
15.685	-0.435114
15.69	-0.435114
15.695	-0.435114
15.7	-0.6164115
15.705	-0.6164115
15.71	-0.6164115
15.715	-0.6164115
15.72	-0.435114
15.725	-0.435114
15.73	-0.217557
15.735	-0.217557
15.74	-0.217557
15.745	-0.217557
15.75	-0.217557
15.755	-0.217557
15.76	-0.435114
15.765	-0.217557
15.77	-0.435114
15.775	-0.435114
15.78	-0.435114
15.785	-0.435114
15.79	-0.6164115
15.795	-0.435114
15.8	-0.6164115
15.805	-0.8339685
15.81	-0.8339685
15.815	-0.6164115
15.82	-0.6164115
15.825	-0.435114
15.83	-0.217557
15.835	-0.217557
15.84	-0.217557
15.845	0
15.85	0
15.855	0
15.86	0
15.865	-0.217557
15.87	-0.217557
15.875	-0.435114
15.88	-0.6164115
15.885	-0.6164115
15.89	-0.6164115
15.895	-0.6164115
15.9	-0.6164115
15.905	-0.6164115
15.91	-0.6164115
15.915	-0.6164115
15.92	-0.435114
15.925	-0.435114
15.93	-0.217557
15.935	-0.217557
15.94	-0.217557
15.945	-0.217557
15.95	-0.217557
15.955	-0.217557
15.96	-0.217557
15.965	-0.217557
15.97	-0.217557
15.975	-0.217557
15.98	-0.217557
15.985	-0.435114
15.99	-0.217557
15.995	-0.217557
16	0
16.005	0
16.01	0
16.015	0
16.02	0.217557
16.025	0
16.03	-0.217557
16.035	-0.217557
16.04	-0.217557
16.045	-0.435114
16.05	-0.217557
16.055	-0.217557
16.06	-0.217557
16.065	-0.217557
16.07	-0.217557
16.075	-0.217557
16.08	-0.435114
16.085	-0.435114
16.09	-0.217557
16.095	-0.217557
16.1	-0.217557
16.105	-0.217557
16.11	-0.217557
16.115	-0.217557
16.12	-0.217557
16.125	-0.217557
16.13	-0.217557
16.135	-0.217557
16.14	-0.435114
16.145	-0.435114
16.15	-0.435114
16.155	-0.435114
16.16	-0.435114
16.165	-0.435114
16.17	-0.217557
16.175	-0.217557
16.18	0
16.185	0.217557
16.19	0.217557
16.195	0.3988545
16.2	0.217557
16.205	0.217557
16.21	0.217557
16.215	0
16.22	0
16.225	0
16.23	0
16.235	-0.217557
16.24	-0.217557
16.245	-0.217557
16.25	-0.217557
16.255	-0.217557
16.26	0
16.265	0.217557
16.27	0.217557
16.275	0.217557
16.28	0.217557
16.285	0.217557
16.29	0
16.295	0
16.3	-0.217557
16.305	-0.217557
16.31	-0.217557
16.315	-0.217557
16.32	-0.435114
16.325	-0.217557
16.33	-0.217557
16.335	-0.217557
16.34	-0.217557
16.345	-0.217557
16.35	-0.435114
16.355	-0.217557
16.36	-0.217557
16.365	-0.217557
16.37	-0.217557
16.375	0
16.38	0
16.385	0
16.39	0
16.395	0
16.4	-0.217557
16.405	-0.217557
16.41	-0.217557
16.415	-0.435114
16.42	-0.435114
16.425	-0.435114
16.43	-0.217557
16.435	0
16.44	0
16.445	0
16.45	0.217557
16.455	0.217557
16.46	0
16.465	0
16.47	0
16.475	0
16.48	-0.217557
16.485	-0.217557
16.49	-0.217557
16.495	-0.217557
16.5	-0.217557
16.505	0
16.51	0
16.515	0
16.52	0
16.525	0
16.53	0
16.535	0
16.54	0
16.545	-0.217557
16.55	-0.217557
16.555	-0.217557
16.56	0
16.565	0
16.57	0.217557
16.575	0.217557
16.58	0.217557
16.585	0
16.59	0
16.595	0
16.6	0
16.605	0
16.61	0
16.615	0
16.62	0
16.625	0
16.63	0
16.635	0
16.64	0
16.645	0
16.65	0.217557
16.655	0.217557
16.66	0.3988545
16.665	0.6164115
16.67	0.6164115
16.675	0.6164115
16.68	0.6164115
16.685	0.3988545
16.69	0.217557
16.695	0
16.7	-0.217557
16.705	-0.217557
16.71	-0.217557
16.715	-0.217557
16.72	-0.217557
16.725	0
16.73	0
16.735	0
16.74	0
16.745	0
16.75	0.217557
16.755	0
16.76	0
16.765	0
16.77	-0.217557
16.775	-0.217557
16.78	-0.217557
16.785	-0.217557
16.79	-0.217557
16.795	-0.217557
16.8	-0.217557
16.805	0
16.81	0
16.815	0
16.82	-0.217557
16.825	-0.217557
16.83	-0.217557
16.835	-0.217557
16.84	-0.217557
16.845	-0.217557
16.85	0
16.855	-0.217557
16.86	0
16.865	0
16.87	0
16.875	0.217557
16.88	0.217557
16.885	0
16.89	0
16.895	0
16.9	-0.217557
16.905	-0.435114
16.91	-0.435114
16.915	-0.435114
16.92	-0.435114
16.925	-0.435114
16.93	-0.217557
16.935	-0.217557
16.94	-0.217557
16.945	-0.217557
16.95	0
16.955	0
16.96	0
16.965	0
16.97	0
16.975	-0.217557
16.98	-0.217557
16.985	-0.217557
16.99	-0.217557
16.995	0
17	0
17.005	0
17.01	0
17.015	0
17.02	0
17.025	0
17.03	0
17.035	-0.217557
