Label: 
0
Label: Event: NEAR-PROBE_SS_01_2014-07-02_A1
-2.96	0.217557
-2.955	0.217557
-2.95	0
-2.945	0
-2.94	-0.217557
-2.935	-0.217557
-2.93	-0.217557
-2.925	-0.217557
-2.92	0
-2.915	-0.217557
-2.91	0
-2.905	0
-2.9	0
-2.895	-0.217557
-2.89	0
-2.885	-0.217557
-2.88	-0.217557
-2.875	-0.217557
-2.87	-0.217557
-2.865	-0.217557
-2.86	-0.217557
-2.855	-0.217557
-2.85	-0.217557
-2.845	-0.217557
-2.84	0
-2.835	0
-2.83	0
-2.825	0
-2.82	0
-2.815	-0.217557
-2.81	-0.217557
-2.805	0
-2.8	0
-2.795	0
-2.79	0
-2.785	0
-2.78	0
-2.775	0.217557
-2.77	0
-2.765	0
-2.76	0
-2.755	-0.217557
-2.75	-0.217557
-2.745	-0.217557
-2.74	0
-2.735	0
-2.73	0
-2.725	0
-2.72	0
-2.715	0
-2.71	0
-2.705	0
-2.7	0
-2.695	0
-2.69	0
-2.685	0
-2.68	0
-2.675	-0.217557
-2.67	-0.217557
-2.665	-0.217557
-2.66	-0.217557
-2.655	-0.217557
-2.65	-0.217557
-2.645	0
-2.64	0
-2.635	0.217557
-2.63	0.217557
-2.625	0.217557
-2.62	0
-2.615	-0.217557
-2.61	-0.217557
-2.605	-0.217557
-2.6	0
-2.595	0
-2.59	0
-2.585	0
-2.58	0
-2.575	0
-2.57	0
-2.565	0
-2.56	0
-2.555	0
-2.55	0
-2.545	0
-2.54	0
-2.535	0
-2.53	0
-2.525	0.217557
-2.52	0
-2.515	0
-2.51	0
-2.505	-0.217557
-2.5	-0.217557
-2.495	-0.217557
-2.49	0
-2.485	0
-2.48	0
-2.475	0
-2.47	0
-2.465	-0.217557
-2.46	-0.217557
-2.455	-0.217557
-2.45	0
-2.445	0
-2.44	0
-2.435	0.217557
-2.43	0.217557
-2.425	0
-2.42	0
-2.415	0
-2.41	-0.217557
-2.405	-0.217557
-2.4	-0.217557
-2.395	0
-2.39	0
-2.385	0
-2.38	0
-2.375	0
-2.37	0
-2.365	0
-2.36	-0.217557
-2.355	-0.217557
-2.35	-0.217557
-2.345	-0.217557
-2.34	-0.217557
-2.335	-0.217557
-2.33	0
-2.325	0
-2.32	0
-2.315	0
-2.31	0
-2.305	-0.217557
-2.3	0
-2.295	-0.217557
-2.29	-0.217557
-2.285	-0.217557
-2.28	-0.217557
-2.275	-0.217557
-2.27	-0.217557
-2.265	-0.217557
-2.26	0
-2.255	-0.217557
-2.25	-0.217557
-2.245	-0.217557
-2.24	-0.217557
-2.235	-0.217557
-2.23	0
-2.225	0
-2.22	0
-2.215	0
-2.21	0
-2.205	0
-2.2	0
-2.195	0
-2.19	0
-2.185	0
-2.18	0
-2.175	-0.217557
-2.17	-0.217557
-2.165	0
-2.16	-0.217557
-2.155	0
-2.15	-0.217557
-2.145	-0.217557
-2.14	-0.217557
-2.135	-0.217557
-2.13	-0.217557
-2.125	-0.217557
-2.12	-0.217557
-2.115	0
-2.11	0
-2.105	0
-2.1	0
-2.095	0
-2.09	-0.217557
-2.085	-0.217557
-2.08	-0.217557
-2.075	0
-2.07	0
-2.065	0
-2.06	0.217557
-2.055	0
-2.05	0
-2.045	-0.217557
-2.04	-0.217557
-2.035	-0.217557
-2.03	0
-2.025	0
-2.02	0
-2.015	0
-2.01	0
-2.005	0
-2	-0.217557
-1.995	-0.217557
-1.99	-0.217557
-1.985	-0.217557
-1.98	-0.217557
-1.975	0
-1.97	0
-1.965	0.217557
-1.96	0
-1.955	0
-1.95	0
-1.945	0
-1.94	0
-1.935	0
-1.93	0
-1.925	0
-1.92	0
-1.915	0
-1.91	0
-1.905	0
-1.9	0
-1.895	0
-1.89	0
-1.885	0
-1.88	0
-1.875	0
-1.87	0
-1.865	0
-1.86	0
-1.855	-0.217557
-1.85	-0.217557
-1.845	-0.217557
-1.84	-0.217557
-1.835	-0.217557
-1.83	-0.217557
-1.825	-0.217557
-1.82	0
-1.815	-0.217557
-1.81	0
-1.805	0
-1.8	-0.217557
-1.795	-0.217557
-1.79	-0.217557
-1.785	-0.217557
-1.78	-0.217557
-1.775	-0.217557
-1.77	0
-1.765	0
-1.76	-0.217557
-1.755	0
-1.75	0
-1.745	-0.217557
-1.74	-0.217557
-1.735	0
-1.73	0
-1.725	0
-1.72	0
-1.715	0
-1.71	0.217557
-1.705	0
-1.7	0
-1.695	0
-1.69	0
-1.685	0
-1.68	0
-1.675	0
-1.67	-0.217557
-1.665	-0.217557
-1.66	-0.217557
-1.655	-0.217557
-1.65	-0.217557
-1.645	-0.217557
-1.64	-0.217557
-1.635	-0.217557
-1.63	-0.217557
-1.625	0
-1.62	0
-1.615	0
-1.61	0
-1.605	0.217557
-1.6	0
-1.595	0
-1.59	-0.217557
-1.585	-0.217557
-1.58	-0.435114
-1.575	-0.435114
-1.57	-0.435114
-1.565	-0.217557
-1.56	-0.217557
-1.555	0
-1.55	0
-1.545	0
-1.54	0
-1.535	0
-1.53	0
-1.525	0
-1.52	0
-1.515	0
-1.51	0
-1.505	0
-1.5	0
-1.495	0
-1.49	0
-1.485	0
-1.48	0
-1.475	0
-1.47	0
-1.465	0
-1.46	0
-1.455	0
-1.45	0
-1.445	0
-1.44	0
-1.435	0
-1.43	0.217557
-1.425	0.217557
-1.42	0
-1.415	0
-1.41	0
-1.405	-0.217557
-1.4	0
-1.395	0
-1.39	0
-1.385	0
-1.38	0.217557
-1.375	0
-1.37	0
-1.365	0
-1.36	0
-1.355	0
-1.35	0
-1.345	0
-1.34	0
-1.335	0
-1.33	0
-1.325	0
-1.32	0
-1.315	0
-1.31	0
-1.305	0
-1.3	-0.217557
-1.295	-0.217557
-1.29	-0.217557
-1.285	-0.217557
-1.28	-0.217557
-1.275	-0.217557
-1.27	-0.217557
-1.265	-0.217557
-1.26	0
-1.255	0
-1.25	0
-1.245	0.217557
-1.24	0
-1.235	-0.217557
-1.23	-0.217557
-1.225	-0.217557
-1.22	-0.217557
-1.215	-0.217557
-1.21	-0.217557
-1.205	-0.217557
-1.2	-0.217557
-1.195	-0.217557
-1.19	-0.217557
-1.185	-0.217557
-1.18	-0.217557
-1.175	-0.217557
-1.17	-0.217557
-1.165	-0.217557
-1.16	-0.217557
-1.155	-0.217557
-1.15	-0.217557
-1.145	-0.217557
-1.14	-0.217557
-1.135	-0.217557
-1.13	-0.217557
-1.125	-0.217557
-1.12	0
-1.115	0
-1.11	0
-1.105	0
-1.1	0
-1.095	0
-1.09	-0.217557
-1.085	0
-1.08	0
-1.075	-0.217557
-1.07	-0.217557
-1.065	-0.217557
-1.06	0
-1.055	0
-1.05	0
-1.045	0
-1.04	0
-1.035	0
-1.03	0
-1.025	0
-1.02	-0.217557
-1.015	-0.217557
-1.01	-0.217557
-1.005	-0.217557
-1	-0.217557
-0.995	-0.217557
-0.99	-0.217557
-0.985	-0.217557
-0.98	0
-0.975	-0.217557
-0.97	-0.217557
-0.965	-0.217557
-0.96	-0.217557
-0.955	-0.217557
-0.95	-0.217557
-0.945	-0.217557
-0.94	-0.217557
-0.935	-0.217557
-0.93	-0.217557
-0.925	0
-0.92	0
-0.915	0
-0.91	0
-0.905	-0.217557
-0.9	-0.217557
-0.895	0
-0.89	0
-0.885	0
-0.88	0
-0.875	0
-0.87	0
-0.865	0
-0.86	0
-0.855	0
-0.85	0
-0.845	0
-0.84	0
-0.835	0
-0.83	0
-0.825	0
-0.82	0
-0.815	-0.217557
-0.81	-0.217557
-0.805	0
-0.8	0
-0.795	0
-0.79	0
-0.785	0.217557
-0.78	0
-0.775	0
-0.77	0.217557
-0.765	0
-0.76	0
-0.755	0
-0.75	0
-0.745	0
-0.74	0
-0.735	0
-0.73	-0.217557
-0.725	-0.217557
-0.72	-0.217557
-0.715	-0.217557
-0.71	0
-0.705	0
-0.7	-0.217557
-0.695	-0.217557
-0.69	-0.217557
-0.685	-0.217557
-0.68	-0.217557
-0.675	0
-0.67	-0.217557
-0.665	-0.217557
-0.66	-0.217557
-0.655	-0.217557
-0.65	0
-0.645	0
-0.64	0
-0.635	0
-0.63	-0.217557
-0.625	-0.217557
-0.62	-0.217557
-0.615	-0.217557
-0.61	0
-0.605	0
-0.6	0
-0.595	-0.217557
-0.59	-0.217557
-0.585	-0.217557
-0.58	-0.217557
-0.575	-0.435114
-0.57	-0.217557
-0.565	-0.217557
-0.56	0
-0.555	0
-0.55	0.217557
-0.545	0
-0.54	-0.217557
-0.535	-0.217557
-0.53	0
-0.525	-0.217557
-0.52	-0.217557
-0.515	0
-0.51	-0.217557
-0.505	-0.217557
-0.5	-0.217557
-0.495	-0.217557
-0.49	-0.217557
-0.485	-0.217557
-0.48	0
-0.475	0
-0.47	0
-0.465	0
-0.46	0
-0.455	0
-0.45	0
-0.445	0
-0.44	0
-0.435	0
-0.43	0
-0.425	0
-0.42	0
-0.415	-0.217557
-0.41	0
-0.405	-0.217557
-0.4	-0.217557
-0.395	-0.217557
-0.39	-0.217557
-0.385	0
-0.38	0
-0.375	0
-0.37	0
-0.365	0
-0.36	0
-0.355	0
-0.35	0
-0.345	0
-0.34	-0.217557
-0.335	-0.217557
-0.33	0
-0.325	-0.217557
-0.32	-0.217557
-0.315	0
-0.31	-0.217557
-0.305	-0.217557
-0.3	0
-0.295	0
-0.29	0
-0.285	0.217557
-0.28	0.217557
-0.275	0.217557
-0.27	0
-0.265	0
-0.26	-0.217557
-0.255	-0.217557
-0.25	-0.217557
-0.245	-0.217557
-0.24	0
-0.235	0
-0.23	0
-0.225	0
-0.22	0
-0.215	0
-0.21	0
-0.205	0
-0.2	0
-0.195	0
-0.19	0.217557
-0.185	0.217557
-0.18	0.217557
-0.175	0
-0.17	0
-0.165	0
-0.16	0
-0.155	0
-0.15	0
-0.145	0
-0.14	0
-0.135	0.217557
-0.13	0.870228
-0.125	1.2690825
-0.12	2.1393105
-0.115	3.0095385
-0.11	3.843507
-0.105	4.496178
-0.1	5.148849
-0.095	5.7652605
-0.09	6.2003745
-0.085	6.4179315
-0.08	6.6354885
-0.075	6.6354885
-0.07	6.6354885
-0.065	6.4179315
-0.06	6.2003745
-0.055	5.7652605
-0.05	5.583963
-0.045	4.931292
-0.04	4.713735
-0.035	4.278621
-0.03	3.843507
-0.025	3.62595
-0.02	3.62595
-0.015	3.408393
-0.01	3.408393
-0.005	3.408393
0	3.408393
0.005	3.408393
0.01	3.408393
0.015	3.62595
0.02	3.408393
0.025	3.408393
0.03	3.2270955
0.035	3.2270955
0.04	3.0095385
0.045	3.0095385
0.05	2.7919815
0.055	2.3568675
0.06	2.3568675
0.065	2.1393105
0.07	1.9217535
0.075	1.7041965
0.08	1.7041965
0.085	1.7041965
0.09	1.7041965
0.095	1.7041965
0.1	1.7041965
0.105	1.9217535
0.11	1.9217535
0.115	2.1393105
0.12	2.3568675
0.125	2.3568675
0.13	2.3568675
0.135	2.3568675
0.14	2.1393105
0.145	2.1393105
0.15	2.1393105
0.155	2.1393105
0.16	2.1393105
0.165	2.1393105
0.17	1.9217535
0.175	1.9217535
0.18	1.9217535
0.185	1.9217535
0.19	1.9217535
0.195	1.7041965
0.2	1.7041965
0.205	1.4866395
0.21	1.2690825
0.215	1.2690825
0.22	1.4866395
0.225	1.4866395
0.23	1.4866395
0.235	1.7041965
0.24	1.9217535
0.245	1.9217535
0.25	2.1393105
0.255	2.3568675
0.26	2.5744245
0.265	2.5744245
0.27	2.5744245
0.275	2.3568675
0.28	2.3568675
0.285	2.1393105
0.29	2.1393105
0.295	2.1393105
0.3	2.3568675
0.305	2.3568675
0.31	2.5744245
0.315	2.3568675
0.32	2.5744245
0.325	2.5744245
0.33	2.5744245
0.335	2.3568675
0.34	2.1393105
0.345	1.9217535
0.35	1.7041965
0.355	1.7041965
0.36	1.7041965
0.365	1.7041965
0.37	1.7041965
0.375	1.9217535
0.38	2.1393105
0.385	2.3568675
0.39	2.5744245
0.395	2.5744245
0.4	2.3568675
0.405	2.3568675
0.41	2.1393105
0.415	2.1393105
0.42	1.9217535
0.425	1.9217535
0.43	1.7041965
0.435	1.7041965
0.44	1.7041965
0.445	1.7041965
0.45	1.9217535
0.455	2.1393105
0.46	2.1393105
0.465	2.1393105
0.47	2.3568675
0.475	2.3568675
0.48	2.1393105
0.485	2.1393105
0.49	1.9217535
0.495	1.9217535
0.5	1.7041965
0.505	1.7041965
0.51	1.7041965
0.515	1.7041965
0.52	1.7041965
0.525	1.7041965
0.53	1.7041965
0.535	1.9217535
0.54	1.9217535
0.545	2.1393105
0.55	2.1393105
0.555	2.1393105
0.56	2.1393105
0.565	1.9217535
0.57	1.9217535
0.575	1.7041965
0.58	1.7041965
0.585	1.7041965
0.59	1.4866395
0.595	1.7041965
0.6	1.7041965
0.605	1.7041965
0.61	1.7041965
0.615	1.9217535
0.62	1.7041965
0.625	1.7041965
0.63	1.9217535
0.635	1.7041965
0.64	1.7041965
0.645	1.7041965
0.65	1.7041965
0.655	1.7041965
0.66	1.7041965
0.665	1.7041965
0.67	1.4866395
0.675	1.7041965
0.68	1.4866395
0.685	1.4866395
0.69	1.7041965
0.695	1.7041965
0.7	1.7041965
0.705	1.7041965
0.71	1.7041965
0.715	1.7041965
0.72	1.7041965
0.725	1.4866395
0.73	1.7041965
0.735	1.7041965
0.74	1.7041965
0.745	1.4866395
0.75	1.7041965
0.755	1.4866395
0.76	1.7041965
0.765	1.7041965
0.77	1.7041965
0.775	1.7041965
0.78	1.7041965
0.785	1.4866395
0.79	1.4866395
0.795	1.4866395
0.8	1.4866395
0.805	1.4866395
0.81	1.7041965
0.815	1.4866395
0.82	1.4866395
0.825	1.4866395
0.83	1.4866395
0.835	1.4866395
0.84	1.4866395
0.845	1.4866395
0.85	1.4866395
0.855	1.4866395
0.86	1.2690825
0.865	1.4866395
0.87	1.7041965
0.875	1.4866395
0.88	1.4866395
0.885	1.4866395
0.89	1.2690825
0.895	1.0515255
0.9	1.0515255
0.905	1.0515255
0.91	1.0515255
0.915	1.0515255
0.92	1.0515255
0.925	1.2690825
0.93	1.0515255
0.935	1.2690825
0.94	1.2690825
0.945	1.2690825
0.95	1.0515255
0.955	1.2690825
0.96	1.0515255
0.965	1.0515255
0.97	1.0515255
0.975	1.0515255
0.98	1.0515255
0.985	1.0515255
0.99	1.2690825
0.995	1.2690825
1	1.2690825
1.005	1.2690825
1.01	1.2690825
1.015	1.0515255
1.02	1.0515255
1.025	1.0515255
1.03	1.2690825
1.035	1.0515255
1.04	1.0515255
1.045	1.0515255
1.05	1.0515255
1.055	1.0515255
1.06	1.0515255
1.065	0.870228
1.07	1.0515255
1.075	0.870228
1.08	0.870228
1.085	0.870228
1.09	0.870228
1.095	0.870228
1.1	0.870228
1.105	0.870228
1.11	0.870228
1.115	0.870228
1.12	1.0515255
1.125	1.0515255
1.13	0.870228
1.135	0.870228
1.14	0.870228
1.145	0.870228
1.15	0.870228
1.155	0.870228
1.16	0.870228
1.165	0.870228
1.17	0.870228
1.175	0.870228
1.18	0.652671
1.185	0.870228
1.19	0.652671
1.195	0.652671
1.2	0.652671
1.205	0.652671
1.21	0.652671
1.215	0.652671
1.22	0.435114
1.225	0.435114
1.23	0.435114
1.235	0.435114
1.24	0.652671
1.245	0.652671
1.25	0.652671
1.255	0.652671
1.26	0.652671
1.265	0.652671
1.27	0.435114
1.275	0.435114
1.28	0.435114
1.285	0.435114
1.29	0.435114
1.295	0.435114
1.3	0.652671
1.305	0.652671
1.31	0.435114
1.315	0.435114
1.32	0.435114
1.325	0.435114
1.33	0.435114
1.335	0.435114
1.34	0.435114
1.345	0.435114
1.35	0.435114
1.355	0.652671
1.36	0.435114
1.365	0.435114
1.37	0.435114
1.375	0.217557
1.38	0.217557
1.385	0.217557
1.39	0.217557
1.395	0.217557
1.4	0.217557
1.405	0.435114
1.41	0.217557
1.415	0.217557
1.42	0.435114
1.425	0.435114
1.43	0.435114
1.435	0.435114
1.44	0.435114
1.445	0.435114
1.45	0.217557
1.455	0.217557
1.46	0.217557
1.465	0.435114
1.47	0.217557
1.475	0.217557
1.48	0.217557
1.485	0.217557
1.49	0.217557
1.495	0.435114
1.5	0.435114
1.505	0.435114
1.51	0.435114
1.515	0.435114
1.52	0.435114
1.525	0.435114
1.53	0.435114
1.535	0.217557
1.54	0.217557
1.545	0
1.55	0
1.555	0
1.56	0
1.565	0
1.57	0
1.575	0
1.58	-0.217557
1.585	0
1.59	0
1.595	0
1.6	0.217557
1.605	0.217557
1.61	0.217557
1.615	0.217557
1.62	0.217557
1.625	0.217557
1.63	0
1.635	-0.217557
1.64	-0.217557
1.645	-0.217557
1.65	-0.217557
1.655	-0.217557
1.66	0
1.665	0
1.67	0
1.675	0
1.68	0
1.685	0
1.69	0
1.695	0
1.7	0
1.705	0
1.71	0.217557
1.715	0.217557
1.72	0
1.725	0
1.73	0
1.735	0
1.74	0
1.745	0
1.75	0
1.755	-0.217557
1.76	-0.217557
1.765	-0.217557
1.77	-0.217557
1.775	0
1.78	-0.217557
1.785	-0.217557
1.79	-0.217557
1.795	-0.435114
1.8	-0.435114
1.805	-0.217557
1.81	0
1.815	0.217557
1.82	0.217557
1.825	0.217557
1.83	0.217557
1.835	0.217557
1.84	0
1.845	-0.217557
1.85	-0.217557
1.855	-0.652671
1.86	-0.652671
1.865	-0.652671
1.87	-0.435114
1.875	0
1.88	0.652671
1.885	1.0515255
1.89	1.7041965
1.895	2.3568675
1.9	2.7919815
1.905	3.2270955
1.91	3.843507
1.915	4.278621
1.92	4.713735
1.925	4.931292
1.93	5.148849
1.935	4.931292
1.94	4.713735
1.945	4.496178
1.95	4.278621
1.955	3.843507
1.96	3.843507
1.965	3.62595
1.97	3.62595
1.975	3.62595
1.98	3.843507
1.985	4.061064
1.99	4.278621
1.995	4.278621
2	4.061064
2.005	3.62595
2.01	3.2270955
2.015	3.0095385
2.02	2.5744245
2.025	2.1393105
2.03	2.1393105
2.035	2.1393105
2.04	1.9217535
2.045	1.9217535
2.05	2.1393105
2.055	2.1393105
2.06	2.1393105
2.065	2.3568675
2.07	2.5744245
2.075	2.5744245
2.08	2.5744245
2.085	2.3568675
2.09	2.1393105
2.095	1.7041965
2.1	1.7041965
2.105	1.4866395
2.11	1.7041965
2.115	1.7041965
2.12	2.1393105
2.125	2.5744245
2.13	2.7919815
2.135	3.0095385
2.14	3.2270955
2.145	3.2270955
2.15	3.0095385
2.155	2.7919815
2.16	2.5744245
2.165	2.3568675
2.17	2.1393105
2.175	1.9217535
2.18	1.7041965
2.185	1.7041965
2.19	1.9217535
2.195	2.1393105
2.2	2.3568675
2.205	2.5744245
2.21	2.7919815
2.215	2.7919815
2.22	2.7919815
2.225	3.0095385
2.23	2.7919815
2.235	2.7919815
2.24	2.7919815
2.245	2.3568675
2.25	2.1393105
2.255	2.1393105
2.26	1.9217535
2.265	1.9217535
2.27	2.1393105
2.275	2.3568675
2.28	2.3568675
2.285	2.3568675
2.29	2.3568675
2.295	2.3568675
2.3	2.3568675
2.305	2.3568675
2.31	2.3568675
2.315	2.3568675
2.32	2.3568675
2.325	2.3568675
2.33	2.5744245
2.335	2.5744245
2.34	2.5744245
2.345	2.5744245
2.35	2.5744245
2.355	2.5744245
2.36	2.7919815
2.365	2.7919815
2.37	2.7919815
2.375	2.7919815
2.38	2.5744245
2.385	2.3568675
2.39	2.1393105
2.395	1.9217535
2.4	1.7041965
2.405	1.7041965
2.41	1.4866395
2.415	1.7041965
2.42	1.7041965
2.425	1.9217535
2.43	1.9217535
2.435	2.1393105
2.44	2.1393105
2.445	2.1393105
2.45	2.3568675
2.455	2.3568675
2.46	2.3568675
2.465	2.1393105
2.47	2.1393105
2.475	1.9217535
2.48	1.9217535
2.485	1.7041965
2.49	1.7041965
2.495	1.4866395
2.5	1.4866395
2.505	1.4866395
2.51	1.7041965
2.515	1.7041965
2.52	1.9217535
2.525	1.7041965
2.53	1.9217535
2.535	1.7041965
2.54	1.7041965
2.545	1.4866395
2.55	1.4866395
2.555	1.2690825
2.56	1.2690825
2.565	1.0515255
2.57	1.0515255
2.575	1.2690825
2.58	1.4866395
2.585	1.7041965
2.59	1.7041965
2.595	1.7041965
2.6	1.7041965
2.605	1.7041965
2.61	1.4866395
2.615	1.4866395
2.62	1.2690825
2.625	1.2690825
2.63	1.2690825
2.635	1.2690825
2.64	1.2690825
2.645	1.2690825
2.65	1.2690825
2.655	1.2690825
2.66	1.2690825
2.665	1.4866395
2.67	1.7041965
2.675	1.4866395
2.68	1.4866395
2.685	1.7041965
2.69	1.4866395
2.695	1.4866395
2.7	1.4866395
2.705	1.2690825
2.71	1.2690825
2.715	1.2690825
2.72	1.2690825
2.725	1.0515255
2.73	1.0515255
2.735	1.0515255
2.74	1.2690825
2.745	1.2690825
2.75	1.2690825
2.755	1.4866395
2.76	1.4866395
2.765	1.2690825
2.77	1.2690825
2.775	1.2690825
2.78	1.2690825
2.785	1.0515255
2.79	1.0515255
2.795	1.0515255
2.8	1.0515255
2.805	1.0515255
2.81	1.0515255
2.815	1.0515255
2.82	1.0515255
2.825	1.0515255
2.83	1.2690825
2.835	1.2690825
2.84	1.2690825
2.845	1.0515255
2.85	1.0515255
2.855	1.0515255
2.86	1.0515255
2.865	1.0515255
2.87	1.2690825
2.875	1.2690825
2.88	1.4866395
2.885	1.7041965
2.89	1.7041965
2.895	1.7041965
2.9	1.7041965
2.905	1.4866395
2.91	1.2690825
2.915	1.0515255
2.92	1.0515255
2.925	1.0515255
2.93	0.870228
2.935	0.870228
2.94	0.870228
2.945	0.870228
2.95	0.870228
2.955	1.0515255
2.96	1.0515255
2.965	1.0515255
2.97	0.870228
2.975	0.870228
2.98	0.652671
2.985	0.652671
2.99	0.652671
2.995	0.435114
3	0.435114
3.005	0.652671
3.01	0.652671
3.015	0.652671
3.02	0.870228
3.025	0.870228
3.03	0.870228
3.035	0.870228
3.04	0.870228
3.045	0.870228
3.05	0.870228
3.055	0.652671
3.06	0.435114
3.065	0.435114
3.07	0.217557
3.075	0.217557
3.08	0.217557
3.085	0.435114
3.09	0.435114
3.095	0.435114
3.1	0.652671
3.105	0.652671
3.11	0.870228
3.115	0.870228
3.12	0.870228
3.125	0.652671
3.13	0.435114
3.135	0.435114
3.14	0.217557
3.145	0.435114
3.15	0.435114
3.155	0.435114
3.16	0.652671
3.165	0.435114
3.17	0.652671
3.175	0.652671
3.18	0.435114
3.185	0.435114
3.19	0.652671
3.195	0.870228
3.2	0.870228
3.205	0.870228
3.21	1.0515255
3.215	1.0515255
3.22	0.870228
3.225	0.870228
3.23	0.652671
3.235	0.435114
3.24	0.435114
3.245	0.217557
3.25	0
3.255	0
3.26	0
3.265	0.217557
3.27	0.435114
3.275	0.435114
3.28	0.652671
3.285	0.870228
3.29	0.870228
3.295	0.870228
3.3	0.870228
3.305	0.870228
3.31	0.652671
3.315	0.435114
3.32	0.217557
3.325	0.217557
3.33	0
3.335	0
3.34	0
3.345	0.217557
3.35	0.217557
3.355	0.435114
3.36	0.652671
3.365	0.652671
3.37	0.652671
3.375	0.652671
3.38	0.652671
3.385	0.652671
3.39	0.435114
3.395	0.217557
3.4	0.217557
3.405	0
3.41	-0.217557
3.415	0
3.42	0
3.425	0
3.43	0.217557
3.435	0.217557
3.44	0.217557
3.445	0
3.45	0
3.455	-0.217557
3.46	-0.217557
3.465	-0.217557
3.47	-0.217557
3.475	-0.217557
3.48	-0.217557
3.485	-0.217557
3.49	-0.435114
3.495	-0.435114
3.5	-0.435114
3.505	-0.435114
3.51	-0.435114
3.515	-0.435114
3.52	-0.435114
3.525	-0.435114
3.53	-0.435114
3.535	-0.435114
3.54	-0.435114
3.545	-0.652671
3.55	-0.435114
3.555	-0.652671
3.56	-0.652671
3.565	-0.652671
3.57	-0.652671
3.575	-0.652671
3.58	-0.652671
3.585	-0.870228
3.59	-0.652671
3.595	-0.652671
3.6	-0.652671
3.605	-0.652671
3.61	-0.652671
3.615	-0.652671
3.62	-0.652671
3.625	-0.652671
3.63	-0.652671
3.635	-0.435114
3.64	-0.435114
3.645	-0.435114
3.65	-0.217557
3.655	-0.435114
3.66	-0.435114
3.665	-0.435114
3.67	-0.652671
3.675	-0.652671
3.68	-0.870228
3.685	-0.870228
3.69	-0.870228
3.695	-0.870228
3.7	-0.870228
3.705	-0.870228
3.71	-0.870228
3.715	-0.870228
3.72	-0.652671
3.725	-0.652671
3.73	-0.435114
3.735	-0.435114
3.74	-0.217557
3.745	-0.435114
3.75	-0.652671
3.755	-0.652671
3.76	-0.870228
3.765	-0.870228
3.77	-0.870228
3.775	-0.870228
3.78	-0.870228
3.785	-0.870228
3.79	-0.652671
3.795	-0.652671
3.8	-0.217557
3.805	-0.217557
3.81	-0.217557
3.815	-0.217557
3.82	-0.217557
3.825	-0.435114
3.83	-0.652671
3.835	-0.870228
3.84	-1.087785
3.845	-1.087785
3.85	-1.087785
3.855	-1.087785
3.86	-1.087785
3.865	-0.652671
3.87	-0.652671
3.875	-0.435114
3.88	-0.217557
3.885	-0.217557
3.89	0
3.895	-0.217557
3.9	-0.217557
3.905	-0.217557
3.91	-0.217557
3.915	-0.435114
3.92	-0.435114
3.925	-0.435114
3.93	-0.435114
3.935	-0.435114
3.94	-0.435114
3.945	-0.435114
3.95	-0.435114
3.955	-0.217557
3.96	-0.217557
3.965	-0.217557
3.97	0
3.975	0
3.98	0
3.985	0
3.99	0
3.995	-0.217557
4	-0.435114
4.005	-0.435114
4.01	-0.435114
4.015	-0.652671
4.02	-0.652671
4.025	-0.652671
4.03	-0.652671
4.035	-0.652671
4.04	-0.870228
4.045	-0.870228
4.05	-0.870228
4.055	-0.870228
4.06	-0.870228
4.065	-0.870228
4.07	-1.087785
4.075	-1.087785
4.08	-1.087785
4.085	-1.087785
4.09	-1.087785
4.095	-1.087785
4.1	-1.087785
4.105	-0.870228
4.11	-0.870228
4.115	-0.870228
4.12	-1.087785
4.125	-1.087785
4.13	-1.087785
4.135	-1.087785
4.14	-1.087785
4.145	-1.087785
4.15	-1.087785
4.155	-1.087785
4.16	-1.087785
4.165	-1.087785
4.17	-1.087785
4.175	-1.087785
4.18	-1.087785
4.185	-0.870228
4.19	-0.870228
4.195	-1.087785
4.2	-1.087785
4.205	-0.870228
4.21	-1.087785
4.215	-1.087785
4.22	-1.087785
4.225	-1.087785
4.23	-1.087785
4.235	-0.870228
4.24	-0.870228
4.245	-0.870228
4.25	-0.870228
4.255	-0.652671
4.26	-0.870228
4.265	-0.870228
4.27	-0.870228
4.275	-1.087785
4.28	-1.087785
4.285	-1.087785
4.29	-1.087785
4.295	-0.870228
4.3	-1.087785
4.305	-0.870228
4.31	-1.087785
4.315	-1.087785
4.32	-1.087785
4.325	-1.087785
4.33	-1.087785
4.335	-0.870228
4.34	-0.870228
4.345	-0.870228
4.35	-0.870228
4.355	-0.652671
4.36	-0.652671
4.365	-0.652671
4.37	-0.870228
4.375	-0.870228
4.38	-1.087785
4.385	-1.087785
4.39	-1.087785
4.395	-0.870228
4.4	-1.087785
4.405	-0.870228
4.41	-1.087785
4.415	-0.870228
4.42	-0.870228
4.425	-0.652671
4.43	-0.652671
4.435	-0.435114
4.44	-0.435114
4.445	-0.435114
4.45	-0.652671
4.455	-0.652671
4.46	-0.652671
4.465	-0.870228
4.47	-0.870228
4.475	-1.087785
4.48	-1.087785
4.485	-1.2690825
4.49	-1.087785
4.495	-1.087785
4.5	-0.870228
4.505	-0.652671
4.51	-0.652671
4.515	-0.652671
4.52	-0.870228
4.525	-0.870228
4.53	-1.087785
4.535	-1.087785
4.54	-0.870228
4.545	-1.087785
4.55	-1.087785
4.555	-1.087785
4.56	-1.087785
4.565	-1.2690825
4.57	-1.087785
4.575	-1.087785
4.58	-1.087785
4.585	-1.087785
4.59	-0.870228
4.595	-0.870228
4.6	-0.870228
4.605	-0.870228
4.61	-0.870228
4.615	-1.087785
4.62	-1.2690825
4.625	-1.2690825
4.63	-1.4866395
4.635	-1.4866395
4.64	-1.2690825
4.645	-1.2690825
4.65	-1.2690825
4.655	-1.2690825
4.66	-1.087785
4.665	-1.087785
4.67	-1.087785
4.675	-1.087785
4.68	-1.087785
4.685	-1.087785
4.69	-1.087785
4.695	-1.087785
4.7	-1.087785
4.705	-1.087785
4.71	-1.087785
4.715	-1.2690825
4.72	-1.2690825
4.725	-1.2690825
4.73	-1.087785
4.735	-1.2690825
4.74	-1.2690825
4.745	-1.2690825
4.75	-1.2690825
4.755	-1.4866395
4.76	-1.2690825
4.765	-1.087785
4.77	-1.087785
4.775	-0.870228
4.78	-0.870228
4.785	-0.870228
4.79	-0.870228
4.795	-1.087785
4.8	-1.087785
4.805	-1.2690825
4.81	-1.2690825
4.815	-1.2690825
4.82	-1.2690825
4.825	-1.2690825
4.83	-1.087785
4.835	-1.087785
4.84	-0.870228
4.845	-0.870228
4.85	-0.870228
4.855	-0.870228
4.86	-1.087785
4.865	-1.087785
4.87	-1.2690825
4.875	-1.4866395
4.88	-1.7041965
4.885	-1.7041965
4.89	-1.7041965
4.895	-1.7041965
4.9	-1.4866395
4.905	-1.4866395
4.91	-1.2690825
4.915	-1.2690825
4.92	-1.2690825
4.925	-1.2690825
4.93	-1.2690825
4.935	-1.2690825
4.94	-1.2690825
4.945	-1.2690825
4.95	-1.2690825
4.955	-1.2690825
4.96	-1.4866395
4.965	-1.4866395
4.97	-1.4866395
4.975	-1.4866395
4.98	-1.4866395
4.985	-1.2690825
4.99	-1.087785
4.995	-1.087785
5	-1.087785
5.005	-1.087785
5.01	-1.087785
5.015	-1.2690825
5.02	-1.2690825
5.025	-1.2690825
5.03	-1.087785
5.035	-1.087785
5.04	-0.652671
5.045	-0.435114
5.05	0
5.055	0.435114
5.06	0.870228
5.065	0.870228
5.07	1.0515255
5.075	1.0515255
5.08	1.0515255
5.085	1.2690825
5.09	1.2690825
5.095	1.4866395
5.1	1.4866395
5.105	1.4866395
5.11	1.4866395
5.115	1.2690825
5.12	1.0515255
5.125	0.870228
5.13	0.870228
5.135	0.652671
5.14	0.435114
5.145	0.435114
5.15	0.217557
5.155	0.217557
5.16	0.217557
5.165	0.217557
5.17	0.217557
5.175	0.435114
5.18	0.435114
5.185	0.435114
5.19	0.435114
5.195	0.435114
5.2	0.217557
5.205	0
5.21	-0.217557
5.215	-0.217557
5.22	-0.435114
5.225	-0.652671
5.23	-0.652671
5.235	-0.652671
5.24	-0.652671
5.245	-0.435114
5.25	-0.435114
5.255	-0.217557
5.26	-0.217557
5.265	0
5.27	0.217557
5.275	0.217557
5.28	0.217557
5.285	0.435114
5.29	0.435114
5.295	0.435114
5.3	0.435114
5.305	0.435114
5.31	0.435114
5.315	0.217557
5.32	0.217557
5.325	0.217557
5.33	0.217557
5.335	0.217557
5.34	0.435114
5.345	0.435114
5.35	0.435114
5.355	0.435114
5.36	0.435114
5.365	0.217557
5.37	0
5.375	0
5.38	0
5.385	-0.217557
5.39	-0.217557
5.395	-0.217557
5.4	-0.217557
5.405	-0.217557
5.41	0
5.415	0
5.42	0
5.425	0
5.43	0
5.435	0
5.44	0
5.445	-0.217557
5.45	-0.217557
5.455	-0.217557
5.46	-0.435114
5.465	-0.652671
5.47	-0.652671
5.475	-0.652671
5.48	-0.652671
5.485	-0.652671
5.49	-0.652671
5.495	-0.435114
5.5	-0.435114
5.505	-0.435114
5.51	-0.435114
5.515	-0.435114
5.52	-0.435114
5.525	-0.435114
5.53	-0.652671
5.535	-0.435114
5.54	-0.435114
5.545	-0.435114
5.55	-0.435114
5.555	-0.435114
5.56	-0.435114
5.565	-0.435114
5.57	-0.217557
5.575	-0.435114
5.58	-0.435114
5.585	-0.652671
5.59	-0.652671
5.595	-0.870228
5.6	-0.870228
5.605	-0.870228
5.61	-0.870228
5.615	-1.087785
5.62	-0.870228
5.625	-0.870228
5.63	-0.870228
5.635	-0.870228
5.64	-0.870228
5.645	-0.870228
5.65	-0.870228
5.655	-0.870228
5.66	-1.087785
5.665	-1.087785
5.67	-1.087785
5.675	-1.087785
5.68	-1.087785
5.685	-1.2690825
5.69	-1.087785
5.695	-1.087785
5.7	-1.2690825
5.705	-1.087785
5.71	-1.087785
5.715	-1.087785
5.72	-1.087785
5.725	-0.870228
5.73	-0.870228
5.735	-0.870228
5.74	-0.870228
5.745	-0.870228
5.75	-0.870228
5.755	-0.870228
5.76	-0.870228
5.765	-0.870228
5.77	-0.870228
5.775	-1.087785
5.78	-0.870228
5.785	-1.087785
5.79	-1.087785
5.795	-1.2690825
5.8	-1.2690825
5.805	-1.2690825
5.81	-1.2690825
5.815	-1.2690825
5.82	-1.087785
5.825	-1.087785
5.83	-1.087785
5.835	-1.087785
5.84	-1.087785
5.845	-0.870228
5.85	-0.870228
5.855	-1.087785
5.86	-0.870228
5.865	-1.087785
5.87	-1.2690825
5.875	-1.4866395
5.88	-1.4866395
5.885	-1.7041965
5.89	-1.7041965
5.895	-1.7041965
5.9	-1.4866395
5.905	-1.4866395
5.91	-1.4866395
5.915	-1.4866395
5.92	-1.4866395
5.925	-1.2690825
5.93	-1.2690825
5.935	-1.2690825
5.94	-1.2690825
5.945	-1.2690825
5.95	-1.2690825
5.955	-1.4866395
5.96	-1.7041965
5.965	-1.7041965
5.97	-1.7041965
5.975	-1.7041965
5.98	-1.7041965
5.985	-1.7041965
5.99	-1.7041965
5.995	-1.7041965
6	-1.7041965
6.005	-1.7041965
6.01	-1.7041965
6.015	-1.4866395
6.02	-1.7041965
6.025	-1.7041965
6.03	-1.7041965
6.035	-1.9217535
6.04	-1.9217535
6.045	-1.9217535
6.05	-2.1393105
6.055	-1.9217535
6.06	-2.1393105
6.065	-2.1393105
6.07	-1.9217535
6.075	-1.9217535
6.08	-1.9217535
6.085	-1.7041965
6.09	-1.7041965
6.095	-1.4866395
6.1	-1.4866395
6.105	-1.4866395
6.11	-1.7041965
6.115	-1.4866395
6.12	-1.7041965
6.125	-1.7041965
6.13	-1.9217535
6.135	-1.9217535
6.14	-2.1393105
6.145	-2.1393105
6.15	-2.1393105
6.155	-2.1393105
6.16	-2.1393105
6.165	-2.1393105
6.17	-2.1393105
6.175	-1.9217535
6.18	-1.9217535
6.185	-1.9217535
6.19	-1.7041965
6.195	-1.7041965
6.2	-1.7041965
6.205	-1.9217535
6.21	-1.9217535
6.215	-1.7041965
6.22	-1.7041965
6.225	-1.7041965
6.23	-1.9217535
6.235	-1.7041965
6.24	-1.7041965
6.245	-1.7041965
6.25	-1.7041965
6.255	-1.7041965
6.26	-1.7041965
6.265	-1.7041965
6.27	-1.9217535
6.275	-1.9217535
6.28	-1.9217535
6.285	-1.7041965
6.29	-1.9217535
6.295	-1.7041965
6.3	-1.7041965
6.305	-1.7041965
6.31	-1.7041965
6.315	-1.7041965
6.32	-1.7041965
6.325	-1.7041965
6.33	-1.7041965
6.335	-1.7041965
6.34	-1.7041965
6.345	-1.7041965
6.35	-1.4866395
6.355	-1.4866395
6.36	-1.4866395
6.365	-1.4866395
6.37	-1.4866395
6.375	-1.4866395
6.38	-1.7041965
6.385	-1.7041965
6.39	-1.7041965
6.395	-1.7041965
6.4	-1.7041965
6.405	-1.7041965
6.41	-1.7041965
6.415	-1.4866395
6.42	-1.2690825
6.425	-1.087785
6.43	-0.870228
6.435	-0.652671
6.44	-0.652671
6.445	-0.652671
6.45	-0.652671
6.455	-0.870228
6.46	-0.870228
6.465	-0.870228
6.47	-1.087785
6.475	-1.2690825
6.48	-1.4866395
6.485	-1.4866395
6.49	-1.7041965
6.495	-1.7041965
6.5	-1.7041965
6.505	-1.4866395
6.51	-1.2690825
6.515	-1.2690825
6.52	-1.087785
6.525	-0.870228
6.53	-0.870228
6.535	-0.652671
6.54	-0.870228
6.545	-0.870228
6.55	-1.087785
6.555	-1.087785
6.56	-1.2690825
6.565	-1.4866395
6.57	-1.4866395
6.575	-1.4866395
6.58	-1.7041965
6.585	-1.7041965
6.59	-1.7041965
6.595	-1.7041965
6.6	-1.9217535
6.605	-1.9217535
6.61	-1.7041965
6.615	-1.4866395
6.62	-1.4866395
6.625	-1.2690825
6.63	-1.2690825
6.635	-1.2690825
6.64	-1.4866395
6.645	-1.4866395
6.65	-1.4866395
6.655	-1.4866395
6.66	-1.4866395
6.665	-1.4866395
6.67	-1.4866395
6.675	-1.4866395
6.68	-1.2690825
6.685	-1.2690825
6.69	-1.2690825
6.695	-1.2690825
6.7	-1.2690825
6.705	-1.2690825
6.71	-1.2690825
6.715	-1.2690825
6.72	-1.4866395
6.725	-1.4866395
6.73	-1.4866395
6.735	-1.4866395
6.74	-1.7041965
6.745	-1.4866395
6.75	-1.4866395
6.755	-1.2690825
6.76	-1.2690825
6.765	-1.2690825
6.77	-1.4866395
6.775	-1.4866395
6.78	-1.7041965
6.785	-1.7041965
6.79	-1.7041965
6.795	-1.7041965
6.8	-1.7041965
6.805	-1.7041965
6.81	-1.4866395
6.815	-1.4866395
6.82	-1.4866395
6.825	-1.4866395
6.83	-1.2690825
6.835	-1.4866395
6.84	-1.4866395
6.845	-1.4866395
6.85	-1.4866395
6.855	-1.4866395
6.86	-1.4866395
6.865	-1.4866395
6.87	-1.4866395
6.875	-1.4866395
6.88	-1.4866395
6.885	-1.2690825
6.89	-1.2690825
6.895	-1.4866395
6.9	-1.4866395
6.905	-1.4866395
6.91	-1.4866395
6.915	-1.7041965
6.92	-1.4866395
6.925	-1.7041965
6.93	-1.7041965
6.935	-1.7041965
6.94	-1.7041965
6.945	-1.7041965
6.95	-1.7041965
6.955	-1.7041965
6.96	-1.4866395
6.965	-1.2690825
6.97	-1.087785
6.975	-1.087785
6.98	-0.870228
6.985	-0.870228
6.99	-0.652671
6.995	-0.870228
7	-0.870228
7.005	-0.870228
7.01	-0.870228
7.015	-1.087785
7.02	-1.087785
7.025	-1.2690825
7.03	-1.2690825
7.035	-1.4866395
7.04	-1.4866395
7.045	-1.2690825
7.05	-1.2690825
7.055	-1.2690825
7.06	-1.087785
7.065	-1.087785
7.07	-0.870228
7.075	-0.870228
7.08	-0.652671
7.085	-0.870228
7.09	-0.870228
7.095	-1.087785
7.1	-1.087785
7.105	-1.2690825
7.11	-1.4866395
7.115	-1.4866395
7.12	-1.4866395
7.125	-1.4866395
7.13	-1.2690825
7.135	-1.087785
7.14	-0.870228
7.145	-0.870228
7.15	-0.870228
7.155	-0.870228
7.16	-0.870228
7.165	-1.087785
7.17	-1.2690825
7.175	-1.2690825
7.18	-1.2690825
7.185	-1.4866395
7.19	-1.4866395
7.195	-1.2690825
7.2	-1.2690825
7.205	-1.2690825
7.21	-1.2690825
7.215	-1.087785
7.22	-1.087785
7.225	-1.087785
7.23	-1.087785
7.235	-1.087785
7.24	-1.087785
7.245	-1.2690825
7.25	-1.2690825
7.255	-1.2690825
7.26	-1.2690825
7.265	-1.2690825
7.27	-1.2690825
7.275	-1.2690825
7.28	-1.2690825
7.285	-1.2690825
7.29	-1.2690825
7.295	-1.2690825
7.3	-1.2690825
7.305	-1.4866395
7.31	-1.4866395
7.315	-1.4866395
7.32	-1.2690825
7.325	-1.2690825
7.33	-1.2690825
7.335	-1.087785
7.34	-1.087785
7.345	-1.087785
7.35	-1.087785
7.355	-1.2690825
7.36	-1.4866395
7.365	-1.4866395
7.37	-1.4866395
7.375	-1.4866395
7.38	-1.4866395
7.385	-1.2690825
7.39	-1.2690825
7.395	-1.4866395
7.4	-1.2690825
7.405	-1.2690825
7.41	-1.2690825
7.415	-1.2690825
7.42	-1.087785
7.425	-1.2690825
7.43	-1.2690825
7.435	-1.087785
7.44	-1.087785
7.445	-1.2690825
7.45	-1.2690825
7.455	-1.2690825
7.46	-1.4866395
7.465	-1.4866395
7.47	-1.7041965
7.475	-1.7041965
7.48	-1.7041965
7.485	-1.7041965
7.49	-1.4866395
7.495	-1.2690825
7.5	-1.087785
7.505	-1.087785
7.51	-1.087785
7.515	-0.870228
7.52	-0.870228
7.525	-1.087785
7.53	-1.2690825
7.535	-1.2690825
7.54	-1.4866395
7.545	-1.7041965
7.55	-1.7041965
7.555	-1.4866395
7.56	-1.4866395
7.565	-1.2690825
7.57	-1.087785
7.575	-1.087785
7.58	-0.870228
7.585	-0.870228
7.59	-0.652671
7.595	-0.870228
7.6	-1.087785
7.605	-1.2690825
7.61	-1.2690825
7.615	-1.4866395
7.62	-1.7041965
7.625	-1.4866395
7.63	-1.4866395
7.635	-1.4866395
7.64	-1.2690825
7.645	-1.087785
7.65	-1.087785
7.655	-0.870228
7.66	-0.870228
7.665	-0.870228
7.67	-0.870228
7.675	-0.870228
7.68	-1.087785
7.685	-1.2690825
7.69	-1.2690825
7.695	-1.4866395
7.7	-1.4866395
7.705	-1.4866395
7.71	-1.2690825
7.715	-1.087785
7.72	-0.870228
7.725	-0.870228
7.73	-0.435114
7.735	-0.652671
7.74	-0.652671
7.745	-0.870228
7.75	-0.870228
7.755	-1.2690825
7.76	-1.2690825
7.765	-1.4866395
7.77	-1.4866395
7.775	-1.2690825
7.78	-1.2690825
7.785	-1.2690825
7.79	-1.2690825
7.795	-1.2690825
7.8	-1.2690825
7.805	-1.2690825
7.81	-1.2690825
7.815	-1.087785
7.82	-1.087785
7.825	-1.2690825
7.83	-1.087785
7.835	-1.087785
7.84	-1.087785
7.845	-0.870228
7.85	-0.870228
7.855	-1.087785
7.86	-1.087785
7.865	-1.2690825
7.87	-1.2690825
7.875	-1.2690825
7.88	-1.087785
7.885	-0.652671
7.89	-0.652671
7.895	-0.652671
7.9	-0.435114
7.905	-0.652671
7.91	-0.870228
7.915	-1.087785
7.92	-1.087785
7.925	-1.087785
7.93	-1.2690825
7.935	-1.2690825
7.94	-1.2690825
7.945	-1.4866395
7.95	-1.4866395
7.955	-1.2690825
7.96	-1.087785
7.965	-0.870228
7.97	-0.870228
7.975	-0.870228
7.98	-0.870228
7.985	-0.870228
7.99	-0.870228
7.995	-0.870228
8	-0.870228
8.005	-0.870228
8.01	-0.870228
8.015	-0.870228
8.02	-1.087785
8.025	-0.870228
8.03	-0.870228
8.035	-0.870228
8.04	-0.652671
8.045	-0.652671
8.05	-0.652671
8.055	-0.870228
8.06	-0.870228
8.065	-1.087785
8.07	-1.087785
8.075	-1.087785
8.08	-1.087785
8.085	-1.087785
8.09	-0.870228
8.095	-0.870228
8.1	-0.870228
8.105	-0.870228
8.11	-0.870228
8.115	-0.870228
8.12	-0.870228
8.125	-0.870228
8.13	-0.652671
8.135	-0.652671
8.14	-0.652671
8.145	-0.435114
8.15	-0.435114
8.155	-0.435114
8.16	-0.435114
8.165	-0.435114
8.17	-0.435114
8.175	-0.435114
8.18	-0.652671
8.185	-0.652671
8.19	-0.652671
8.195	-1.087785
8.2	-1.2690825
8.205	-1.2690825
8.21	-1.2690825
8.215	-1.2690825
8.22	-1.087785
8.225	-0.870228
8.23	-0.652671
8.235	-0.652671
8.24	-0.435114
8.245	-0.435114
8.25	-0.435114
8.255	-0.435114
8.26	-0.435114
8.265	-0.652671
8.27	-0.652671
8.275	-0.652671
8.28	-0.870228
8.285	-0.870228
8.29	-1.087785
8.295	-1.087785
8.3	-1.087785
8.305	-1.087785
8.31	-1.2690825
8.315	-1.087785
8.32	-1.2690825
8.325	-1.2690825
8.33	-1.087785
8.335	-1.087785
8.34	-0.870228
8.345	-0.652671
8.35	-0.435114
8.355	-0.435114
8.36	-0.435114
8.365	-0.652671
8.37	-0.870228
8.375	-1.087785
8.38	-1.2690825
8.385	-1.2690825
8.39	-1.4866395
8.395	-1.2690825
8.4	-1.2690825
8.405	-1.2690825
8.41	-1.087785
8.415	-0.870228
8.42	-0.870228
8.425	-0.870228
8.43	-0.870228
8.435	-1.087785
8.44	-1.087785
8.445	-1.087785
8.45	-1.087785
8.455	-1.087785
8.46	-1.087785
8.465	-1.087785
8.47	-1.087785
8.475	-1.087785
8.48	-0.870228
8.485	-0.870228
8.49	-0.652671
8.495	-0.435114
8.5	-0.435114
8.505	-0.652671
8.51	-0.652671
8.515	-0.652671
8.52	-0.652671
8.525	-0.870228
8.53	-0.870228
8.535	-0.870228
8.54	-1.087785
8.545	-1.087785
8.55	-1.087785
8.555	-1.087785
8.56	-0.870228
8.565	-0.652671
8.57	-0.652671
8.575	-0.435114
8.58	-0.435114
8.585	-0.652671
8.59	-0.652671
8.595	-0.652671
8.6	-0.870228
8.605	-1.087785
8.61	-1.087785
8.615	-0.870228
8.62	-0.870228
8.625	-0.870228
8.63	-0.652671
8.635	-0.435114
8.64	-0.435114
8.645	-0.652671
8.65	-0.435114
8.655	-0.652671
8.66	-0.652671
8.665	-0.652671
8.67	-0.652671
8.675	-0.652671
8.68	-0.652671
8.685	-0.652671
8.69	-0.652671
8.695	-0.435114
8.7	-0.435114
8.705	-0.435114
8.71	-0.652671
8.715	-0.652671
8.72	-1.087785
8.725	-1.2690825
8.73	-1.4866395
8.735	-1.4866395
8.74	-1.4866395
8.745	-1.2690825
8.75	-1.087785
8.755	-1.087785
8.76	-0.870228
8.765	-0.652671
8.77	-0.652671
8.775	-0.652671
8.78	-0.435114
8.785	-0.652671
8.79	-0.870228
8.795	-0.870228
8.8	-1.087785
8.805	-1.087785
8.81	-0.870228
8.815	-0.870228
8.82	-0.652671
8.825	-0.652671
8.83	-0.652671
8.835	-0.870228
8.84	-0.870228
8.845	-1.087785
8.85	-1.087785
8.855	-1.087785
8.86	-1.087785
8.865	-1.087785
8.87	-1.087785
8.875	-1.087785
8.88	-1.087785
8.885	-0.870228
8.89	-0.652671
8.895	-0.652671
8.9	-0.435114
8.905	-0.435114
8.91	-0.435114
8.915	-0.435114
8.92	-0.435114
8.925	-0.652671
8.93	-0.870228
8.935	-0.870228
8.94	-0.870228
8.945	-1.087785
8.95	-1.087785
8.955	-1.087785
8.96	-1.087785
8.965	-1.2690825
8.97	-1.087785
8.975	-1.087785
8.98	-0.870228
8.985	-0.652671
8.99	-0.435114
8.995	-0.435114
9	-0.217557
9.005	-0.435114
9.01	-0.435114
9.015	-0.435114
9.02	-0.652671
9.025	-0.652671
9.03	-0.652671
9.035	-0.652671
9.04	-0.652671
9.045	-0.435114
9.05	-0.435114
9.055	-0.435114
9.06	-0.435114
9.065	-0.435114
9.07	-0.217557
9.075	-0.217557
9.08	-0.217557
9.085	-0.217557
9.09	0
9.095	0
9.1	-0.217557
9.105	-0.217557
9.11	-0.217557
9.115	-0.435114
9.12	-0.435114
9.125	-0.435114
9.13	-0.435114
9.135	-0.217557
9.14	-0.217557
9.145	0
9.15	0.217557
9.155	0.435114
9.16	0.435114
9.165	0.435114
9.17	0.435114
9.175	0.217557
9.18	0
9.185	0
9.19	-0.435114
9.195	-0.435114
9.2	-0.435114
9.205	-0.652671
9.21	-0.652671
9.215	-0.435114
9.22	-0.652671
9.225	-0.435114
9.23	-0.435114
9.235	-0.217557
9.24	-0.217557
9.245	-0.217557
9.25	-0.217557
9.255	-0.217557
9.26	-0.435114
9.265	-0.435114
9.27	-0.435114
9.275	-0.435114
9.28	-0.435114
9.285	-0.435114
9.29	-0.435114
9.295	-0.435114
9.3	-0.217557
9.305	-0.435114
9.31	-0.435114
9.315	-0.435114
9.32	-0.435114
9.325	-0.652671
9.33	-0.652671
9.335	-0.652671
9.34	-0.435114
9.345	-0.217557
9.35	-0.217557
9.355	0
9.36	0
9.365	0.217557
9.37	0.217557
9.375	0.217557
9.38	0
9.385	0
9.39	0
9.395	0
9.4	0
9.405	0
9.41	-0.217557
9.415	0
9.42	0
9.425	0
9.43	0
9.435	0
9.44	0
9.445	-0.217557
9.45	-0.435114
9.455	-0.652671
9.46	-0.652671
9.465	-0.870228
9.47	-0.652671
9.475	-0.652671
9.48	-0.652671
9.485	-0.652671
9.49	-0.652671
9.495	-0.652671
9.5	-0.435114
9.505	-0.435114
9.51	-0.217557
9.515	-0.435114
9.52	-0.435114
9.525	-0.435114
9.53	-0.435114
9.535	-0.435114
9.54	-0.652671
9.545	-0.870228
9.55	-0.870228
9.555	-0.870228
9.56	-0.870228
9.565	-0.870228
9.57	-0.652671
9.575	-0.652671
9.58	-0.652671
9.585	-0.435114
9.59	-0.217557
9.595	0
9.6	0
9.605	0.217557
9.61	0
9.615	0.217557
9.62	0
9.625	0
9.63	-0.217557
9.635	-0.217557
9.64	-0.435114
9.645	-0.435114
9.65	-0.435114
9.655	-0.435114
9.66	-0.435114
9.665	-0.435114
9.67	-0.435114
9.675	-0.435114
9.68	-0.435114
9.685	-0.435114
9.69	-0.435114
9.695	-0.435114
9.7	-0.217557
9.705	-0.217557
9.71	-0.217557
9.715	-0.435114
9.72	-0.435114
9.725	-0.435114
9.73	-0.435114
9.735	-0.217557
9.74	-0.217557
9.745	-0.435114
9.75	-0.217557
9.755	-0.435114
9.76	-0.435114
9.765	-0.435114
9.77	-0.435114
9.775	-0.435114
9.78	-0.217557
9.785	-0.435114
9.79	-0.435114
9.795	-0.435114
9.8	-0.435114
9.805	-0.652671
9.81	-0.652671
9.815	-0.435114
9.82	-0.435114
9.825	-0.435114
9.83	-0.435114
9.835	-0.435114
9.84	-0.435114
9.845	-0.435114
9.85	-0.435114
9.855	-0.435114
9.86	-0.652671
9.865	-0.652671
9.87	-0.652671
9.875	-0.652671
9.88	-0.652671
9.885	-0.652671
9.89	-0.435114
9.895	-0.435114
9.9	-0.217557
9.905	-0.217557
9.91	-0.217557
9.915	-0.435114
9.92	-0.652671
9.925	-0.652671
9.93	-0.652671
9.935	-0.652671
9.94	-0.652671
9.945	-0.652671
9.95	-0.652671
9.955	-0.652671
9.96	-0.435114
9.965	-0.435114
9.97	-0.435114
9.975	-0.435114
9.98	-0.435114
9.985	-0.435114
9.99	-0.652671
9.995	-0.652671
10	-0.435114
10.005	-0.435114
10.01	-0.652671
10.015	-0.652671
10.02	-0.652671
10.025	-0.870228
10.03	-0.870228
10.035	-0.652671
10.04	-0.652671
10.045	-0.652671
10.05	-0.652671
10.055	-0.652671
10.06	-0.652671
10.065	-0.652671
10.07	-0.652671
10.075	-0.435114
10.08	-0.435114
10.085	-0.435114
10.09	-0.652671
10.095	-0.652671
10.1	-0.652671
10.105	-0.652671
10.11	-0.870228
10.115	-0.870228
10.12	-0.870228
10.125	-0.652671
10.13	-0.652671
10.135	-0.435114
10.14	-0.435114
10.145	-0.435114
10.15	-0.652671
10.155	-0.652671
10.16	-0.652671
10.165	-0.652671
10.17	-0.652671
10.175	-0.652671
10.18	-0.652671
10.185	-0.652671
10.19	-0.652671
10.195	-0.652671
10.2	-0.652671
10.205	-0.870228
10.21	-0.870228
10.215	-0.870228
10.22	-0.652671
10.225	-0.652671
10.23	-0.652671
10.235	-0.435114
10.24	-0.435114
10.245	-0.435114
10.25	-0.435114
10.255	-0.435114
10.26	-0.435114
10.265	-0.652671
10.27	-0.652671
10.275	-0.652671
10.28	-0.652671
10.285	-0.652671
10.29	-0.652671
10.295	-0.435114
10.3	-0.435114
10.305	-0.435114
10.31	-0.435114
10.315	-0.217557
10.32	-0.435114
10.325	-0.217557
10.33	-0.435114
10.335	-0.435114
10.34	-0.435114
10.345	-0.435114
10.35	-0.652671
10.355	-0.652671
10.36	-0.652671
10.365	-0.652671
10.37	-0.652671
10.375	-0.435114
10.38	-0.435114
10.385	-0.435114
10.39	-0.435114
10.395	-0.652671
10.4	-0.652671
10.405	-0.435114
10.41	-0.435114
10.415	-0.435114
10.42	-0.435114
10.425	-0.435114
10.43	-0.435114
10.435	-0.652671
10.44	-0.652671
10.445	-0.652671
10.45	-0.652671
10.455	-0.652671
10.46	-0.652671
10.465	-0.652671
10.47	-0.435114
10.475	-0.435114
10.48	-0.435114
10.485	0
10.49	0
10.495	-0.217557
10.5	-0.435114
10.505	-0.435114
10.51	-0.652671
10.515	-0.870228
10.52	-0.870228
10.525	-1.087785
10.53	-1.087785
10.535	-1.087785
10.54	-0.870228
10.545	-0.652671
10.55	-0.652671
10.555	-0.652671
10.56	-0.435114
10.565	-0.435114
10.57	-0.435114
10.575	-0.435114
10.58	-0.435114
10.585	-0.652671
10.59	-0.652671
10.595	-0.652671
10.6	-0.870228
10.605	-0.870228
10.61	-0.652671
10.615	-0.652671
10.62	-0.652671
10.625	-0.435114
10.63	-0.217557
10.635	-0.217557
10.64	-0.217557
10.645	-0.435114
10.65	-0.435114
10.655	-0.435114
10.66	-0.435114
10.665	-0.652671
10.67	-0.652671
10.675	-0.652671
10.68	-0.870228
10.685	-0.870228
10.69	-0.870228
10.695	-0.870228
10.7	-0.870228
10.705	-0.870228
10.71	-0.870228
10.715	-0.870228
10.72	-0.870228
10.725	-0.870228
10.73	-0.652671
10.735	-0.652671
10.74	-0.652671
10.745	-0.652671
10.75	-0.652671
10.755	-0.435114
10.76	-0.435114
10.765	-0.435114
10.77	-0.435114
10.775	-0.435114
10.78	-0.435114
10.785	-0.652671
10.79	-0.652671
10.795	-0.652671
10.8	-0.652671
10.805	-0.870228
10.81	-0.870228
10.815	-1.087785
10.82	-1.087785
10.825	-1.2690825
10.83	-1.2690825
10.835	-1.087785
10.84	-0.870228
10.845	-0.870228
10.85	-0.652671
10.855	-0.652671
10.86	-0.652671
10.865	-0.435114
10.87	-0.435114
10.875	-0.435114
10.88	-0.652671
10.885	-0.652671
10.89	-0.870228
10.895	-0.870228
10.9	-0.870228
10.905	-0.870228
10.91	-0.870228
10.915	-0.870228
10.92	-0.870228
10.925	-0.870228
10.93	-0.652671
10.935	-0.435114
10.94	-0.435114
10.945	-0.652671
10.95	-0.652671
10.955	-0.652671
10.96	-0.652671
10.965	-0.652671
10.97	-0.652671
10.975	-0.870228
10.98	-0.870228
10.985	-0.870228
10.99	-1.087785
10.995	-1.087785
11	-0.870228
11.005	-0.870228
11.01	-0.870228
11.015	-0.870228
11.02	-0.870228
11.025	-0.652671
11.03	-0.652671
11.035	-0.435114
11.04	-0.435114
11.045	-0.435114
11.05	-0.435114
11.055	-0.435114
11.06	-0.435114
11.065	-0.435114
11.07	-0.435114
11.075	-0.435114
11.08	-0.435114
11.085	-0.435114
11.09	-0.435114
11.095	-0.435114
11.1	-0.435114
11.105	-0.435114
11.11	-0.435114
11.115	-0.435114
11.12	-0.435114
11.125	-0.435114
11.13	-0.435114
11.135	-0.435114
11.14	-0.435114
11.145	-0.435114
11.15	-0.435114
11.155	-0.435114
11.16	-0.217557
11.165	0
11.17	0
11.175	0
11.18	0
11.185	0
11.19	-0.217557
11.195	-0.217557
11.2	-0.435114
11.205	-0.652671
11.21	-0.870228
11.215	-0.870228
11.22	-0.652671
11.225	-0.870228
11.23	-0.652671
11.235	-0.652671
11.24	-0.435114
11.245	-0.435114
11.25	-0.435114
11.255	-0.217557
11.26	-0.217557
11.265	-0.435114
11.27	-0.435114
11.275	-0.435114
11.28	-0.435114
11.285	-0.435114
11.29	-0.435114
11.295	-0.435114
11.3	-0.435114
11.305	-0.435114
11.31	-0.435114
11.315	-0.217557
11.32	-0.217557
11.325	-0.217557
11.33	-0.217557
11.335	-0.217557
11.34	-0.435114
11.345	-0.652671
11.35	-0.652671
11.355	-0.652671
11.36	-0.652671
11.365	-0.652671
11.37	-0.652671
11.375	-0.435114
11.38	-0.652671
11.385	-0.435114
11.39	-0.435114
11.395	-0.435114
11.4	-0.435114
11.405	-0.217557
11.41	-0.435114
11.415	-0.435114
11.42	-0.435114
11.425	-0.652671
11.43	-0.652671
11.435	-0.652671
11.44	-0.652671
11.445	-0.652671
11.45	-0.652671
11.455	-0.435114
11.46	-0.435114
11.465	-0.217557
11.47	-0.217557
11.475	0
11.48	0
11.485	0
11.49	0
11.495	-0.217557
11.5	-0.217557
11.505	-0.435114
11.51	-0.652671
11.515	-0.652671
11.52	-0.870228
11.525	-0.870228
11.53	-0.870228
11.535	-0.870228
11.54	-0.870228
11.545	-0.652671
11.55	-0.652671
11.555	-0.435114
11.56	-0.217557
11.565	-0.217557
11.57	-0.217557
11.575	-0.217557
11.58	-0.435114
11.585	-0.435114
11.59	-0.652671
11.595	-0.435114
11.6	-0.435114
11.605	-0.435114
11.61	-0.435114
11.615	-0.435114
11.62	-0.217557
11.625	-0.435114
11.63	-0.435114
11.635	-0.652671
11.64	-0.652671
11.645	-0.652671
11.65	-0.652671
11.655	-0.435114
11.66	-0.435114
11.665	-0.435114
11.67	-0.435114
11.675	-0.435114
11.68	-0.435114
11.685	-0.435114
11.69	-0.217557
11.695	-0.435114
11.7	-0.435114
11.705	-0.435114
11.71	-0.435114
11.715	-0.652671
11.72	-0.652671
11.725	-0.435114
11.73	-0.435114
11.735	-0.435114
11.74	-0.435114
11.745	-0.435114
11.75	-0.217557
11.755	0
11.76	0
11.765	0
11.77	-0.217557
11.775	-0.217557
11.78	-0.435114
11.785	-0.435114
11.79	-0.217557
11.795	0
11.8	0
11.805	0.217557
11.81	0.217557
11.815	0.217557
11.82	0
11.825	0
11.83	0
11.835	-0.217557
11.84	-0.435114
11.845	-0.435114
11.85	-0.652671
11.855	-0.870228
11.86	-0.870228
11.865	-0.652671
11.87	-0.435114
11.875	-0.435114
11.88	-0.217557
11.885	0
11.89	0
11.895	0
11.9	0
11.905	0
11.91	0
11.915	0
11.92	-0.217557
11.925	-0.217557
11.93	-0.217557
11.935	-0.217557
11.94	0
11.945	0
11.95	0
11.955	0
11.96	0
11.965	0
11.97	0
11.975	0
11.98	0
11.985	-0.217557
11.99	-0.217557
11.995	-0.217557
12	-0.217557
12.005	-0.217557
12.01	-0.217557
12.015	-0.217557
12.02	0
12.025	0
12.03	-0.217557
12.035	-0.217557
12.04	-0.217557
12.045	-0.435114
12.05	-0.652671
12.055	-0.652671
12.06	-0.435114
12.065	-0.435114
12.07	-0.435114
12.075	-0.217557
12.08	0
12.085	0
12.09	0
12.095	0
12.1	-0.217557
12.105	-0.217557
12.11	-0.435114
12.115	-0.435114
12.12	-0.435114
12.125	-0.652671
12.13	-0.652671
12.135	-0.652671
12.14	-0.435114
12.145	-0.435114
12.15	-0.435114
12.155	-0.217557
12.16	-0.217557
12.165	-0.217557
12.17	-0.435114
12.175	-0.435114
12.18	-0.652671
12.185	-0.652671
12.19	-0.652671
12.195	-0.652671
12.2	-0.435114
12.205	-0.435114
12.21	-0.435114
12.215	-0.217557
12.22	-0.217557
12.225	-0.217557
12.23	0
12.235	-0.217557
12.24	-0.217557
12.245	-0.435114
12.25	-0.435114
12.255	-0.435114
12.26	-0.652671
12.265	-0.652671
12.27	-0.652671
12.275	-0.652671
12.28	-0.652671
12.285	-0.652671
12.29	-0.652671
12.295	-0.652671
12.3	-0.652671
12.305	-0.435114
12.31	-0.435114
12.315	-0.435114
12.32	-0.435114
12.325	-0.435114
12.33	-0.652671
12.335	-0.652671
12.34	-0.870228
12.345	-0.652671
12.35	-0.652671
12.355	-0.652671
12.36	-0.652671
12.365	-0.652671
12.37	-0.652671
12.375	-0.652671
12.38	-0.435114
12.385	-0.435114
12.39	-0.435114
12.395	-0.435114
12.4	-0.435114
12.405	-0.652671
12.41	-0.652671
12.415	-0.652671
12.42	-0.652671
12.425	-0.870228
12.43	-0.652671
12.435	-0.652671
12.44	-0.652671
12.445	-0.652671
12.45	-0.652671
12.455	-0.652671
12.46	-0.652671
12.465	-0.652671
12.47	-0.652671
12.475	-0.652671
12.48	-0.652671
12.485	-0.435114
12.49	-0.435114
12.495	-0.435114
12.5	-0.435114
12.505	-0.435114
12.51	-0.435114
12.515	-0.435114
12.52	-0.435114
12.525	-0.435114
12.53	-0.217557
12.535	-0.217557
12.54	-0.217557
12.545	-0.217557
12.55	-0.435114
12.555	-0.652671
12.56	-0.870228
12.565	-0.870228
12.57	-0.870228
12.575	-0.870228
12.58	-0.652671
12.585	-0.435114
12.59	-0.435114
12.595	-0.217557
12.6	-0.217557
12.605	-0.217557
12.61	0
12.615	0
12.62	0
12.625	0
12.63	0
12.635	-0.217557
12.64	-0.217557
12.645	-0.217557
12.65	-0.217557
12.655	0
12.66	-0.217557
12.665	-0.217557
12.67	-0.217557
12.675	-0.217557
12.68	-0.435114
12.685	-0.652671
12.69	-0.652671
12.695	-0.652671
12.7	-0.870228
12.705	-0.652671
12.71	-0.652671
12.715	-0.652671
12.72	-0.435114
12.725	-0.435114
12.73	-0.435114
12.735	-0.435114
12.74	-0.435114
12.745	-0.217557
12.75	-0.435114
12.755	-0.435114
12.76	-0.435114
12.765	-0.435114
12.77	-0.652671
12.775	-0.652671
12.78	-0.652671
12.785	-0.652671
12.79	-0.652671
12.795	-0.870228
12.8	-0.870228
12.805	-0.870228
12.81	-0.652671
12.815	-0.435114
12.82	-0.217557
12.825	-0.217557
12.83	-0.217557
12.835	-0.217557
12.84	-0.217557
12.845	-0.217557
12.85	-0.217557
12.855	-0.435114
12.86	-0.435114
12.865	-0.652671
12.87	-0.870228
12.875	-0.652671
12.88	-0.652671
12.885	-0.652671
12.89	-0.435114
12.895	-0.435114
12.9	-0.435114
12.905	-0.435114
12.91	-0.217557
12.915	-0.217557
12.92	-0.435114
12.925	-0.217557
12.93	-0.435114
12.935	-0.435114
12.94	-0.652671
12.945	-0.435114
12.95	-0.435114
12.955	-0.435114
12.96	-0.435114
12.965	-0.435114
12.97	-0.435114
12.975	-0.435114
12.98	-0.435114
12.985	-0.435114
12.99	-0.435114
12.995	-0.217557
13	-0.435114
13.005	-0.217557
13.01	-0.217557
13.015	-0.435114
13.02	-0.435114
13.025	-0.435114
13.03	-0.435114
13.035	-0.652671
13.04	-0.652671
13.045	-0.652671
13.05	-0.870228
13.055	-0.652671
13.06	-0.652671
13.065	-0.652671
13.07	-0.435114
13.075	-0.435114
13.08	-0.435114
13.085	-0.435114
13.09	-0.435114
13.095	-0.435114
13.1	-0.435114
13.105	-0.435114
13.11	-0.217557
13.115	-0.217557
13.12	-0.435114
13.125	-0.435114
13.13	-0.435114
13.135	-0.652671
13.14	-0.435114
13.145	-0.435114
13.15	-0.217557
13.155	-0.217557
13.16	0
13.165	0
13.17	0
13.175	0
13.18	-0.217557
13.185	-0.217557
13.19	-0.217557
13.195	-0.435114
13.2	-0.217557
13.205	-0.217557
13.21	-0.217557
13.215	-0.217557
13.22	-0.217557
13.225	-0.217557
13.23	0
13.235	0
13.24	0
13.245	0
13.25	0
13.255	-0.217557
13.26	-0.435114
13.265	-0.435114
13.27	-0.435114
13.275	-0.435114
13.28	-0.435114
13.285	-0.435114
13.29	-0.435114
13.295	-0.435114
13.3	-0.435114
13.305	-0.435114
13.31	-0.217557
13.315	-0.217557
13.32	-0.435114
13.325	0
13.33	0
13.335	0
13.34	0.217557
13.345	0.217557
13.35	0.217557
13.355	0.217557
13.36	0
13.365	-0.217557
13.37	-0.217557
13.375	-0.217557
13.38	-0.217557
13.385	-0.217557
13.39	-0.217557
13.395	-0.217557
13.4	-0.217557
13.405	-0.217557
13.41	-0.217557
13.415	-0.217557
13.42	-0.217557
13.425	0
13.43	0
13.435	0
13.44	0
13.445	-0.217557
13.45	-0.435114
13.455	-0.652671
13.46	-0.652671
13.465	-0.652671
13.47	-0.652671
13.475	-0.435114
13.48	-0.435114
13.485	-0.435114
13.49	-0.435114
13.495	-0.435114
13.5	-0.217557
13.505	-0.217557
13.51	-0.217557
13.515	0
13.52	0
13.525	-0.217557
13.53	0
13.535	-0.217557
13.54	-0.217557
13.545	-0.217557
13.55	-0.217557
13.555	-0.217557
13.56	-0.217557
13.565	-0.435114
13.57	-0.435114
13.575	-0.652671
13.58	-0.652671
13.585	-0.652671
13.59	-0.435114
13.595	-0.435114
13.6	-0.435114
13.605	-0.217557
13.61	0
13.615	0
13.62	0.217557
13.625	0
13.63	0
13.635	-0.217557
13.64	-0.217557
13.645	-0.217557
13.65	-0.217557
13.655	-0.217557
13.66	-0.435114
13.665	-0.435114
13.67	-0.435114
13.675	-0.435114
13.68	-0.435114
13.685	-0.217557
13.69	-0.217557
13.695	-0.217557
13.7	-0.435114
13.705	-0.217557
13.71	-0.435114
13.715	-0.435114
13.72	-0.435114
13.725	-0.435114
13.73	-0.435114
13.735	-0.435114
13.74	-0.652671
13.745	-0.652671
13.75	-0.652671
13.755	-0.435114
13.76	-0.435114
13.765	-0.435114
13.77	-0.435114
13.775	-0.435114
13.78	-0.435114
13.785	-0.435114
13.79	-0.435114
13.795	-0.435114
13.8	-0.435114
13.805	-0.435114
13.81	-0.217557
13.815	-0.217557
13.82	-0.217557
13.825	-0.217557
13.83	-0.217557
13.835	-0.217557
13.84	-0.217557
13.845	-0.217557
13.85	-0.217557
13.855	-0.217557
13.86	-0.217557
13.865	-0.217557
13.87	-0.435114
13.875	-0.435114
13.88	-0.652671
13.885	-0.870228
13.89	-0.652671
13.895	-0.652671
13.9	-0.652671
13.905	-0.652671
13.91	-0.435114
13.915	-0.435114
13.92	-0.435114
13.925	-0.435114
13.93	-0.217557
13.935	-0.217557
13.94	-0.217557
13.945	-0.217557
13.95	-0.217557
13.955	-0.217557
13.96	-0.217557
13.965	-0.217557
13.97	-0.435114
13.975	-0.435114
13.98	-0.435114
13.985	-0.435114
13.99	-0.217557
13.995	-0.217557
14	-0.217557
14.005	0
14.01	0
14.015	0.217557
14.02	0.217557
14.025	0.217557
14.03	0
14.035	0
14.04	-0.435114
14.045	-0.435114
14.05	-0.435114
14.055	-0.652671
14.06	-0.652671
14.065	-0.870228
14.07	-0.870228
14.075	-0.870228
14.08	-0.652671
14.085	-0.435114
14.09	-0.217557
14.095	-0.217557
14.1	0
14.105	0
14.11	0
14.115	-0.217557
14.12	-0.217557
14.125	-0.435114
14.13	-0.435114
14.135	-0.652671
14.14	-0.652671
14.145	-0.652671
14.15	-0.435114
14.155	-0.652671
14.16	-0.435114
14.165	-0.435114
14.17	-0.217557
14.175	-0.217557
14.18	0
14.185	0
14.19	0
14.195	-0.217557
14.2	-0.217557
14.205	-0.435114
14.21	-0.435114
14.215	-0.435114
14.22	-0.435114
14.225	-0.435114
14.23	-0.435114
14.235	-0.435114
14.24	-0.435114
14.245	-0.435114
14.25	-0.217557
14.255	0
14.26	0
14.265	0.217557
14.27	0.217557
14.275	0
14.28	0
14.285	-0.217557
14.29	-0.217557
14.295	-0.435114
14.3	-0.435114
14.305	-0.435114
14.31	-0.435114
14.315	-0.435114
14.32	-0.435114
14.325	-0.217557
14.33	-0.217557
14.335	-0.217557
14.34	0
14.345	0
14.35	-0.217557
14.355	-0.217557
14.36	-0.217557
14.365	-0.217557
14.37	-0.217557
14.375	0
14.38	0
14.385	-0.217557
14.39	-0.217557
14.395	-0.217557
14.4	-0.217557
14.405	-0.217557
14.41	-0.217557
14.415	-0.217557
14.42	-0.217557
14.425	-0.217557
14.43	-0.217557
14.435	-0.217557
14.44	-0.217557
14.445	0
14.45	0
14.455	-0.217557
14.46	-0.217557
14.465	-0.217557
14.47	-0.435114
14.475	-0.435114
14.48	-0.435114
14.485	-0.435114
14.49	-0.435114
14.495	-0.435114
14.5	-0.652671
14.505	-0.435114
14.51	-0.652671
14.515	-0.652671
14.52	-0.435114
14.525	-0.217557
14.53	-0.217557
14.535	-0.217557
14.54	0
14.545	0
14.55	0
14.555	0.217557
14.56	0.217557
14.565	0
14.57	0
14.575	0
14.58	-0.217557
14.585	-0.435114
14.59	-0.435114
14.595	-0.435114
14.6	-0.652671
14.605	-0.435114
14.61	-0.435114
14.615	-0.435114
14.62	-0.435114
14.625	-0.435114
14.63	-0.435114
14.635	-0.435114
14.64	-0.435114
14.645	-0.435114
14.65	-0.435114
14.655	-0.435114
14.66	-0.435114
14.665	-0.217557
14.67	0
14.675	-0.217557
14.68	-0.217557
14.685	-0.217557
14.69	-0.435114
14.695	-0.652671
14.7	-0.652671
14.705	-0.652671
14.71	-0.652671
14.715	-0.652671
14.72	-0.652671
14.725	-0.652671
14.73	-0.652671
14.735	-0.435114
14.74	-0.435114
14.745	-0.435114
14.75	-0.435114
14.755	-0.435114
14.76	-0.435114
14.765	-0.435114
14.77	-0.217557
14.775	-0.217557
14.78	-0.217557
14.785	-0.217557
14.79	-0.217557
14.795	-0.217557
14.8	-0.217557
14.805	-0.217557
14.81	-0.435114
14.815	-0.435114
14.82	-0.435114
14.825	-0.435114
14.83	-0.435114
14.835	-0.435114
14.84	-0.435114
14.845	-0.217557
14.85	-0.217557
14.855	-0.217557
14.86	-0.217557
14.865	-0.217557
14.87	-0.217557
14.875	-0.435114
14.88	-0.435114
14.885	-0.652671
14.89	-0.652671
14.895	-0.652671
14.9	-0.652671
14.905	-0.870228
14.91	-0.652671
14.915	-0.870228
14.92	-0.652671
14.925	-0.652671
14.93	-0.435114
14.935	-0.435114
14.94	-0.435114
14.945	-0.217557
14.95	-0.217557
14.955	-0.217557
14.96	-0.217557
14.965	-0.217557
14.97	-0.217557
14.975	-0.217557
14.98	-0.217557
14.985	-0.217557
14.99	-0.435114
14.995	-0.217557
15	-0.217557
15.005	-0.217557
15.01	-0.435114
15.015	-0.435114
15.02	-0.435114
15.025	-0.435114
15.03	-0.435114
15.035	-0.435114
15.04	-0.435114
15.045	-0.217557
15.05	-0.217557
15.055	-0.217557
15.06	-0.217557
15.065	-0.217557
15.07	-0.435114
15.075	-0.435114
15.08	-0.435114
15.085	-0.435114
15.09	-0.435114
15.095	-0.435114
15.1	-0.217557
15.105	-0.217557
15.11	-0.217557
15.115	-0.217557
15.12	0
15.125	-0.217557
15.13	-0.217557
15.135	-0.217557
15.14	-0.217557
15.145	-0.435114
15.15	-0.217557
15.155	-0.435114
15.16	-0.435114
15.165	-0.435114
15.17	-0.217557
15.175	-0.435114
15.18	-0.217557
15.185	-0.217557
15.19	-0.217557
15.195	-0.217557
15.2	-0.217557
15.205	-0.217557
15.21	-0.217557
15.215	-0.217557
15.22	-0.217557
15.225	-0.435114
15.23	-0.435114
15.235	-0.435114
15.24	-0.435114
15.245	-0.217557
15.25	-0.217557
15.255	-0.217557
15.26	-0.217557
15.265	-0.217557
15.27	0
15.275	0
15.28	0
15.285	0
15.29	0
15.295	0
15.3	0
15.305	0
15.31	0
15.315	0
15.32	-0.217557
15.325	0
15.33	-0.217557
15.335	0
15.34	0.217557
15.345	0.217557
15.35	0.217557
15.355	0.217557
15.36	0
15.365	0
15.37	0
15.375	0
15.38	-0.217557
15.385	-0.217557
15.39	0
15.395	0
15.4	0
15.405	0
15.41	0
15.415	0
15.42	0
15.425	0
15.43	0
15.435	-0.217557
15.44	-0.217557
15.445	-0.435114
15.45	-0.435114
15.455	-0.217557
15.46	-0.217557
15.465	0
15.47	0.217557
15.475	0.217557
15.48	0.217557
15.485	0.217557
15.49	0.217557
15.495	0
15.5	0
15.505	-0.217557
15.51	-0.435114
15.515	-0.435114
15.52	-0.652671
15.525	-0.652671
15.53	-0.652671
15.535	-0.652671
15.54	-0.652671
15.545	-0.435114
15.55	-0.217557
15.555	-0.217557
15.56	-0.217557
15.565	0
15.57	0
15.575	0
15.58	0
15.585	0
15.59	-0.217557
15.595	-0.217557
15.6	-0.217557
15.605	-0.217557
15.61	-0.217557
15.615	-0.217557
15.62	0
15.625	0
15.63	0
15.635	-0.217557
15.64	0
15.645	-0.217557
15.65	0
15.655	0
15.66	0.217557
15.665	0.217557
15.67	0
15.675	0
15.68	-0.217557
15.685	-0.435114
15.69	-0.435114
15.695	-0.435114
15.7	-0.217557
15.705	-0.217557
15.71	-0.217557
15.715	0
15.72	0
15.725	-0.217557
15.73	0
15.735	0
15.74	0
15.745	0
15.75	0
15.755	0
15.76	0
15.765	0
15.77	0
15.775	0
15.78	0
15.785	0
15.79	-0.217557
15.795	-0.217557
15.8	-0.217557
15.805	-0.217557
15.81	-0.217557
15.815	0
15.82	0
15.825	0.217557
15.83	0.217557
15.835	0.217557
15.84	0.217557
15.845	0.217557
15.85	0
15.855	0
15.86	-0.217557
15.865	-0.217557
15.87	0
15.875	0
15.88	0
15.885	0
15.89	0
15.895	0
15.9	-0.217557
15.905	-0.217557
15.91	-0.217557
15.915	-0.217557
15.92	-0.217557
15.925	-0.217557
15.93	-0.217557
15.935	-0.217557
15.94	-0.217557
15.945	0
15.95	0
15.955	0
15.96	0
15.965	0
15.97	0
15.975	0
15.98	0
15.985	0
15.99	-0.217557
15.995	-0.217557
16	-0.217557
16.005	-0.217557
16.01	-0.217557
16.015	-0.217557
16.02	-0.217557
16.025	-0.217557
16.03	-0.217557
16.035	-0.217557
16.04	-0.217557
16.045	-0.217557
16.05	0
16.055	0
16.06	0
16.065	0.217557
16.07	0.217557
16.075	0.217557
16.08	0.217557
16.085	0.217557
16.09	0.217557
16.095	0
16.1	0
16.105	0
16.11	-0.217557
16.115	-0.217557
16.12	-0.217557
16.125	-0.217557
16.13	-0.217557
16.135	-0.217557
16.14	0
16.145	0.217557
16.15	0.217557
16.155	0.217557
16.16	0.217557
16.165	0
16.17	0
16.175	0
16.18	0
16.185	0
16.19	0
16.195	-0.217557
16.2	-0.217557
16.205	0
16.21	0
16.215	0
16.22	0
16.225	0
16.23	0
16.235	0.217557
16.24	0.217557
16.245	0.217557
16.25	0
16.255	0.217557
16.26	0.217557
16.265	0.217557
16.27	0
16.275	0
16.28	0
16.285	-0.217557
16.29	-0.217557
16.295	-0.435114
16.3	-0.217557
16.305	-0.217557
16.31	-0.217557
16.315	-0.217557
16.32	-0.217557
16.325	-0.217557
16.33	-0.217557
16.335	-0.217557
16.34	0
16.345	0
16.35	0
16.355	-0.217557
16.36	-0.217557
16.365	-0.217557
16.37	-0.217557
16.375	-0.217557
16.38	0
16.385	-0.217557
16.39	-0.217557
16.395	-0.217557
16.4	-0.217557
16.405	-0.435114
16.41	-0.435114
16.415	-0.435114
16.42	-0.217557
16.425	-0.217557
16.43	-0.217557
16.435	0
16.44	0
16.445	0
16.45	0
16.455	0
16.46	0
16.465	0.217557
16.47	0
16.475	0.217557
16.48	0.217557
16.485	0.217557
16.49	0.217557
16.495	0
16.5	0
16.505	0
16.51	-0.217557
16.515	-0.217557
16.52	-0.217557
16.525	-0.217557
16.53	-0.217557
16.535	-0.217557
16.54	0
16.545	0
16.55	0
16.555	0
16.56	0
16.565	0
16.57	0
16.575	0
16.58	0
16.585	0
16.59	0
16.595	-0.217557
16.6	-0.217557
16.605	-0.217557
16.61	-0.217557
16.615	-0.217557
16.62	0
16.625	0
16.63	0
16.635	0
16.64	0
16.645	-0.217557
16.65	-0.217557
16.655	-0.435114
16.66	-0.435114
16.665	-0.435114
16.67	-0.435114
16.675	-0.217557
16.68	-0.217557
16.685	0
16.69	0
16.695	0
16.7	0
16.705	-0.217557
16.71	-0.217557
16.715	-0.435114
16.72	-0.217557
16.725	-0.217557
16.73	-0.217557
16.735	-0.217557
16.74	-0.217557
16.745	-0.217557
16.75	-0.217557
16.755	-0.217557
16.76	-0.217557
16.765	0
16.77	0
16.775	0
16.78	0
16.785	0
16.79	0
16.795	0
16.8	0
16.805	-0.217557
16.81	-0.217557
16.815	-0.217557
16.82	-0.435114
16.825	-0.435114
16.83	-0.435114
16.835	-0.217557
16.84	-0.217557
16.845	0
16.85	0
16.855	0.217557
16.86	0.435114
16.865	0.435114
16.87	0.217557
16.875	0.217557
16.88	0
16.885	-0.217557
16.89	-0.435114
16.895	-0.217557
16.9	-0.217557
16.905	-0.217557
16.91	-0.217557
16.915	0
16.92	0
16.925	0
16.93	0.217557
16.935	0.217557
16.94	0
16.945	0
16.95	0
16.955	0
16.96	0
16.965	-0.217557
16.97	-0.217557
16.975	-0.435114
16.98	-0.435114
16.985	-0.217557
16.99	0
16.995	0
17	0
17.005	0
17.01	0
17.015	-0.217557
17.02	-0.217557
17.025	-0.217557
17.03	-0.217557
17.035	-0.435114
