Label: 
0
Label: Event: FAR-PROBE_SS_02_2014-07-02_A1
-2.96	0
-2.955	0
-2.95	0
-2.945	0
-2.94	0
-2.935	0
-2.93	0
-2.925	0
-2.92	0
-2.915	-0.1812975
-2.91	-0.1812975
-2.905	-0.1812975
-2.9	-0.1812975
-2.895	0
-2.89	0
-2.885	0
-2.88	0
-2.875	0
-2.87	0
-2.865	0
-2.86	0
-2.855	0
-2.85	0
-2.845	0.217557
-2.84	0
-2.835	0
-2.83	0
-2.825	0
-2.82	-0.1812975
-2.815	-0.1812975
-2.81	-0.1812975
-2.805	-0.1812975
-2.8	0
-2.795	0
-2.79	0
-2.785	0
-2.78	0
-2.775	0
-2.77	0
-2.765	0
-2.76	0
-2.755	0.217557
-2.75	0
-2.745	0
-2.74	0
-2.735	0.217557
-2.73	0
-2.725	0
-2.72	0
-2.715	0
-2.71	0
-2.705	0
-2.7	0
-2.695	0.217557
-2.69	0
-2.685	0
-2.68	0.217557
-2.675	0.217557
-2.67	0
-2.665	0
-2.66	0
-2.655	0
-2.65	0
-2.645	0
-2.64	0
-2.635	0
-2.63	0.217557
-2.625	0.217557
-2.62	0.217557
-2.615	0.217557
-2.61	0.217557
-2.605	0
-2.6	0
-2.595	0
-2.59	0
-2.585	0
-2.58	0.217557
-2.575	0.217557
-2.57	0.217557
-2.565	0
-2.56	0.217557
-2.555	0
-2.55	0
-2.545	0
-2.54	0
-2.535	-0.1812975
-2.53	0
-2.525	0
-2.52	0
-2.515	0.217557
-2.51	0.217557
-2.505	0.217557
-2.5	0.217557
-2.495	0.217557
-2.49	0
-2.485	0
-2.48	0
-2.475	0.217557
-2.47	0
-2.465	0
-2.46	-0.1812975
-2.455	0
-2.45	-0.1812975
-2.445	0
-2.44	0
-2.435	0
-2.43	0
-2.425	0
-2.42	0
-2.415	0
-2.41	0
-2.405	-0.1812975
-2.4	-0.1812975
-2.395	0
-2.39	0
-2.385	0
-2.38	0
-2.375	0
-2.37	-0.1812975
-2.365	-0.1812975
-2.36	0
-2.355	0
-2.35	0
-2.345	0
-2.34	0
-2.335	0
-2.33	0
-2.325	0
-2.32	-0.1812975
-2.315	-0.1812975
-2.31	-0.1812975
-2.305	0
-2.3	0
-2.295	0
-2.29	0
-2.285	0
-2.28	0
-2.275	0
-2.27	0
-2.265	0
-2.26	0
-2.255	0
-2.25	-0.1812975
-2.245	-0.1812975
-2.24	-0.1812975
-2.235	-0.1812975
-2.23	-0.1812975
-2.225	0
-2.22	0.217557
-2.215	0.217557
-2.21	0.217557
-2.205	0.217557
-2.2	0.217557
-2.195	0.217557
-2.19	0
-2.185	0
-2.18	0
-2.175	0
-2.17	0
-2.165	0
-2.16	0
-2.155	0
-2.15	0
-2.145	0
-2.14	0
-2.135	0.217557
-2.13	0.217557
-2.125	0.217557
-2.12	0
-2.115	0
-2.11	0
-2.105	0
-2.1	0
-2.095	0
-2.09	0.217557
-2.085	0.217557
-2.08	0.217557
-2.075	0.217557
-2.07	0.217557
-2.065	0.217557
-2.06	0.217557
-2.055	0.217557
-2.05	0
-2.045	0
-2.04	0
-2.035	0
-2.03	0
-2.025	0
-2.02	0
-2.015	0.217557
-2.01	0
-2.005	0
-2	0
-1.995	0
-1.99	0
-1.985	0
-1.98	0
-1.975	0
-1.97	0
-1.965	0.217557
-1.96	0.217557
-1.955	0.217557
-1.95	0
-1.945	0
-1.94	0
-1.935	0
-1.93	0.217557
-1.925	0.217557
-1.92	0.217557
-1.915	0
-1.91	0.217557
-1.905	0
-1.9	0
-1.895	0
-1.89	0
-1.885	0
-1.88	0
-1.875	0
-1.87	0
-1.865	0
-1.86	0
-1.855	0
-1.85	0
-1.845	0
-1.84	0
-1.835	0
-1.83	-0.1812975
-1.825	-0.1812975
-1.82	-0.1812975
-1.815	-0.1812975
-1.81	0
-1.805	0
-1.8	0.217557
-1.795	0.217557
-1.79	0.217557
-1.785	0
-1.78	0
-1.775	0
-1.77	0
-1.765	0
-1.76	0
-1.755	0.217557
-1.75	0.217557
-1.745	0.217557
-1.74	0.217557
-1.735	0.217557
-1.73	0.217557
-1.725	0
-1.72	0.217557
-1.715	0.217557
-1.71	0
-1.705	0
-1.7	0.217557
-1.695	0.217557
-1.69	0.217557
-1.685	0.217557
-1.68	0.217557
-1.675	0.217557
-1.67	0.217557
-1.665	0.217557
-1.66	0.217557
-1.655	0
-1.65	0
-1.645	0
-1.64	0
-1.635	0
-1.63	0
-1.625	0
-1.62	0
-1.615	0
-1.61	0
-1.605	0.217557
-1.6	0.217557
-1.595	0.217557
-1.59	0.217557
-1.585	0
-1.58	0
-1.575	0
-1.57	0
-1.565	0
-1.56	0.217557
-1.555	0.217557
-1.55	0.217557
-1.545	0.217557
-1.54	0.217557
-1.535	0.217557
-1.53	0.217557
-1.525	0
-1.52	0
-1.515	0
-1.51	0
-1.505	0
-1.5	0.217557
-1.495	0.217557
-1.49	0.217557
-1.485	0.217557
-1.48	0
-1.475	0
-1.47	0
-1.465	0
-1.46	0
-1.455	0
-1.45	0
-1.445	-0.1812975
-1.44	0
-1.435	0
-1.43	0
-1.425	0
-1.42	0.217557
-1.415	0.217557
-1.41	0.217557
-1.405	0.217557
-1.4	0.217557
-1.395	0
-1.39	0
-1.385	0
-1.38	0
-1.375	0
-1.37	0.217557
-1.365	0.217557
-1.36	0
-1.355	0
-1.35	0
-1.345	0
-1.34	0
-1.335	0
-1.33	0
-1.325	-0.1812975
-1.32	-0.1812975
-1.315	0
-1.31	0
-1.305	0
-1.3	0
-1.295	0
-1.29	0
-1.285	0
-1.28	0
-1.275	0
-1.27	0
-1.265	0
-1.26	0.217557
-1.255	0.217557
-1.25	0.217557
-1.245	0
-1.24	0
-1.235	0
-1.23	0
-1.225	0
-1.22	0
-1.215	-0.1812975
-1.21	-0.1812975
-1.205	0
-1.2	0
-1.195	0
-1.19	0
-1.185	0
-1.18	0
-1.175	0
-1.17	0
-1.165	0.217557
-1.16	0.217557
-1.155	0
-1.15	0.217557
-1.145	0
-1.14	0
-1.135	0
-1.13	0
-1.125	0
-1.12	0.217557
-1.115	0.217557
-1.11	0
-1.105	0.217557
-1.1	0.217557
-1.095	0
-1.09	0
-1.085	0
-1.08	0
-1.075	-0.1812975
-1.07	-0.1812975
-1.065	-0.1812975
-1.06	-0.1812975
-1.055	-0.1812975
-1.05	-0.1812975
-1.045	-0.1812975
-1.04	0
-1.035	0
-1.03	-0.1812975
-1.025	0
-1.02	-0.1812975
-1.015	-0.1812975
-1.01	-0.1812975
-1.005	0
-1	0
-0.995	0
-0.99	0
-0.985	0.217557
-0.98	0.217557
-0.975	0.217557
-0.97	0.217557
-0.965	0
-0.96	0
-0.955	0
-0.95	0
-0.945	0
-0.94	0
-0.935	0
-0.93	0
-0.925	0
-0.92	0
-0.915	0
-0.91	0
-0.905	0
-0.9	0.217557
-0.895	0
-0.89	0
-0.885	0
-0.88	-0.1812975
-0.875	-0.1812975
-0.87	-0.1812975
-0.865	0
-0.86	0
-0.855	0
-0.85	0
-0.845	0
-0.84	-0.1812975
-0.835	-0.1812975
-0.83	-0.1812975
-0.825	0
-0.82	-0.1812975
-0.815	0
-0.81	0.217557
-0.805	0.217557
-0.8	0.217557
-0.795	0.217557
-0.79	0.217557
-0.785	0.217557
-0.78	0.217557
-0.775	0.217557
-0.77	0.217557
-0.765	0.217557
-0.76	0
-0.755	0
-0.75	-0.1812975
-0.745	-0.1812975
-0.74	-0.1812975
-0.735	-0.1812975
-0.73	0
-0.725	0
-0.72	0
-0.715	0.217557
-0.71	0.217557
-0.705	0.217557
-0.7	0.217557
-0.695	0.217557
-0.69	0
-0.685	0
-0.68	0
-0.675	0
-0.67	0
-0.665	0
-0.66	0
-0.655	0
-0.65	0
-0.645	0
-0.64	0.217557
-0.635	0
-0.63	0.217557
-0.625	0
-0.62	0
-0.615	0
-0.61	0
-0.605	0
-0.6	0
-0.595	0
-0.59	0
-0.585	0
-0.58	0
-0.575	0.217557
-0.57	0.217557
-0.565	0.217557
-0.56	0
-0.555	0
-0.55	0
-0.545	0
-0.54	0.217557
-0.535	0.217557
-0.53	0.217557
-0.525	0
-0.52	0
-0.515	0.217557
-0.51	0.217557
-0.505	0.217557
-0.5	0.217557
-0.495	0
-0.49	0
-0.485	0
-0.48	0
-0.475	0
-0.47	0.217557
-0.465	0.217557
-0.46	0
-0.455	0
-0.45	0
-0.445	0
-0.44	0
-0.435	0
-0.43	0
-0.425	0
-0.42	0
-0.415	0
-0.41	0
-0.405	0
-0.4	0
-0.395	0
-0.39	0
-0.385	0
-0.38	0
-0.375	0
-0.37	0
-0.365	0
-0.36	0
-0.355	0
-0.35	0
-0.345	0
-0.34	0.217557
-0.335	0.217557
-0.33	0.217557
-0.325	0.217557
-0.32	0.217557
-0.315	0.217557
-0.31	0
-0.305	0
-0.3	0
-0.295	0
-0.29	-0.1812975
-0.285	0
-0.28	0
-0.275	0
-0.27	-0.1812975
-0.265	0
-0.26	0
-0.255	-0.1812975
-0.25	-0.1812975
-0.245	-0.1812975
-0.24	-0.1812975
-0.235	0
-0.23	0
-0.225	0.217557
-0.22	0.217557
-0.215	0.217557
-0.21	0
-0.205	0
-0.2	0
-0.195	0
-0.19	0
-0.185	0
-0.18	0
-0.175	0
-0.17	0
-0.165	0
-0.16	0
-0.155	0.217557
-0.15	0
-0.145	0.217557
-0.14	0
-0.135	0
-0.13	0
-0.125	0
-0.12	0
-0.115	0
-0.11	0
-0.105	0.217557
-0.1	0
-0.095	0.435114
-0.09	1.015266
-0.085	2.248089
-0.08	3.480912
-0.075	5.511444
-0.07	7.324419
-0.065	9.7538055
-0.06	11.7843375
-0.055	13.5973125
-0.05	14.8301355
-0.045	16.026699
-0.04	16.8606675
-0.035	17.259522
-0.03	17.6583765
-0.025	17.8759335
-0.02	17.477079
-0.015	16.8606675
-0.01	15.6278445
-0.005	14.6125785
0	13.416015
0.005	12.183192
0.01	10.9866285
0.015	9.9713625
0.02	8.7385395
0.025	7.7232735
0.03	6.7080075
0.035	5.9102985
0.04	5.293887
0.045	4.6774755
0.05	4.061064
0.055	3.6622095
0.06	3.263355
0.065	3.045798
0.07	2.6469435
0.075	2.465646
0.08	2.030532
0.085	1.8492345
0.09	1.6316775
0.095	1.45038
0.1	1.232823
0.105	1.015266
0.11	0.8339685
0.115	0.6164115
0.12	0.435114
0.125	0.217557
0.13	0
0.135	-0.1812975
0.14	-0.3988545
0.145	-0.580152
0.15	-0.797709
0.155	-0.9790065
0.16	-1.1965635
0.165	-1.4141205
0.17	-1.595418
0.175	-1.595418
0.18	-1.812975
0.185	-1.812975
0.19	-1.812975
0.195	-1.595418
0.2	-1.595418
0.205	-1.4141205
0.21	-1.1965635
0.215	-0.9790065
0.22	-0.797709
0.225	-0.797709
0.23	-0.580152
0.235	-0.580152
0.24	-0.3988545
0.245	-0.1812975
0.25	0
0.255	0.217557
0.26	0.6164115
0.265	0.8339685
0.27	1.232823
0.275	1.45038
0.28	1.8492345
0.285	2.030532
0.29	2.248089
0.295	2.6469435
0.3	3.045798
0.305	3.263355
0.31	3.6622095
0.315	3.8797665
0.32	3.8797665
0.325	4.061064
0.33	4.061064
0.335	4.061064
0.34	4.061064
0.345	4.061064
0.35	4.061064
0.355	4.278621
0.36	4.278621
0.365	4.496178
0.37	4.6774755
0.375	4.6774755
0.38	4.6774755
0.385	4.8950325
0.39	5.07633
0.395	5.07633
0.4	5.293887
0.405	5.293887
0.41	5.293887
0.415	5.293887
0.42	5.293887
0.425	5.07633
0.43	4.8950325
0.435	4.8950325
0.44	4.6774755
0.445	4.6774755
0.45	4.6774755
0.455	4.6774755
0.46	4.6774755
0.465	4.6774755
0.47	4.496178
0.475	4.496178
0.48	4.496178
0.485	4.496178
0.49	4.496178
0.495	4.496178
0.5	4.6774755
0.505	4.496178
0.51	4.496178
0.515	4.496178
0.52	4.278621
0.525	4.061064
0.53	3.8797665
0.535	3.6622095
0.54	3.480912
0.545	3.263355
0.55	3.263355
0.555	3.263355
0.56	3.263355
0.565	3.480912
0.57	3.480912
0.575	3.6622095
0.58	3.6622095
0.585	3.6622095
0.59	3.6622095
0.595	3.480912
0.6	3.263355
0.605	3.263355
0.61	3.045798
0.615	3.045798
0.62	3.045798
0.625	3.045798
0.63	2.8645005
0.635	2.8645005
0.64	2.8645005
0.645	2.6469435
0.65	2.6469435
0.655	2.6469435
0.66	2.465646
0.665	2.248089
0.67	2.030532
0.675	2.030532
0.68	1.8492345
0.685	2.030532
0.69	2.030532
0.695	2.248089
0.7	2.465646
0.705	2.6469435
0.71	2.6469435
0.715	2.465646
0.72	2.248089
0.725	2.030532
0.73	1.8492345
0.735	1.6316775
0.74	1.6316775
0.745	1.6316775
0.75	1.6316775
0.755	1.6316775
0.76	1.8492345
0.765	1.8492345
0.77	1.6316775
0.775	1.6316775
0.78	1.6316775
0.785	1.45038
0.79	1.232823
0.795	1.015266
0.8	1.015266
0.805	0.8339685
0.81	0.8339685
0.815	0.8339685
0.82	1.015266
0.825	1.015266
0.83	1.015266
0.835	1.015266
0.84	0.8339685
0.845	0.8339685
0.85	0.6164115
0.855	0.6164115
0.86	0.435114
0.865	0.435114
0.87	0.435114
0.875	0.6164115
0.88	0.6164115
0.885	0.8339685
0.89	1.232823
0.895	1.232823
0.9	1.232823
0.905	1.45038
0.91	1.232823
0.915	1.232823
0.92	1.015266
0.925	0.8339685
0.93	0.6164115
0.935	0.6164115
0.94	0.435114
0.945	0.435114
0.95	0.6164115
0.955	0.435114
0.96	0.435114
0.965	0.435114
0.97	0.217557
0.975	0.217557
0.98	0
0.985	0
0.99	0
0.995	0
1	-0.1812975
1.005	-0.1812975
1.01	-0.1812975
1.015	-0.3988545
1.02	-0.3988545
1.025	-0.3988545
1.03	-0.3988545
1.035	-0.3988545
1.04	-0.1812975
1.045	-0.3988545
1.05	-0.1812975
1.055	-0.1812975
1.06	-0.1812975
1.065	-0.1812975
1.07	0
1.075	-0.1812975
1.08	-0.1812975
1.085	-0.1812975
1.09	-0.3988545
1.095	-0.580152
1.1	-0.797709
1.105	-0.9790065
1.11	-0.9790065
1.115	-0.797709
1.12	-0.580152
1.125	-0.3988545
1.13	-0.3988545
1.135	-0.3988545
1.14	-0.3988545
1.145	-0.3988545
1.15	-0.3988545
1.155	-0.3988545
1.16	-0.580152
1.165	-0.797709
1.17	-0.9790065
1.175	-1.1965635
1.18	-1.4141205
1.185	-1.4141205
1.19	-1.4141205
1.195	-1.4141205
1.2	-1.4141205
1.205	-1.1965635
1.21	-1.1965635
1.215	-0.797709
1.22	-0.797709
1.225	-0.580152
1.23	-0.580152
1.235	-0.580152
1.24	-0.797709
1.245	-0.797709
1.25	-0.797709
1.255	-0.9790065
1.26	-1.1965635
1.265	-1.1965635
1.27	-1.1965635
1.275	-1.1965635
1.28	-0.9790065
1.285	-0.9790065
1.29	-0.9790065
1.295	-1.1965635
1.3	-1.1965635
1.305	-1.4141205
1.31	-1.4141205
1.315	-1.4141205
1.32	-1.595418
1.325	-1.595418
1.33	-1.595418
1.335	-1.812975
1.34	-1.812975
1.345	-1.812975
1.35	-1.595418
1.355	-1.595418
1.36	-1.4141205
1.365	-1.4141205
1.37	-1.4141205
1.375	-1.595418
1.38	-1.595418
1.385	-1.595418
1.39	-1.812975
1.395	-1.812975
1.4	-1.9942725
1.405	-1.9942725
1.41	-1.9942725
1.415	-1.812975
1.42	-1.595418
1.425	-1.4141205
1.43	-0.9790065
1.435	-0.797709
1.44	-0.580152
1.445	-0.580152
1.45	-0.3988545
1.455	-0.1812975
1.46	0
1.465	0.217557
1.47	1.015266
1.475	1.6316775
1.48	2.030532
1.485	2.8645005
1.49	3.263355
1.495	3.480912
1.5	3.6622095
1.505	3.8797665
1.51	3.8797665
1.515	3.8797665
1.52	3.480912
1.525	3.263355
1.53	3.045798
1.535	2.8645005
1.54	2.6469435
1.545	2.465646
1.55	2.465646
1.555	2.465646
1.56	2.248089
1.565	2.248089
1.57	2.248089
1.575	2.030532
1.58	2.030532
1.585	2.030532
1.59	1.8492345
1.595	1.8492345
1.6	1.6316775
1.605	1.6316775
1.61	1.45038
1.615	1.6316775
1.62	1.6316775
1.625	2.030532
1.63	2.465646
1.635	2.8645005
1.64	3.045798
1.645	3.263355
1.65	3.263355
1.655	3.045798
1.66	2.6469435
1.665	2.248089
1.67	1.8492345
1.675	1.8492345
1.68	2.030532
1.685	2.465646
1.69	3.263355
1.695	3.8797665
1.7	4.496178
1.705	5.07633
1.71	5.07633
1.715	5.07633
1.72	4.8950325
1.725	4.496178
1.73	4.061064
1.735	3.6622095
1.74	3.263355
1.745	3.045798
1.75	2.8645005
1.755	2.6469435
1.76	2.6469435
1.765	2.8645005
1.77	2.8645005
1.775	3.045798
1.78	3.263355
1.785	3.263355
1.79	3.263355
1.795	3.045798
1.8	2.8645005
1.805	2.6469435
1.81	2.248089
1.815	2.030532
1.82	1.8492345
1.825	1.6316775
1.83	1.45038
1.835	1.232823
1.84	1.232823
1.845	1.232823
1.85	1.015266
1.855	1.015266
1.86	1.015266
1.865	1.015266
1.87	1.015266
1.875	1.015266
1.88	1.232823
1.885	1.45038
1.89	1.45038
1.895	1.6316775
1.9	1.8492345
1.905	1.8492345
1.91	1.8492345
1.915	2.030532
1.92	2.030532
1.925	2.248089
1.93	2.465646
1.935	2.465646
1.94	2.6469435
1.945	2.8645005
1.95	2.8645005
1.955	2.8645005
1.96	3.045798
1.965	2.8645005
1.97	2.6469435
1.975	2.6469435
1.98	2.465646
1.985	2.030532
1.99	1.8492345
1.995	1.8492345
2	1.8492345
2.005	1.8492345
2.01	1.8492345
2.015	2.030532
2.02	2.248089
2.025	2.465646
2.03	2.465646
2.035	2.465646
2.04	2.248089
2.045	2.248089
2.05	2.030532
2.055	1.8492345
2.06	1.6316775
2.065	1.45038
2.07	1.232823
2.075	1.015266
2.08	1.232823
2.085	1.232823
2.09	1.232823
2.095	1.45038
2.1	1.45038
2.105	1.45038
2.11	1.45038
2.115	1.45038
2.12	1.232823
2.125	1.232823
2.13	1.015266
2.135	0.8339685
2.14	0.6164115
2.145	0.435114
2.15	0.217557
2.155	0
2.16	0
2.165	0
2.17	0
2.175	0
2.18	0.217557
2.185	0.217557
2.19	0.435114
2.195	0.435114
2.2	0.435114
2.205	0.435114
2.21	0.217557
2.215	0
2.22	-0.1812975
2.225	-0.1812975
2.23	-0.1812975
2.235	-0.1812975
2.24	-0.1812975
2.245	-0.3988545
2.25	-0.3988545
2.255	-0.3988545
2.26	-0.580152
2.265	-0.580152
2.27	-0.580152
2.275	-0.580152
2.28	-0.580152
2.285	-0.580152
2.29	-0.3988545
2.295	-0.3988545
2.3	0
2.305	0.217557
2.31	0.435114
2.315	0.6164115
2.32	0.6164115
2.325	0.6164115
2.33	0.6164115
2.335	0.435114
2.34	0.217557
2.345	0.217557
2.35	0
2.355	-0.1812975
2.36	-0.1812975
2.365	-0.3988545
2.37	-0.580152
2.375	-0.580152
2.38	-0.3988545
2.385	-0.3988545
2.39	-0.3988545
2.395	-0.1812975
2.4	-0.1812975
2.405	-0.1812975
2.41	-0.1812975
2.415	0
2.42	0
2.425	0.217557
2.43	0.435114
2.435	0.8339685
2.44	1.015266
2.445	1.232823
2.45	1.232823
2.455	1.232823
2.46	0.8339685
2.465	0.6164115
2.47	0.435114
2.475	0
2.48	-0.1812975
2.485	-0.1812975
2.49	-0.3988545
2.495	-0.3988545
2.5	-0.1812975
2.505	0
2.51	0.217557
2.515	0.217557
2.52	0.435114
2.525	0.8339685
2.53	1.015266
2.535	1.015266
2.54	1.232823
2.545	1.6316775
2.55	1.6316775
2.555	1.8492345
2.56	1.8492345
2.565	1.6316775
2.57	1.6316775
2.575	1.45038
2.58	1.232823
2.585	1.015266
2.59	0.8339685
2.595	0.6164115
2.6	0.435114
2.605	0.217557
2.61	0
2.615	0
2.62	0
2.625	0
2.63	0
2.635	0.217557
2.64	0.217557
2.645	0.435114
2.65	0.435114
2.655	0.6164115
2.66	0.6164115
2.665	0.6164115
2.67	0.6164115
2.675	0.6164115
2.68	0.435114
2.685	0.217557
2.69	0.217557
2.695	0
2.7	-0.1812975
2.705	-0.1812975
2.71	-0.3988545
2.715	-0.3988545
2.72	-0.580152
2.725	-0.580152
2.73	-0.797709
2.735	-0.797709
2.74	-0.797709
2.745	-0.580152
2.75	-0.580152
2.755	-0.580152
2.76	-0.580152
2.765	-0.3988545
2.77	-0.3988545
2.775	-0.1812975
2.78	0
2.785	-0.1812975
2.79	-0.1812975
2.795	-0.3988545
2.8	-0.3988545
2.805	-0.3988545
2.81	-0.1812975
2.815	0
2.82	0.6164115
2.825	1.015266
2.83	1.8492345
2.835	2.465646
2.84	2.8645005
2.845	3.263355
2.85	3.8797665
2.855	4.061064
2.86	4.061064
2.865	3.8797665
2.87	3.6622095
2.875	3.045798
2.88	2.8645005
2.885	2.248089
2.89	1.8492345
2.895	1.45038
2.9	1.015266
2.905	0.6164115
2.91	0.435114
2.915	0.6164115
2.92	0.8339685
2.925	1.232823
2.93	1.45038
2.935	1.6316775
2.94	1.6316775
2.945	1.6316775
2.95	1.45038
2.955	1.232823
2.96	0.8339685
2.965	0.435114
2.97	0.217557
2.975	0
2.98	-0.1812975
2.985	0
2.99	0
2.995	0.217557
3	0.217557
3.005	0.217557
3.01	0.217557
3.015	0.217557
3.02	-0.1812975
3.025	-0.3988545
3.03	-0.580152
3.035	-0.797709
3.04	-0.797709
3.045	-0.9790065
3.05	-0.797709
3.055	-0.580152
3.06	-0.3988545
3.065	0
3.07	0.217557
3.075	0.217557
3.08	0.217557
3.085	0
3.09	-0.1812975
3.095	-0.3988545
3.1	-0.580152
3.105	-0.797709
3.11	-0.797709
3.115	-0.9790065
3.12	-0.797709
3.125	-0.797709
3.13	-0.797709
3.135	-0.580152
3.14	-0.580152
3.145	-0.3988545
3.15	-0.3988545
3.155	-0.3988545
3.16	-0.3988545
3.165	-0.3988545
3.17	-0.580152
3.175	-0.797709
3.18	-0.9790065
3.185	-1.1965635
3.19	-1.1965635
3.195	-1.1965635
3.2	-1.1965635
3.205	-0.9790065
3.21	-0.797709
3.215	-0.580152
3.22	-0.580152
3.225	-0.580152
3.23	-0.797709
3.235	-0.797709
3.24	-0.9790065
3.245	-1.1965635
3.25	-1.4141205
3.255	-1.595418
3.26	-1.812975
3.265	-1.595418
3.27	-1.4141205
3.275	-1.4141205
3.28	-1.1965635
3.285	-1.1965635
3.29	-1.1965635
3.295	-1.1965635
3.3	-1.1965635
3.305	-1.1965635
3.31	-1.4141205
3.315	-1.4141205
3.32	-1.4141205
3.325	-1.4141205
3.33	-1.1965635
3.335	-1.1965635
3.34	-0.9790065
3.345	-0.9790065
3.35	-1.1965635
3.355	-0.9790065
3.36	-0.9790065
3.365	-0.9790065
3.37	-0.9790065
3.375	-0.9790065
3.38	-1.1965635
3.385	-1.1965635
3.39	-1.1965635
3.395	-1.1965635
3.4	-0.9790065
3.405	-0.9790065
3.41	-0.797709
3.415	-0.797709
3.42	-0.3988545
3.425	-0.1812975
3.43	0
3.435	0.217557
3.44	0.217557
3.445	0.217557
3.45	0.217557
3.455	0.217557
3.46	0.217557
3.465	0.217557
3.47	0.217557
3.475	0.217557
3.48	0.217557
3.485	0.217557
3.49	0.217557
3.495	0
3.5	0
3.505	-0.1812975
3.51	-0.3988545
3.515	-0.580152
3.52	-0.580152
3.525	-0.9790065
3.53	-1.1965635
3.535	-1.4141205
3.54	-1.595418
3.545	-1.595418
3.55	-1.595418
3.555	-1.4141205
3.56	-1.4141205
3.565	-1.1965635
3.57	-0.9790065
3.575	-0.9790065
3.58	-0.9790065
3.585	-0.9790065
3.59	-1.1965635
3.595	-1.1965635
3.6	-1.4141205
3.605	-1.595418
3.61	-1.4141205
3.615	-1.595418
3.62	-1.595418
3.625	-1.4141205
3.63	-1.4141205
3.635	-1.4141205
3.64	-1.4141205
3.645	-1.4141205
3.65	-1.595418
3.655	-1.812975
3.66	-1.812975
3.665	-1.9942725
3.67	-1.812975
3.675	-1.812975
3.68	-1.812975
3.685	-1.812975
3.69	-1.812975
3.695	-1.812975
3.7	-1.9942725
3.705	-2.2118295
3.71	-2.4293865
3.715	-2.610684
3.72	-3.0095385
3.725	-3.2270955
3.73	-3.2270955
3.735	-3.2270955
3.74	-3.2270955
3.745	-3.2270955
3.75	-3.2270955
3.755	-3.0095385
3.76	-3.2270955
3.765	-3.0095385
3.77	-3.2270955
3.775	-3.2270955
3.78	-3.4446525
3.785	-3.2270955
3.79	-3.4446525
3.795	-3.4446525
3.8	-3.62595
3.805	-3.62595
3.81	-3.62595
3.815	-3.843507
3.82	-3.62595
3.825	-3.62595
3.83	-3.4446525
3.835	-3.2270955
3.84	-3.2270955
3.845	-3.0095385
3.85	-3.0095385
3.855	-3.0095385
3.86	-3.2270955
3.865	-3.2270955
3.87	-3.2270955
3.875	-3.4446525
3.88	-3.62595
3.885	-3.843507
3.89	-3.843507
3.895	-3.843507
3.9	-3.62595
3.905	-3.62595
3.91	-3.62595
3.915	-3.62595
3.92	-3.62595
3.925	-3.62595
3.93	-3.843507
3.935	-3.843507
3.94	-3.843507
3.945	-4.0248045
3.95	-3.843507
3.955	-3.843507
3.96	-4.0248045
3.965	-3.843507
3.97	-3.843507
3.975	-3.62595
3.98	-3.4446525
3.985	-3.2270955
3.99	-3.0095385
3.995	-2.828241
4	-2.828241
4.005	-2.610684
4.01	-2.4293865
4.015	-2.4293865
4.02	-2.2118295
4.025	-1.9942725
4.03	-1.9942725
4.035	-1.9942725
4.04	-1.9942725
4.045	-2.4293865
4.05	-2.4293865
4.055	-2.610684
4.06	-2.828241
4.065	-2.828241
4.07	-2.828241
4.075	-2.828241
4.08	-2.610684
4.085	-2.610684
4.09	-2.610684
4.095	-2.4293865
4.1	-2.4293865
4.105	-2.4293865
4.11	-2.4293865
4.115	-2.610684
4.12	-2.610684
4.125	-2.610684
4.13	-2.4293865
4.135	-2.2118295
4.14	-1.9942725
4.145	-1.9942725
4.15	-1.812975
4.155	-1.595418
4.16	-1.595418
4.165	-1.812975
4.17	-1.595418
4.175	-1.595418
4.18	-1.812975
4.185	-1.9942725
4.19	-1.9942725
4.195	-1.9942725
4.2	-1.9942725
4.205	-2.2118295
4.21	-2.2118295
4.215	-2.2118295
4.22	-2.2118295
4.225	-2.4293865
4.23	-2.2118295
4.235	-2.4293865
4.24	-2.4293865
4.245	-2.4293865
4.25	-2.4293865
4.255	-2.2118295
4.26	-2.2118295
4.265	-2.2118295
4.27	-2.2118295
4.275	-2.2118295
4.28	-2.4293865
4.285	-2.610684
4.29	-2.610684
4.295	-2.828241
4.3	-3.0095385
4.305	-3.2270955
4.31	-3.0095385
4.315	-3.0095385
4.32	-2.828241
4.325	-2.828241
4.33	-2.610684
4.335	-2.610684
4.34	-2.610684
4.345	-2.610684
4.35	-2.610684
4.355	-2.610684
4.36	-2.828241
4.365	-2.828241
4.37	-3.0095385
4.375	-2.828241
4.38	-2.828241
4.385	-2.610684
4.39	-2.2118295
4.395	-1.9942725
4.4	-1.812975
4.405	-1.812975
4.41	-1.595418
4.415	-1.595418
4.42	-1.595418
4.425	-1.595418
4.43	-1.595418
4.435	-1.595418
4.44	-1.595418
4.445	-1.595418
4.45	-1.595418
4.455	-1.4141205
4.46	-1.1965635
4.465	-0.9790065
4.47	-0.797709
4.475	-0.797709
4.48	-0.9790065
4.485	-0.9790065
4.49	-1.1965635
4.495	-1.1965635
4.5	-1.1965635
4.505	-0.9790065
4.51	-0.797709
4.515	-0.580152
4.52	-0.3988545
4.525	-0.1812975
4.53	0
4.535	0
4.54	0.217557
4.545	0
4.55	0
4.555	-0.1812975
4.56	-0.3988545
4.565	-0.797709
4.57	-0.797709
4.575	-0.9790065
4.58	-0.9790065
4.585	-0.9790065
4.59	-0.797709
4.595	-0.797709
4.6	-0.580152
4.605	-0.580152
4.61	-0.580152
4.615	-0.580152
4.62	-0.580152
4.625	-0.580152
4.63	-0.797709
4.635	-0.797709
4.64	-0.9790065
4.645	-0.9790065
4.65	-1.1965635
4.655	-1.1965635
4.66	-1.4141205
4.665	-1.595418
4.67	-1.812975
4.675	-1.812975
4.68	-1.812975
4.685	-1.812975
4.69	-1.595418
4.695	-1.4141205
4.7	-1.1965635
4.705	-0.9790065
4.71	-0.9790065
4.715	-0.797709
4.72	-0.580152
4.725	-0.797709
4.73	-0.797709
4.735	-0.797709
4.74	-0.797709
4.745	-0.9790065
4.75	-0.797709
4.755	-0.797709
4.76	-0.580152
4.765	-0.580152
4.77	-0.3988545
4.775	-0.1812975
4.78	-0.1812975
4.785	-0.1812975
4.79	-0.3988545
4.795	-0.3988545
4.8	-0.580152
4.805	-0.580152
4.81	-0.797709
4.815	-0.580152
4.82	-0.3988545
4.825	-0.1812975
4.83	0
4.835	0.217557
4.84	0.435114
4.845	0.435114
4.85	0.435114
4.855	0.217557
4.86	0
4.865	-0.1812975
4.87	-0.3988545
4.875	-0.3988545
4.88	-0.580152
4.885	-0.3988545
4.89	-0.3988545
4.895	-0.1812975
4.9	0
4.905	0.217557
4.91	0.217557
4.915	0.217557
4.92	0
4.925	-0.1812975
4.93	-0.3988545
4.935	-0.580152
4.94	-0.797709
4.945	-0.9790065
4.95	-0.9790065
4.955	-0.797709
4.96	-0.797709
4.965	-0.797709
4.97	-0.580152
4.975	-0.3988545
4.98	-0.3988545
4.985	-0.3988545
4.99	-0.3988545
4.995	-0.580152
5	-0.797709
5.005	-0.9790065
5.01	-1.1965635
5.015	-1.4141205
5.02	-1.4141205
5.025	-1.4141205
5.03	-1.4141205
5.035	-1.1965635
5.04	-1.1965635
5.045	-1.1965635
5.05	-1.1965635
5.055	-1.1965635
5.06	-1.4141205
5.065	-1.4141205
5.07	-1.4141205
5.075	-1.595418
5.08	-1.595418
5.085	-1.595418
5.09	-1.812975
5.095	-1.812975
5.1	-1.812975
5.105	-1.595418
5.11	-1.595418
5.115	-1.595418
5.12	-1.4141205
5.125	-1.1965635
5.13	-1.1965635
5.135	-0.9790065
5.14	-0.797709
5.145	-0.797709
5.15	-0.9790065
5.155	-0.9790065
5.16	-1.1965635
5.165	-1.4141205
5.17	-1.595418
5.175	-1.595418
5.18	-1.4141205
5.185	-1.4141205
5.19	-1.4141205
5.195	-1.1965635
5.2	-1.1965635
5.205	-1.1965635
5.21	-1.1965635
5.215	-1.1965635
5.22	-1.1965635
5.225	-1.4141205
5.23	-1.595418
5.235	-1.595418
5.24	-1.812975
5.245	-1.812975
5.25	-1.9942725
5.255	-1.9942725
5.26	-1.9942725
5.265	-1.812975
5.27	-1.595418
5.275	-1.595418
5.28	-1.4141205
5.285	-1.1965635
5.29	-0.9790065
5.295	-0.797709
5.3	-0.797709
5.305	-0.797709
5.31	-0.797709
5.315	-0.797709
5.32	-0.9790065
5.325	-1.1965635
5.33	-1.4141205
5.335	-1.595418
5.34	-1.812975
5.345	-1.9942725
5.35	-1.9942725
5.355	-1.9942725
5.36	-1.812975
5.365	-1.812975
5.37	-1.4141205
5.375	-1.1965635
5.38	-0.9790065
5.385	-0.580152
5.39	-0.1812975
5.395	-0.1812975
5.4	0
5.405	0
5.41	0
5.415	-0.1812975
5.42	-0.1812975
5.425	-0.3988545
5.43	-0.580152
5.435	-0.9790065
5.44	-1.1965635
5.445	-1.595418
5.45	-1.812975
5.455	-1.812975
5.46	-1.9942725
5.465	-1.812975
5.47	-1.595418
5.475	-1.595418
5.48	-1.4141205
5.485	-0.9790065
5.49	-0.797709
5.495	-0.797709
5.5	-0.797709
5.505	-0.797709
5.51	-0.9790065
5.515	-1.1965635
5.52	-1.4141205
5.525	-1.4141205
5.53	-1.812975
5.535	-1.812975
5.54	-1.9942725
5.545	-1.9942725
5.55	-2.2118295
5.555	-2.2118295
5.56	-2.2118295
5.565	-2.2118295
5.57	-2.2118295
5.575	-2.2118295
5.58	-1.9942725
5.585	-1.812975
5.59	-1.595418
5.595	-1.4141205
5.6	-1.1965635
5.605	-1.1965635
5.61	-1.1965635
5.615	-1.1965635
5.62	-1.1965635
5.625	-1.1965635
5.63	-1.1965635
5.635	-1.4141205
5.64	-1.595418
5.645	-1.812975
5.65	-1.812975
5.655	-1.9942725
5.66	-1.9942725
5.665	-1.9942725
5.67	-1.9942725
5.675	-1.812975
5.68	-1.812975
5.685	-1.595418
5.69	-1.595418
5.695	-1.595418
5.7	-1.812975
5.705	-1.812975
5.71	-1.812975
5.715	-1.9942725
5.72	-1.9942725
5.725	-1.9942725
5.73	-1.9942725
5.735	-1.812975
5.74	-1.812975
5.745	-1.595418
5.75	-1.595418
5.755	-1.4141205
5.76	-1.4141205
5.765	-1.4141205
5.77	-1.4141205
5.775	-1.595418
5.78	-1.812975
5.785	-1.812975
5.79	-1.812975
5.795	-1.9942725
5.8	-2.2118295
5.805	-2.4293865
5.81	-2.4293865
5.815	-2.4293865
5.82	-2.4293865
5.825	-2.2118295
5.83	-2.2118295
5.835	-2.2118295
5.84	-1.9942725
5.845	-1.9942725
5.85	-1.812975
5.855	-1.4141205
5.86	-1.4141205
5.865	-1.1965635
5.87	-1.1965635
5.875	-1.1965635
5.88	-1.4141205
5.885	-1.4141205
5.89	-1.4141205
5.895	-1.595418
5.9	-1.812975
5.905	-1.9942725
5.91	-2.2118295
5.915	-2.2118295
5.92	-2.4293865
5.925	-2.4293865
5.93	-2.4293865
5.935	-2.4293865
5.94	-2.4293865
5.945	-2.2118295
5.95	-2.2118295
5.955	-1.9942725
5.96	-1.812975
5.965	-1.812975
5.97	-1.595418
5.975	-1.4141205
5.98	-1.4141205
5.985	-1.4141205
5.99	-1.4141205
5.995	-1.595418
6	-1.595418
6.005	-1.812975
6.01	-1.812975
6.015	-1.812975
6.02	-1.812975
6.025	-1.595418
6.03	-1.4141205
6.035	-1.4141205
6.04	-1.1965635
6.045	-1.1965635
6.05	-1.4141205
6.055	-1.595418
6.06	-1.595418
6.065	-1.812975
6.07	-1.9942725
6.075	-1.9942725
6.08	-2.2118295
6.085	-2.2118295
6.09	-2.4293865
6.095	-2.2118295
6.1	-2.2118295
6.105	-1.9942725
6.11	-1.812975
6.115	-1.4141205
6.12	-1.4141205
6.125	-1.1965635
6.13	-1.1965635
6.135	-0.9790065
6.14	-0.9790065
6.145	-0.9790065
6.15	-1.1965635
6.155	-1.4141205
6.16	-1.595418
6.165	-1.812975
6.17	-1.812975
6.175	-1.9942725
6.18	-2.2118295
6.185	-2.4293865
6.19	-2.4293865
6.195	-2.4293865
6.2	-2.4293865
6.205	-2.2118295
6.21	-1.9942725
6.215	-1.812975
6.22	-1.595418
6.225	-1.4141205
6.23	-1.4141205
6.235	-1.4141205
6.24	-1.4141205
6.245	-1.4141205
6.25	-1.4141205
6.255	-1.595418
6.26	-1.595418
6.265	-1.595418
6.27	-1.812975
6.275	-1.812975
6.28	-1.812975
6.285	-1.9942725
6.29	-1.9942725
6.295	-1.9942725
6.3	-2.2118295
6.305	-2.2118295
6.31	-1.9942725
6.315	-1.812975
6.32	-1.812975
6.325	-1.595418
6.33	-1.4141205
6.335	-1.4141205
6.34	-1.595418
6.345	-1.595418
6.35	-1.812975
6.355	-1.9942725
6.36	-2.2118295
6.365	-2.2118295
6.37	-2.4293865
6.375	-2.610684
6.38	-2.610684
6.385	-2.4293865
6.39	-2.2118295
6.395	-2.2118295
6.4	-1.812975
6.405	-1.812975
6.41	-1.812975
6.415	-1.812975
6.42	-1.9942725
6.425	-1.9942725
6.43	-1.9942725
6.435	-1.9942725
6.44	-2.2118295
6.445	-2.2118295
6.45	-2.4293865
6.455	-2.2118295
6.46	-2.2118295
6.465	-2.2118295
6.47	-1.9942725
6.475	-1.9942725
6.48	-1.9942725
6.485	-1.9942725
6.49	-1.9942725
6.495	-1.9942725
6.5	-1.9942725
6.505	-2.2118295
6.51	-2.2118295
6.515	-2.4293865
6.52	-2.4293865
6.525	-2.610684
6.53	-2.4293865
6.535	-2.610684
6.54	-2.4293865
6.545	-2.4293865
6.55	-2.4293865
6.555	-2.4293865
6.56	-2.4293865
6.565	-2.4293865
6.57	-2.4293865
6.575	-2.4293865
6.58	-2.4293865
6.585	-2.4293865
6.59	-2.4293865
6.595	-2.4293865
6.6	-2.4293865
6.605	-2.4293865
6.61	-2.4293865
6.615	-2.2118295
6.62	-2.4293865
6.625	-2.4293865
6.63	-2.4293865
6.635	-2.610684
6.64	-2.828241
6.645	-2.610684
6.65	-2.610684
6.655	-2.610684
6.66	-2.4293865
6.665	-2.4293865
6.67	-2.2118295
6.675	-2.2118295
6.68	-1.9942725
6.685	-1.9942725
6.69	-1.812975
6.695	-1.9942725
6.7	-1.9942725
6.705	-2.2118295
6.71	-2.4293865
6.715	-2.4293865
6.72	-2.4293865
6.725	-2.4293865
6.73	-2.4293865
6.735	-2.4293865
6.74	-2.610684
6.745	-2.610684
6.75	-2.610684
6.755	-2.610684
6.76	-2.4293865
6.765	-2.610684
6.77	-2.828241
6.775	-2.828241
6.78	-2.828241
6.785	-2.828241
6.79	-2.828241
6.795	-2.610684
6.8	-2.4293865
6.805	-2.2118295
6.81	-2.2118295
6.815	-1.9942725
6.82	-1.9942725
6.825	-1.9942725
6.83	-1.9942725
6.835	-1.9942725
6.84	-1.9942725
6.845	-2.2118295
6.85	-1.9942725
6.855	-1.9942725
6.86	-1.9942725
6.865	-1.9942725
6.87	-1.9942725
6.875	-1.9942725
6.88	-1.9942725
6.885	-1.9942725
6.89	-1.9942725
6.895	-1.9942725
6.9	-1.9942725
6.905	-1.9942725
6.91	-1.9942725
6.915	-1.9942725
6.92	-2.2118295
6.925	-2.2118295
6.93	-2.2118295
6.935	-2.4293865
6.94	-2.4293865
6.945	-2.4293865
6.95	-2.610684
6.955	-2.610684
6.96	-2.4293865
6.965	-2.4293865
6.97	-2.2118295
6.975	-1.9942725
6.98	-1.9942725
6.985	-1.812975
6.99	-1.812975
6.995	-1.812975
7	-1.9942725
7.005	-1.9942725
7.01	-1.9942725
7.015	-1.9942725
7.02	-1.9942725
7.025	-1.812975
7.03	-1.812975
7.035	-1.595418
7.04	-1.595418
7.045	-1.595418
7.05	-1.595418
7.055	-1.4141205
7.06	-1.4141205
7.065	-1.4141205
7.07	-1.4141205
7.075	-1.4141205
7.08	-1.595418
7.085	-1.595418
7.09	-1.595418
7.095	-1.595418
7.1	-1.812975
7.105	-1.812975
7.11	-1.812975
7.115	-1.812975
7.12	-1.812975
7.125	-1.595418
7.13	-1.595418
7.135	-1.595418
7.14	-1.4141205
7.145	-1.4141205
7.15	-1.4141205
7.155	-1.4141205
7.16	-1.4141205
7.165	-1.595418
7.17	-1.595418
7.175	-1.4141205
7.18	-1.4141205
7.185	-1.4141205
7.19	-1.4141205
7.195	-1.1965635
7.2	-1.4141205
7.205	-1.1965635
7.21	-1.1965635
7.215	-0.9790065
7.22	-0.9790065
7.225	-0.9790065
7.23	-1.1965635
7.235	-1.1965635
7.24	-1.4141205
7.245	-1.595418
7.25	-1.595418
7.255	-1.812975
7.26	-1.812975
7.265	-1.9942725
7.27	-1.812975
7.275	-1.812975
7.28	-1.595418
7.285	-1.1965635
7.29	-0.9790065
7.295	-0.797709
7.3	-0.797709
7.305	-0.580152
7.31	-0.580152
7.315	-0.9790065
7.32	-0.9790065
7.325	-1.1965635
7.33	-1.1965635
7.335	-1.4141205
7.34	-1.1965635
7.345	-1.4141205
7.35	-1.1965635
7.355	-1.4141205
7.36	-1.4141205
7.365	-1.595418
7.37	-1.595418
7.375	-1.812975
7.38	-1.812975
7.385	-1.9942725
7.39	-1.812975
7.395	-1.812975
7.4	-1.812975
7.405	-1.812975
7.41	-1.595418
7.415	-1.4141205
7.42	-1.4141205
7.425	-1.4141205
7.43	-1.4141205
7.435	-1.4141205
7.44	-1.595418
7.445	-1.595418
7.45	-1.595418
7.455	-1.595418
7.46	-1.4141205
7.465	-1.1965635
7.47	-0.9790065
7.475	-0.9790065
7.48	-0.797709
7.485	-0.797709
7.49	-0.9790065
7.495	-0.9790065
7.5	-1.1965635
7.505	-1.1965635
7.51	-1.1965635
7.515	-1.4141205
7.52	-1.4141205
7.525	-1.1965635
7.53	-1.1965635
7.535	-1.1965635
7.54	-0.9790065
7.545	-0.797709
7.55	-0.797709
7.555	-0.580152
7.56	-0.580152
7.565	-0.580152
7.57	-0.580152
7.575	-0.797709
7.58	-0.9790065
7.585	-0.9790065
7.59	-1.1965635
7.595	-1.1965635
7.6	-1.1965635
7.605	-1.1965635
7.61	-1.1965635
7.615	-0.9790065
7.62	-1.1965635
7.625	-0.9790065
7.63	-0.797709
7.635	-0.797709
7.64	-0.580152
7.645	-0.3988545
7.65	-0.3988545
7.655	-0.1812975
7.66	-0.1812975
7.665	-0.1812975
7.67	-0.3988545
7.675	-0.3988545
7.68	-0.3988545
7.685	-0.3988545
7.69	-0.580152
7.695	-0.580152
7.7	-0.580152
7.705	-0.580152
7.71	-0.580152
7.715	-0.580152
7.72	-0.580152
7.725	-0.580152
7.73	-0.797709
7.735	-0.9790065
7.74	-0.9790065
7.745	-0.9790065
7.75	-0.797709
7.755	-0.580152
7.76	-0.3988545
7.765	-0.3988545
7.77	-0.1812975
7.775	-0.1812975
7.78	-0.1812975
7.785	-0.1812975
7.79	-0.3988545
7.795	-0.3988545
7.8	-0.580152
7.805	-0.797709
7.81	-0.9790065
7.815	-1.1965635
7.82	-1.1965635
7.825	-1.1965635
7.83	-1.1965635
7.835	-1.1965635
7.84	-1.1965635
7.845	-0.9790065
7.85	-0.9790065
7.855	-0.797709
7.86	-0.797709
7.865	-0.580152
7.87	-0.580152
7.875	-0.580152
7.88	-0.580152
7.885	-0.580152
7.89	-0.797709
7.895	-0.9790065
7.9	-0.9790065
7.905	-0.9790065
7.91	-0.9790065
7.915	-0.9790065
7.92	-0.9790065
7.925	-0.9790065
7.93	-0.9790065
7.935	-0.9790065
7.94	-0.797709
7.945	-0.797709
7.95	-0.797709
7.955	-0.797709
7.96	-0.797709
7.965	-0.797709
7.97	-0.580152
7.975	-0.580152
7.98	-0.797709
7.985	-0.797709
7.99	-0.797709
7.995	-0.797709
8	-0.9790065
8.005	-0.9790065
8.01	-0.9790065
8.015	-0.9790065
8.02	-0.797709
8.025	-0.580152
8.03	-0.3988545
8.035	-0.3988545
8.04	-0.1812975
8.045	0
8.05	0
8.055	0
8.06	-0.1812975
8.065	-0.1812975
8.07	-0.3988545
8.075	-0.580152
8.08	-0.580152
8.085	-0.797709
8.09	-0.797709
8.095	-0.797709
8.1	-0.797709
8.105	-0.797709
8.11	-0.580152
8.115	-0.580152
8.12	-0.580152
8.125	-0.580152
8.13	-0.797709
8.135	-0.797709
8.14	-0.797709
8.145	-0.9790065
8.15	-0.9790065
8.155	-0.9790065
8.16	-1.1965635
8.165	-1.1965635
8.17	-1.1965635
8.175	-1.1965635
8.18	-1.1965635
8.185	-0.9790065
8.19	-0.9790065
8.195	-0.797709
8.2	-0.797709
8.205	-0.797709
8.21	-0.797709
8.215	-0.9790065
8.22	-0.9790065
8.225	-1.1965635
8.23	-1.4141205
8.235	-1.595418
8.24	-1.4141205
8.245	-1.4141205
8.25	-0.9790065
8.255	-0.797709
8.26	-0.797709
8.265	-0.580152
8.27	-0.3988545
8.275	-0.3988545
8.28	-0.3988545
8.285	-0.580152
8.29	-0.797709
8.295	-0.9790065
8.3	-1.1965635
8.305	-1.1965635
8.31	-1.4141205
8.315	-1.1965635
8.32	-0.9790065
8.325	-0.9790065
8.33	-0.9790065
8.335	-0.797709
8.34	-0.797709
8.345	-0.797709
8.35	-0.797709
8.355	-0.797709
8.36	-0.580152
8.365	-0.797709
8.37	-0.580152
8.375	-0.797709
8.38	-0.797709
8.385	-0.797709
8.39	-0.797709
8.395	-0.9790065
8.4	-1.1965635
8.405	-1.1965635
8.41	-1.1965635
8.415	-1.1965635
8.42	-1.1965635
8.425	-1.1965635
8.43	-1.1965635
8.435	-1.1965635
8.44	-1.1965635
8.445	-1.4141205
8.45	-1.4141205
8.455	-1.4141205
8.46	-1.1965635
8.465	-1.1965635
8.47	-0.9790065
8.475	-0.9790065
8.48	-0.797709
8.485	-0.797709
8.49	-0.797709
8.495	-0.797709
8.5	-0.797709
8.505	-0.797709
8.51	-0.580152
8.515	-0.797709
8.52	-0.797709
8.525	-0.797709
8.53	-0.9790065
8.535	-0.9790065
8.54	-0.9790065
8.545	-0.9790065
8.55	-0.9790065
8.555	-0.9790065
8.56	-1.1965635
8.565	-0.9790065
8.57	-1.1965635
8.575	-1.1965635
8.58	-0.9790065
8.585	-0.9790065
8.59	-0.9790065
8.595	-0.9790065
8.6	-0.9790065
8.605	-0.9790065
8.61	-0.9790065
8.615	-0.9790065
8.62	-0.9790065
8.625	-0.9790065
8.63	-0.9790065
8.635	-0.9790065
8.64	-0.9790065
8.645	-1.1965635
8.65	-1.1965635
8.655	-1.1965635
8.66	-1.4141205
8.665	-1.4141205
8.67	-1.4141205
8.675	-1.595418
8.68	-1.595418
8.685	-1.4141205
8.69	-1.4141205
8.695	-1.1965635
8.7	-1.1965635
8.705	-1.1965635
8.71	-0.9790065
8.715	-0.9790065
8.72	-0.9790065
8.725	-0.9790065
8.73	-0.9790065
8.735	-0.797709
8.74	-0.797709
8.745	-0.797709
8.75	-0.797709
8.755	-0.9790065
8.76	-0.9790065
8.765	-1.1965635
8.77	-1.1965635
8.775	-1.1965635
8.78	-0.9790065
8.785	-0.9790065
8.79	-0.9790065
8.795	-0.797709
8.8	-0.797709
8.805	-0.580152
8.81	-0.3988545
8.815	-0.580152
8.82	-0.3988545
8.825	-0.3988545
8.83	-0.580152
8.835	-0.797709
8.84	-0.797709
8.845	-0.9790065
8.85	-0.797709
8.855	-0.9790065
8.86	-0.580152
8.865	-0.580152
8.87	-0.3988545
8.875	-0.3988545
8.88	-0.3988545
8.885	-0.580152
8.89	-0.580152
8.895	-0.580152
8.9	-0.797709
8.905	-0.797709
8.91	-0.797709
8.915	-0.9790065
8.92	-0.9790065
8.925	-0.797709
8.93	-0.797709
8.935	-0.580152
8.94	-0.580152
8.945	-0.580152
8.95	-0.797709
8.955	-0.797709
8.96	-0.9790065
8.965	-1.1965635
8.97	-1.1965635
8.975	-1.1965635
8.98	-1.4141205
8.985	-1.1965635
8.99	-0.9790065
8.995	-0.797709
9	-0.580152
9.005	-0.3988545
9.01	-0.3988545
9.015	-0.3988545
9.02	-0.580152
9.025	-0.797709
9.03	-0.797709
9.035	-0.9790065
9.04	-0.9790065
9.045	-0.9790065
9.05	-0.9790065
9.055	-0.9790065
9.06	-0.9790065
9.065	-0.9790065
9.07	-0.9790065
9.075	-0.797709
9.08	-0.580152
9.085	-0.3988545
9.09	-0.3988545
9.095	-0.580152
9.1	-0.580152
9.105	-0.580152
9.11	-0.797709
9.115	-0.797709
9.12	-0.797709
9.125	-0.9790065
9.13	-0.9790065
9.135	-1.1965635
9.14	-1.1965635
9.145	-0.9790065
9.15	-0.9790065
9.155	-0.797709
9.16	-0.797709
9.165	-0.580152
9.17	-0.580152
9.175	-0.580152
9.18	-0.580152
9.185	-0.797709
9.19	-0.797709
9.195	-0.797709
9.2	-0.9790065
9.205	-1.1965635
9.21	-1.1965635
9.215	-1.1965635
9.22	-1.1965635
9.225	-0.9790065
9.23	-0.797709
9.235	-0.797709
9.24	-0.580152
9.245	-0.580152
9.25	-0.580152
9.255	-0.797709
9.26	-0.797709
9.265	-0.797709
9.27	-0.9790065
9.275	-0.9790065
9.28	-1.1965635
9.285	-1.1965635
9.29	-1.1965635
9.295	-1.1965635
9.3	-1.1965635
9.305	-0.9790065
9.31	-0.9790065
9.315	-0.797709
9.32	-0.797709
9.325	-0.9790065
9.33	-0.797709
9.335	-0.9790065
9.34	-1.1965635
9.345	-1.1965635
9.35	-1.1965635
9.355	-1.4141205
9.36	-1.4141205
9.365	-1.4141205
9.37	-1.4141205
9.375	-1.1965635
9.38	-0.9790065
9.385	-0.797709
9.39	-0.797709
9.395	-0.797709
9.4	-0.797709
9.405	-0.797709
9.41	-0.797709
9.415	-0.797709
9.42	-0.797709
9.425	-0.580152
9.43	-0.580152
9.435	-0.797709
9.44	-0.797709
9.445	-0.797709
9.45	-0.9790065
9.455	-0.9790065
9.46	-1.1965635
9.465	-1.1965635
9.47	-1.1965635
9.475	-0.9790065
9.48	-0.797709
9.485	-0.797709
9.49	-0.797709
9.495	-0.580152
9.5	-0.580152
9.505	-0.580152
9.51	-0.3988545
9.515	-0.3988545
9.52	-0.580152
9.525	-0.797709
9.53	-0.9790065
9.535	-0.9790065
9.54	-1.1965635
9.545	-1.1965635
9.55	-1.1965635
9.555	-1.1965635
9.56	-1.1965635
9.565	-0.9790065
9.57	-0.797709
9.575	-0.580152
9.58	-0.797709
9.585	-0.797709
9.59	-0.797709
9.595	-0.797709
9.6	-0.797709
9.605	-0.797709
9.61	-0.9790065
9.615	-0.9790065
9.62	-0.9790065
9.625	-1.1965635
9.63	-1.1965635
9.635	-0.9790065
9.64	-0.9790065
9.645	-0.9790065
9.65	-0.797709
9.655	-0.580152
9.66	-0.580152
9.665	-0.3988545
9.67	-0.1812975
9.675	-0.1812975
9.68	-0.1812975
9.685	-0.3988545
9.69	-0.3988545
9.695	-0.3988545
9.7	-0.580152
9.705	-0.580152
9.71	-0.580152
9.715	-0.797709
9.72	-0.9790065
9.725	-0.9790065
9.73	-0.9790065
9.735	-0.9790065
9.74	-0.9790065
9.745	-0.797709
9.75	-0.580152
9.755	-0.580152
9.76	-0.3988545
9.765	-0.580152
9.77	-0.580152
9.775	-0.580152
9.78	-0.797709
9.785	-0.797709
9.79	-0.797709
9.795	-0.797709
9.8	-0.797709
9.805	-0.580152
9.81	-0.580152
9.815	-0.3988545
9.82	-0.3988545
9.825	-0.3988545
9.83	-0.580152
9.835	-0.580152
9.84	-0.797709
9.845	-0.797709
9.85	-0.797709
9.855	-0.797709
9.86	-0.9790065
9.865	-0.797709
9.87	-0.580152
9.875	-0.580152
9.88	-0.3988545
9.885	-0.1812975
9.89	-0.1812975
9.895	-0.1812975
9.9	-0.1812975
9.905	-0.1812975
9.91	-0.3988545
9.915	-0.580152
9.92	-0.797709
9.925	-0.797709
9.93	-0.797709
9.935	-0.797709
9.94	-0.797709
9.945	-0.580152
9.95	-0.580152
9.955	-0.580152
9.96	-0.580152
9.965	-0.580152
9.97	-0.3988545
9.975	-0.580152
9.98	-0.580152
9.985	-0.580152
9.99	-0.797709
9.995	-0.797709
10	-0.9790065
10.005	-0.9790065
10.01	-0.9790065
10.015	-0.797709
10.02	-0.797709
10.025	-0.580152
10.03	-0.580152
10.035	-0.580152
10.04	-0.580152
10.045	-0.580152
10.05	-0.580152
10.055	-0.797709
10.06	-0.9790065
10.065	-0.9790065
10.07	-1.1965635
10.075	-1.1965635
10.08	-1.1965635
10.085	-1.1965635
10.09	-1.1965635
10.095	-1.1965635
10.1	-0.9790065
10.105	-0.797709
10.11	-0.580152
10.115	-0.580152
10.12	-0.3988545
10.125	-0.580152
10.13	-0.797709
10.135	-0.797709
10.14	-0.797709
10.145	-0.9790065
10.15	-0.9790065
10.155	-0.9790065
10.16	-0.9790065
10.165	-0.797709
10.17	-0.797709
10.175	-0.797709
10.18	-0.797709
10.185	-0.797709
10.19	-0.797709
10.195	-0.9790065
10.2	-0.9790065
10.205	-0.9790065
10.21	-0.9790065
10.215	-0.9790065
10.22	-0.9790065
10.225	-0.797709
10.23	-0.797709
10.235	-0.797709
10.24	-0.797709
10.245	-0.797709
10.25	-0.797709
10.255	-0.797709
10.26	-0.9790065
10.265	-0.9790065
10.27	-1.1965635
10.275	-1.4141205
10.28	-1.4141205
10.285	-1.1965635
10.29	-1.1965635
10.295	-0.9790065
10.3	-0.797709
10.305	-0.797709
10.31	-0.797709
10.315	-0.797709
10.32	-0.797709
10.325	-0.9790065
10.33	-0.9790065
10.335	-1.1965635
10.34	-1.1965635
10.345	-1.1965635
10.35	-1.1965635
10.355	-0.9790065
10.36	-0.9790065
10.365	-0.9790065
10.37	-0.797709
10.375	-0.797709
10.38	-0.9790065
10.385	-0.9790065
10.39	-1.1965635
10.395	-1.1965635
10.4	-1.1965635
10.405	-1.1965635
10.41	-0.9790065
10.415	-0.9790065
10.42	-0.9790065
10.425	-0.9790065
10.43	-1.1965635
10.435	-1.1965635
10.44	-1.1965635
10.445	-1.1965635
10.45	-1.4141205
10.455	-1.1965635
10.46	-1.1965635
10.465	-0.9790065
10.47	-0.797709
10.475	-0.580152
10.48	-0.3988545
10.485	-0.3988545
10.49	-0.3988545
10.495	-0.3988545
10.5	-0.580152
10.505	-0.797709
10.51	-0.9790065
10.515	-1.1965635
10.52	-1.1965635
10.525	-1.1965635
10.53	-1.1965635
10.535	-1.1965635
10.54	-1.1965635
10.545	-0.9790065
10.55	-0.9790065
10.555	-0.797709
10.56	-0.580152
10.565	-0.797709
10.57	-0.797709
10.575	-0.797709
10.58	-0.797709
10.585	-0.797709
10.59	-0.797709
10.595	-0.797709
10.6	-0.797709
10.605	-0.9790065
10.61	-0.9790065
10.615	-0.9790065
10.62	-0.9790065
10.625	-1.1965635
10.63	-0.9790065
10.635	-0.9790065
10.64	-0.797709
10.645	-0.797709
10.65	-0.580152
10.655	-0.580152
10.66	-0.3988545
10.665	-0.3988545
10.67	-0.3988545
10.675	-0.3988545
10.68	-0.580152
10.685	-0.797709
10.69	-0.797709
10.695	-0.9790065
10.7	-1.1965635
10.705	-1.1965635
10.71	-1.1965635
10.715	-1.1965635
10.72	-1.1965635
10.725	-1.1965635
10.73	-1.1965635
10.735	-0.9790065
10.74	-0.9790065
10.745	-0.797709
10.75	-0.797709
10.755	-0.9790065
10.76	-0.9790065
10.765	-1.1965635
10.77	-1.1965635
10.775	-1.4141205
10.78	-1.4141205
10.785	-1.4141205
10.79	-1.4141205
10.795	-1.1965635
10.8	-0.9790065
10.805	-0.9790065
10.81	-0.9790065
10.815	-0.797709
10.82	-0.797709
10.825	-0.9790065
10.83	-0.797709
10.835	-0.9790065
10.84	-0.9790065
10.845	-0.9790065
10.85	-0.9790065
10.855	-1.1965635
10.86	-1.1965635
10.865	-1.4141205
10.87	-1.4141205
10.875	-1.595418
10.88	-1.4141205
10.885	-1.4141205
10.89	-1.1965635
10.895	-0.9790065
10.9	-0.797709
10.905	-0.580152
10.91	-0.580152
10.915	-0.580152
10.92	-0.580152
10.925	-0.580152
10.93	-0.797709
10.935	-0.797709
10.94	-0.9790065
10.945	-0.9790065
10.95	-1.1965635
10.955	-0.9790065
10.96	-0.9790065
10.965	-0.797709
10.97	-0.797709
10.975	-0.580152
10.98	-0.580152
10.985	-0.580152
10.99	-0.580152
10.995	-0.580152
11	-0.797709
11.005	-0.797709
11.01	-0.797709
11.015	-0.9790065
11.02	-1.1965635
11.025	-1.1965635
11.03	-1.1965635
11.035	-1.1965635
11.04	-0.9790065
11.045	-0.797709
11.05	-0.580152
11.055	-0.1812975
11.06	-0.1812975
11.065	-0.1812975
11.07	-0.1812975
11.075	-0.3988545
11.08	-0.580152
11.085	-0.797709
11.09	-0.797709
11.095	-0.9790065
11.1	-0.9790065
11.105	-1.1965635
11.11	-1.1965635
11.115	-1.1965635
11.12	-1.1965635
11.125	-1.1965635
11.13	-1.1965635
11.135	-0.9790065
11.14	-0.9790065
11.145	-0.9790065
11.15	-0.797709
11.155	-0.797709
11.16	-0.797709
11.165	-0.797709
11.17	-0.797709
11.175	-0.797709
11.18	-0.797709
11.185	-0.797709
11.19	-0.797709
11.195	-0.9790065
11.2	-0.9790065
11.205	-0.9790065
11.21	-0.9790065
11.215	-0.9790065
11.22	-0.9790065
11.225	-0.9790065
11.23	-0.9790065
11.235	-0.9790065
11.24	-0.9790065
11.245	-0.9790065
11.25	-0.9790065
11.255	-0.9790065
11.26	-0.9790065
11.265	-0.9790065
11.27	-0.9790065
11.275	-0.9790065
11.28	-0.9790065
11.285	-0.9790065
11.29	-0.9790065
11.295	-0.797709
11.3	-0.580152
11.305	-0.3988545
11.31	-0.3988545
11.315	-0.3988545
11.32	-0.580152
11.325	-0.797709
11.33	-0.9790065
11.335	-0.9790065
11.34	-1.1965635
11.345	-1.1965635
11.35	-1.1965635
11.355	-0.9790065
11.36	-0.9790065
11.365	-0.797709
11.37	-0.580152
11.375	-0.3988545
11.38	-0.3988545
11.385	-0.3988545
11.39	-0.3988545
11.395	-0.3988545
11.4	-0.580152
11.405	-0.580152
11.41	-0.797709
11.415	-0.9790065
11.42	-0.9790065
11.425	-0.9790065
11.43	-0.9790065
11.435	-0.797709
11.44	-0.797709
11.445	-0.580152
11.45	-0.580152
11.455	-0.3988545
11.46	-0.3988545
11.465	-0.3988545
11.47	-0.3988545
11.475	-0.3988545
11.48	-0.3988545
11.485	-0.1812975
11.49	-0.1812975
11.495	-0.1812975
11.5	-0.3988545
11.505	-0.3988545
11.51	-0.580152
11.515	-0.580152
11.52	-0.580152
11.525	-0.580152
11.53	-0.580152
11.535	-0.580152
11.54	-0.580152
11.545	-0.3988545
11.55	-0.1812975
11.555	-0.1812975
11.56	-0.1812975
11.565	-0.1812975
11.57	-0.1812975
11.575	-0.3988545
11.58	-0.3988545
11.585	-0.3988545
11.59	-0.580152
11.595	-0.580152
11.6	-0.580152
11.605	-0.580152
11.61	-0.580152
11.615	-0.580152
11.62	-0.3988545
11.625	-0.3988545
11.63	-0.580152
11.635	-0.580152
11.64	-0.580152
11.645	-0.797709
11.65	-0.797709
11.655	-0.580152
11.66	-0.580152
11.665	-0.3988545
11.67	-0.3988545
11.675	-0.3988545
11.68	-0.3988545
11.685	-0.3988545
11.69	-0.580152
11.695	-0.580152
11.7	-0.797709
11.705	-0.797709
11.71	-0.797709
11.715	-0.797709
11.72	-0.580152
11.725	-0.580152
11.73	-0.580152
11.735	-0.580152
11.74	-0.580152
11.745	-0.580152
11.75	-0.580152
11.755	-0.580152
11.76	-0.580152
11.765	-0.3988545
11.77	-0.580152
11.775	-0.3988545
11.78	-0.3988545
11.785	-0.580152
11.79	-0.580152
11.795	-0.580152
11.8	-0.580152
11.805	-0.580152
11.81	-0.580152
11.815	-0.580152
11.82	-0.3988545
11.825	-0.3988545
11.83	-0.3988545
11.835	-0.580152
11.84	-0.3988545
11.845	-0.3988545
11.85	-0.3988545
11.855	-0.3988545
11.86	-0.3988545
11.865	-0.3988545
11.87	-0.3988545
11.875	-0.3988545
11.88	-0.3988545
11.885	-0.3988545
11.89	-0.580152
11.895	-0.580152
11.9	-0.797709
11.905	-0.797709
11.91	-0.797709
11.915	-0.580152
11.92	-0.580152
11.925	-0.3988545
11.93	-0.1812975
11.935	-0.1812975
11.94	-0.1812975
11.945	-0.1812975
11.95	-0.3988545
11.955	-0.3988545
11.96	-0.580152
11.965	-0.797709
11.97	-0.797709
11.975	-0.9790065
11.98	-0.797709
11.985	-0.9790065
11.99	-0.797709
11.995	-0.797709
12	-0.580152
12.005	-0.3988545
12.01	-0.1812975
12.015	-0.1812975
12.02	0
12.025	0
12.03	0
12.035	0
12.04	0
12.045	-0.1812975
12.05	-0.3988545
12.055	-0.3988545
12.06	-0.580152
12.065	-0.797709
12.07	-0.580152
12.075	-0.580152
12.08	-0.580152
12.085	-0.3988545
12.09	-0.3988545
12.095	-0.1812975
12.1	0
12.105	0.217557
12.11	0.217557
12.115	0.435114
12.12	0.435114
12.125	0.217557
12.13	0.217557
12.135	0
12.14	-0.3988545
12.145	-0.580152
12.15	-0.797709
12.155	-0.797709
12.16	-0.797709
12.165	-0.797709
12.17	-0.580152
12.175	-0.3988545
12.18	-0.3988545
12.185	-0.1812975
12.19	0
12.195	0.217557
12.2	0.217557
12.205	0.217557
12.21	0.217557
12.215	0.217557
12.22	0
12.225	0
12.23	0
12.235	-0.1812975
12.24	-0.3988545
12.245	-0.580152
12.25	-0.580152
12.255	-0.580152
12.26	-0.3988545
12.265	-0.3988545
12.27	-0.1812975
12.275	0
12.28	0
12.285	0
12.29	0
12.295	-0.1812975
12.3	-0.1812975
12.305	-0.3988545
12.31	-0.580152
12.315	-0.580152
12.32	-0.580152
12.325	-0.580152
12.33	-0.3988545
12.335	-0.3988545
12.34	-0.3988545
12.345	-0.3988545
12.35	-0.3988545
12.355	-0.3988545
12.36	-0.3988545
12.365	-0.3988545
12.37	-0.3988545
12.375	-0.3988545
12.38	-0.1812975
12.385	-0.1812975
12.39	-0.3988545
12.395	-0.3988545
12.4	-0.580152
12.405	-0.580152
12.41	-0.797709
12.415	-0.9790065
12.42	-0.9790065
12.425	-0.9790065
12.43	-0.797709
12.435	-0.3988545
12.44	-0.1812975
12.445	0
12.45	0
12.455	0
12.46	0
12.465	-0.1812975
12.47	-0.1812975
12.475	-0.580152
12.48	-0.580152
12.485	-0.9790065
12.49	-0.9790065
12.495	-0.797709
12.5	-0.580152
12.505	-0.580152
12.51	-0.1812975
12.515	-0.1812975
12.52	0
12.525	0
12.53	-0.1812975
12.535	-0.1812975
12.54	-0.3988545
12.545	-0.580152
12.55	-0.580152
12.555	-0.580152
12.56	-0.580152
12.565	-0.580152
12.57	-0.3988545
12.575	-0.3988545
12.58	-0.3988545
12.585	-0.1812975
12.59	-0.1812975
12.595	-0.3988545
12.6	-0.3988545
12.605	-0.3988545
12.61	-0.580152
12.615	-0.797709
12.62	-0.9790065
12.625	-0.9790065
12.63	-1.1965635
12.635	-0.9790065
12.64	-0.797709
12.645	-0.797709
12.65	-0.580152
12.655	-0.3988545
12.66	-0.3988545
12.665	-0.1812975
12.67	0
12.675	0
12.68	0.217557
12.685	0
12.69	0
12.695	-0.1812975
12.7	-0.1812975
12.705	-0.3988545
12.71	-0.3988545
12.715	-0.3988545
12.72	-0.580152
12.725	-0.580152
12.73	-0.580152
12.735	-0.580152
12.74	-0.797709
12.745	-0.797709
12.75	-0.580152
12.755	-0.3988545
12.76	-0.3988545
12.765	-0.3988545
12.77	-0.1812975
12.775	-0.1812975
12.78	-0.1812975
12.785	-0.1812975
12.79	-0.1812975
12.795	-0.3988545
12.8	-0.3988545
12.805	-0.3988545
12.81	-0.3988545
12.815	-0.580152
12.82	-0.580152
12.825	-0.3988545
12.83	-0.580152
12.835	-0.580152
12.84	-0.3988545
12.845	-0.3988545
12.85	-0.1812975
12.855	0
12.86	0
12.865	0
12.87	-0.1812975
12.875	-0.1812975
12.88	-0.3988545
12.885	-0.1812975
12.89	-0.3988545
12.895	-0.1812975
12.9	-0.1812975
12.905	-0.1812975
12.91	-0.1812975
12.915	0
12.92	0
12.925	0
12.93	0
12.935	0
12.94	0.217557
12.945	0.217557
12.95	0.217557
12.955	0.435114
12.96	0.6164115
12.965	0.6164115
12.97	0.435114
12.975	0.435114
12.98	0.217557
12.985	0
12.99	-0.1812975
12.995	-0.1812975
13	-0.3988545
13.005	-0.3988545
13.01	-0.3988545
13.015	-0.3988545
13.02	-0.1812975
13.025	-0.1812975
13.03	0
13.035	0
13.04	0.217557
13.045	0.217557
13.05	0.217557
13.055	0.217557
13.06	0.217557
13.065	0
13.07	0
13.075	0
13.08	-0.1812975
13.085	-0.3988545
13.09	-0.580152
13.095	-0.797709
13.1	-0.797709
13.105	-0.580152
13.11	-0.3988545
13.115	-0.1812975
13.12	0
13.125	0.217557
13.13	0
13.135	0.217557
13.14	0
13.145	0
13.15	0
13.155	-0.1812975
13.16	-0.3988545
13.165	-0.3988545
13.17	-0.580152
13.175	-0.580152
13.18	-0.580152
13.185	-0.580152
13.19	-0.580152
13.195	-0.3988545
13.2	-0.3988545
13.205	-0.3988545
13.21	-0.3988545
13.215	-0.3988545
13.22	-0.3988545
13.225	-0.3988545
13.23	-0.3988545
13.235	-0.3988545
13.24	-0.580152
13.245	-0.580152
13.25	-0.580152
13.255	-0.580152
13.26	-0.580152
13.265	-0.3988545
13.27	-0.3988545
13.275	-0.3988545
13.28	-0.3988545
13.285	-0.3988545
13.29	-0.3988545
13.295	-0.580152
13.3	-0.580152
13.305	-0.580152
13.31	-0.797709
13.315	-0.797709
13.32	-0.797709
13.325	-0.580152
13.33	-0.580152
13.335	-0.580152
13.34	-0.580152
13.345	-0.3988545
13.35	-0.3988545
13.355	-0.1812975
13.36	-0.1812975
13.365	-0.3988545
13.37	-0.3988545
13.375	-0.3988545
13.38	-0.580152
13.385	-0.3988545
13.39	-0.3988545
13.395	-0.1812975
13.4	-0.1812975
13.405	-0.1812975
13.41	-0.1812975
13.415	-0.1812975
13.42	-0.3988545
13.425	-0.3988545
13.43	-0.580152
13.435	-0.580152
13.44	-0.580152
13.445	-0.580152
13.45	-0.580152
13.455	-0.580152
13.46	-0.580152
13.465	-0.580152
13.47	-0.580152
13.475	-0.580152
13.48	-0.580152
13.485	-0.3988545
13.49	-0.3988545
13.495	-0.3988545
13.5	-0.3988545
13.505	-0.580152
13.51	-0.3988545
13.515	-0.3988545
13.52	-0.580152
13.525	-0.580152
13.53	-0.580152
13.535	-0.9790065
13.54	-0.9790065
13.545	-0.9790065
13.55	-0.9790065
13.555	-0.797709
13.56	-0.797709
13.565	-0.797709
13.57	-0.797709
13.575	-0.797709
13.58	-0.797709
13.585	-0.580152
13.59	-0.580152
13.595	-0.580152
13.6	-0.580152
13.605	-0.797709
13.61	-0.797709
13.615	-0.797709
13.62	-0.797709
13.625	-0.9790065
13.63	-0.797709
13.635	-0.797709
13.64	-0.797709
13.645	-0.797709
13.65	-0.580152
13.655	-0.580152
13.66	-0.580152
13.665	-0.580152
13.67	-0.580152
13.675	-0.580152
13.68	-0.797709
13.685	-0.797709
13.69	-0.797709
13.695	-0.797709
13.7	-0.797709
13.705	-0.797709
13.71	-0.797709
13.715	-0.797709
13.72	-0.797709
13.725	-0.797709
13.73	-0.9790065
13.735	-0.797709
13.74	-0.9790065
13.745	-0.9790065
13.75	-0.9790065
13.755	-0.797709
13.76	-0.797709
13.765	-0.580152
13.77	-0.580152
13.775	-0.580152
13.78	-0.580152
13.785	-0.580152
13.79	-0.580152
13.795	-0.797709
13.8	-0.797709
13.805	-0.9790065
13.81	-0.9790065
13.815	-0.9790065
13.82	-0.9790065
13.825	-0.797709
13.83	-0.797709
13.835	-0.580152
13.84	-0.580152
13.845	-0.3988545
13.85	-0.3988545
13.855	-0.3988545
13.86	-0.3988545
13.865	-0.3988545
13.87	-0.3988545
13.875	-0.3988545
13.88	-0.3988545
13.885	-0.580152
13.89	-0.580152
13.895	-0.580152
13.9	-0.797709
13.905	-0.797709
13.91	-0.580152
13.915	-0.580152
13.92	-0.580152
13.925	-0.3988545
13.93	-0.3988545
13.935	-0.580152
13.94	-0.580152
13.945	-0.580152
13.95	-0.797709
13.955	-0.797709
13.96	-0.9790065
13.965	-0.797709
13.97	-0.797709
13.975	-0.797709
13.98	-0.797709
13.985	-0.580152
13.99	-0.580152
13.995	-0.580152
14	-0.580152
14.005	-0.580152
14.01	-0.580152
14.015	-0.797709
14.02	-0.797709
14.025	-0.797709
14.03	-0.797709
14.035	-0.797709
14.04	-0.797709
14.045	-0.580152
14.05	-0.797709
14.055	-0.580152
14.06	-0.580152
14.065	-0.3988545
14.07	-0.3988545
14.075	-0.3988545
14.08	-0.3988545
14.085	-0.3988545
14.09	-0.3988545
14.095	-0.3988545
14.1	-0.3988545
14.105	-0.580152
14.11	-0.3988545
14.115	-0.3988545
14.12	-0.580152
14.125	-0.580152
14.13	-0.3988545
14.135	-0.580152
14.14	-0.580152
14.145	-0.580152
14.15	-0.580152
14.155	-0.580152
14.16	-0.580152
14.165	-0.580152
14.17	-0.580152
14.175	-0.580152
14.18	-0.580152
14.185	-0.580152
14.19	-0.580152
14.195	-0.580152
14.2	-0.3988545
14.205	-0.3988545
14.21	-0.1812975
14.215	-0.1812975
14.22	-0.1812975
14.225	-0.3988545
14.23	-0.3988545
14.235	-0.580152
14.24	-0.580152
14.245	-0.797709
14.25	-0.797709
14.255	-0.797709
14.26	-0.580152
14.265	-0.580152
14.27	-0.3988545
14.275	-0.3988545
14.28	-0.3988545
14.285	-0.1812975
14.29	-0.1812975
14.295	0
14.3	0
14.305	0
14.31	-0.1812975
14.315	-0.1812975
14.32	-0.3988545
14.325	-0.580152
14.33	-0.580152
14.335	-0.580152
14.34	-0.797709
14.345	-0.580152
14.35	-0.580152
14.355	-0.3988545
14.36	-0.3988545
14.365	-0.3988545
14.37	-0.3988545
14.375	-0.3988545
14.38	-0.1812975
14.385	-0.1812975
14.39	-0.1812975
14.395	-0.1812975
14.4	-0.1812975
14.405	-0.3988545
14.41	-0.3988545
14.415	-0.580152
14.42	-0.3988545
14.425	-0.3988545
14.43	-0.3988545
14.435	-0.3988545
14.44	-0.3988545
14.445	-0.580152
14.45	-0.580152
14.455	-0.580152
14.46	-0.580152
14.465	-0.3988545
14.47	-0.1812975
14.475	-0.1812975
14.48	-0.1812975
14.485	-0.1812975
14.49	-0.1812975
14.495	-0.3988545
14.5	-0.3988545
14.505	-0.3988545
14.51	-0.3988545
14.515	-0.580152
14.52	-0.580152
14.525	-0.580152
14.53	-0.580152
14.535	-0.580152
14.54	-0.580152
14.545	-0.3988545
14.55	-0.3988545
14.555	-0.3988545
14.56	-0.1812975
14.565	-0.3988545
14.57	-0.1812975
14.575	-0.1812975
14.58	-0.1812975
14.585	0
14.59	0
14.595	-0.1812975
14.6	-0.3988545
14.605	-0.580152
14.61	-0.797709
14.615	-0.797709
14.62	-0.797709
14.625	-0.580152
14.63	-0.797709
14.635	-0.580152
14.64	-0.580152
14.645	-0.3988545
14.65	-0.3988545
14.655	-0.1812975
14.66	-0.1812975
14.665	-0.1812975
14.67	-0.1812975
14.675	-0.1812975
14.68	-0.1812975
14.685	-0.3988545
14.69	-0.3988545
14.695	-0.580152
14.7	-0.580152
14.705	-0.580152
14.71	-0.580152
14.715	-0.580152
14.72	-0.3988545
14.725	-0.1812975
14.73	-0.1812975
14.735	-0.1812975
14.74	0
14.745	0
14.75	-0.1812975
14.755	-0.1812975
14.76	-0.1812975
14.765	-0.3988545
14.77	-0.3988545
14.775	-0.580152
14.78	-0.580152
14.785	-0.797709
14.79	-0.797709
14.795	-0.3988545
14.8	-0.1812975
14.805	-0.1812975
14.81	0
14.815	0
14.82	0
14.825	-0.1812975
14.83	-0.1812975
14.835	-0.3988545
14.84	-0.3988545
14.845	-0.3988545
14.85	-0.3988545
14.855	-0.3988545
14.86	-0.3988545
14.865	-0.580152
14.87	-0.580152
14.875	-0.580152
14.88	-0.580152
14.885	-0.580152
14.89	-0.3988545
14.895	-0.1812975
14.9	-0.1812975
14.905	-0.1812975
14.91	-0.1812975
14.915	-0.1812975
14.92	-0.1812975
14.925	-0.1812975
14.93	-0.3988545
14.935	-0.3988545
14.94	-0.580152
14.945	-0.797709
14.95	-0.797709
14.955	-0.9790065
14.96	-0.797709
14.965	-0.797709
14.97	-0.580152
14.975	-0.580152
14.98	-0.3988545
14.985	-0.1812975
14.99	0
14.995	0
15	0
15.005	0.217557
15.01	0
15.015	-0.1812975
15.02	-0.1812975
15.025	-0.3988545
15.03	-0.3988545
15.035	-0.3988545
15.04	-0.580152
15.045	-0.3988545
15.05	-0.3988545
15.055	-0.1812975
15.06	0
15.065	0.217557
15.07	0.217557
15.075	0.435114
15.08	0.217557
15.085	0.217557
15.09	0
15.095	0
15.1	-0.1812975
15.105	-0.1812975
15.11	-0.3988545
15.115	-0.3988545
15.12	-0.3988545
15.125	-0.580152
15.13	-0.3988545
15.135	-0.3988545
15.14	-0.1812975
15.145	-0.1812975
15.15	0
15.155	0.217557
15.16	0.217557
15.165	0.217557
15.17	0.217557
15.175	0
15.18	-0.1812975
15.185	-0.1812975
15.19	-0.580152
15.195	-0.580152
15.2	-0.580152
15.205	-0.580152
15.21	-0.3988545
15.215	-0.3988545
15.22	-0.1812975
15.225	-0.1812975
15.23	-0.1812975
15.235	-0.1812975
15.24	0
15.245	0
15.25	0
15.255	0
15.26	-0.1812975
15.265	-0.3988545
15.27	-0.580152
15.275	-0.580152
15.28	-0.580152
15.285	-0.797709
15.29	-0.580152
15.295	-0.580152
15.3	-0.580152
15.305	-0.3988545
15.31	-0.1812975
15.315	-0.1812975
15.32	0
15.325	0
15.33	-0.1812975
15.335	-0.1812975
15.34	-0.1812975
15.345	-0.3988545
15.35	-0.3988545
15.355	-0.580152
15.36	-0.580152
15.365	-0.797709
15.37	-0.797709
15.375	-0.797709
15.38	-0.580152
15.385	-0.580152
15.39	-0.580152
15.395	-0.580152
15.4	-0.580152
15.405	-0.580152
15.41	-0.580152
15.415	-0.3988545
15.42	-0.580152
15.425	-0.3988545
15.43	-0.580152
15.435	-0.580152
15.44	-0.580152
15.445	-0.580152
15.45	-0.580152
15.455	-0.580152
15.46	-0.3988545
15.465	-0.3988545
15.47	-0.1812975
15.475	-0.3988545
15.48	-0.3988545
15.485	-0.3988545
15.49	-0.3988545
15.495	-0.580152
15.5	-0.580152
15.505	-0.580152
15.51	-0.3988545
15.515	-0.3988545
15.52	-0.3988545
15.525	-0.3988545
15.53	-0.1812975
15.535	-0.1812975
15.54	-0.1812975
15.545	-0.1812975
15.55	-0.1812975
15.555	-0.3988545
15.56	-0.3988545
15.565	-0.3988545
15.57	-0.580152
15.575	-0.580152
15.58	-0.580152
15.585	-0.580152
15.59	-0.580152
15.595	-0.580152
15.6	-0.3988545
15.605	-0.3988545
15.61	-0.1812975
15.615	-0.1812975
15.62	-0.1812975
15.625	-0.1812975
15.63	-0.1812975
15.635	-0.1812975
15.64	-0.3988545
15.645	-0.580152
15.65	-0.580152
15.655	-0.580152
15.66	-0.580152
15.665	-0.580152
15.67	-0.580152
15.675	-0.3988545
15.68	-0.3988545
15.685	-0.3988545
15.69	-0.3988545
15.695	-0.1812975
15.7	-0.1812975
15.705	0
15.71	0
15.715	0
15.72	0
15.725	0
15.73	0
15.735	0
15.74	0
15.745	-0.1812975
15.75	-0.1812975
15.755	-0.1812975
15.76	-0.1812975
15.765	-0.3988545
15.77	-0.3988545
15.775	-0.3988545
15.78	-0.1812975
15.785	-0.1812975
15.79	0
15.795	0
15.8	0
15.805	-0.1812975
15.81	-0.3988545
15.815	-0.3988545
15.82	-0.3988545
15.825	-0.3988545
15.83	-0.3988545
15.835	-0.3988545
15.84	-0.3988545
15.845	-0.3988545
15.85	-0.3988545
15.855	-0.1812975
15.86	-0.1812975
15.865	-0.1812975
15.87	-0.1812975
15.875	-0.1812975
15.88	-0.3988545
15.885	-0.3988545
15.89	-0.3988545
15.895	-0.3988545
15.9	-0.3988545
15.905	-0.3988545
15.91	-0.1812975
15.915	-0.3988545
15.92	-0.3988545
15.925	-0.3988545
15.93	-0.1812975
15.935	-0.3988545
15.94	-0.3988545
15.945	-0.1812975
15.95	-0.1812975
15.955	-0.1812975
15.96	-0.1812975
15.965	-0.1812975
15.97	-0.3988545
15.975	-0.3988545
15.98	-0.3988545
15.985	-0.1812975
15.99	-0.1812975
15.995	0
16	0
16.005	0
16.01	0
16.015	0
16.02	0
16.025	0
16.03	0
16.035	0
16.04	-0.1812975
16.045	-0.1812975
16.05	-0.1812975
16.055	-0.1812975
16.06	-0.1812975
16.065	0
16.07	0
16.075	0
16.08	0
16.085	-0.1812975
16.09	-0.1812975
16.095	-0.1812975
16.1	-0.1812975
16.105	-0.1812975
16.11	-0.1812975
16.115	-0.1812975
16.12	-0.1812975
16.125	-0.1812975
16.13	-0.1812975
16.135	-0.3988545
16.14	-0.1812975
16.145	-0.1812975
16.15	0
16.155	0
16.16	0
16.165	0
16.17	0
16.175	-0.1812975
16.18	0
16.185	0
16.19	0
16.195	0
16.2	0.217557
16.205	0
16.21	0
16.215	0
16.22	0
16.225	-0.1812975
16.23	-0.1812975
16.235	-0.3988545
16.24	-0.3988545
16.245	-0.3988545
16.25	-0.3988545
16.255	-0.3988545
16.26	-0.1812975
16.265	-0.1812975
16.27	-0.1812975
16.275	-0.1812975
16.28	0
16.285	0
16.29	0
16.295	0
16.3	0
16.305	0
16.31	-0.1812975
16.315	-0.1812975
16.32	-0.1812975
16.325	-0.1812975
16.33	-0.1812975
16.335	-0.1812975
16.34	-0.1812975
16.345	-0.1812975
16.35	-0.1812975
16.355	-0.3988545
16.36	-0.3988545
16.365	-0.3988545
16.37	-0.3988545
16.375	-0.1812975
16.38	-0.1812975
16.385	-0.3988545
16.39	-0.3988545
16.395	-0.3988545
16.4	-0.3988545
16.405	-0.3988545
16.41	-0.3988545
16.415	-0.3988545
16.42	-0.3988545
16.425	-0.580152
16.43	-0.580152
16.435	-0.580152
16.44	-0.3988545
16.445	-0.3988545
16.45	-0.3988545
16.455	-0.3988545
16.46	-0.3988545
16.465	-0.3988545
16.47	-0.3988545
16.475	-0.1812975
16.48	-0.1812975
16.485	0
16.49	0
16.495	-0.1812975
16.5	-0.1812975
16.505	-0.1812975
16.51	-0.3988545
16.515	-0.3988545
16.52	-0.3988545
16.525	-0.580152
16.53	-0.580152
16.535	-0.580152
16.54	-0.580152
16.545	-0.580152
16.55	-0.3988545
16.555	-0.3988545
16.56	-0.3988545
16.565	-0.3988545
16.57	-0.1812975
16.575	-0.1812975
16.58	-0.1812975
16.585	-0.3988545
16.59	-0.3988545
16.595	-0.580152
16.6	-0.3988545
16.605	-0.3988545
16.61	-0.3988545
16.615	-0.3988545
16.62	-0.3988545
16.625	-0.3988545
16.63	-0.1812975
16.635	-0.1812975
16.64	-0.1812975
16.645	-0.1812975
16.65	-0.3988545
16.655	-0.3988545
16.66	-0.3988545
16.665	-0.3988545
16.67	-0.3988545
16.675	-0.1812975
16.68	-0.1812975
16.685	-0.1812975
16.69	-0.1812975
16.695	-0.1812975
16.7	-0.1812975
16.705	-0.1812975
16.71	-0.1812975
16.715	-0.1812975
16.72	-0.1812975
16.725	-0.1812975
16.73	0
16.735	0
16.74	0
16.745	0
16.75	0
16.755	0
16.76	-0.1812975
16.765	-0.1812975
16.77	-0.3988545
16.775	-0.3988545
16.78	-0.3988545
16.785	-0.3988545
16.79	-0.1812975
16.795	-0.1812975
16.8	0
16.805	0
16.81	0
16.815	0
16.82	0
16.825	0
16.83	-0.1812975
16.835	-0.1812975
16.84	-0.3988545
16.845	-0.3988545
16.85	-0.3988545
16.855	-0.1812975
16.86	-0.1812975
16.865	0
16.87	0
16.875	0
16.88	0
16.885	0
16.89	0
16.895	0
16.9	0
16.905	-0.1812975
16.91	0
16.915	0
16.92	0
16.925	-0.1812975
16.93	-0.1812975
16.935	-0.1812975
16.94	-0.1812975
16.945	-0.1812975
16.95	-0.1812975
16.955	0
16.96	0
16.965	0
16.97	-0.1812975
16.975	0
16.98	0
16.985	0
16.99	0
16.995	0
17	0
17.005	0
17.01	-0.1812975
17.015	-0.1812975
17.02	-0.1812975
17.025	-0.1812975
17.03	-0.1812975
17.035	-0.1812975
