Label: 
0
Label: Event: FAR-PROBE_SS_05_2014-07-02_A1
-2.96	0
-2.955	0
-2.95	-0.217557
-2.945	-0.217557
-2.94	-0.217557
-2.935	-0.217557
-2.93	-0.217557
-2.925	-0.217557
-2.92	-0.217557
-2.915	-0.217557
-2.91	-0.3988545
-2.905	-0.217557
-2.9	0
-2.895	0
-2.89	0
-2.885	0
-2.88	0
-2.875	-0.217557
-2.87	-0.217557
-2.865	-0.217557
-2.86	-0.217557
-2.855	0
-2.85	-0.217557
-2.845	-0.217557
-2.84	-0.217557
-2.835	-0.217557
-2.83	-0.217557
-2.825	-0.217557
-2.82	-0.217557
-2.815	-0.217557
-2.81	-0.217557
-2.805	-0.217557
-2.8	-0.217557
-2.795	0
-2.79	0
-2.785	0
-2.78	0
-2.775	0
-2.77	0
-2.765	0
-2.76	0
-2.755	0.217557
-2.75	0
-2.745	0
-2.74	0
-2.735	0
-2.73	0
-2.725	0
-2.72	0
-2.715	0
-2.71	0
-2.705	0
-2.7	0
-2.695	0
-2.69	0
-2.685	0
-2.68	0.217557
-2.675	0
-2.67	0
-2.665	0
-2.66	0
-2.655	-0.217557
-2.65	-0.217557
-2.645	-0.217557
-2.64	-0.217557
-2.635	-0.217557
-2.63	0
-2.625	0
-2.62	0
-2.615	0.217557
-2.61	0.217557
-2.605	0
-2.6	0
-2.595	0
-2.59	0
-2.585	0
-2.58	0
-2.575	0
-2.57	0
-2.565	0
-2.56	-0.217557
-2.555	-0.217557
-2.55	-0.217557
-2.545	-0.217557
-2.54	-0.217557
-2.535	-0.217557
-2.53	0
-2.525	0
-2.52	0
-2.515	0
-2.51	0
-2.505	0
-2.5	-0.217557
-2.495	0
-2.49	0
-2.485	0.217557
-2.48	0.217557
-2.475	0.217557
-2.47	0
-2.465	0
-2.46	0
-2.455	0
-2.45	0
-2.445	0
-2.44	0
-2.435	0
-2.43	0
-2.425	0
-2.42	-0.217557
-2.415	-0.217557
-2.41	-0.3988545
-2.405	-0.3988545
-2.4	-0.3988545
-2.395	-0.3988545
-2.39	-0.217557
-2.385	0
-2.38	0
-2.375	0
-2.37	0.217557
-2.365	0.217557
-2.36	0
-2.355	0
-2.35	-0.217557
-2.345	-0.217557
-2.34	-0.217557
-2.335	-0.217557
-2.33	-0.217557
-2.325	-0.217557
-2.32	-0.217557
-2.315	-0.217557
-2.31	-0.217557
-2.305	-0.217557
-2.3	-0.217557
-2.295	-0.217557
-2.29	-0.217557
-2.285	-0.217557
-2.28	-0.217557
-2.275	-0.217557
-2.27	-0.217557
-2.265	0
-2.26	-0.217557
-2.255	-0.217557
-2.25	-0.217557
-2.245	-0.217557
-2.24	-0.217557
-2.235	0
-2.23	0
-2.225	0
-2.22	0
-2.215	0
-2.21	-0.217557
-2.205	-0.217557
-2.2	-0.217557
-2.195	-0.3988545
-2.19	-0.3988545
-2.185	-0.217557
-2.18	-0.217557
-2.175	-0.3988545
-2.17	-0.3988545
-2.165	-0.217557
-2.16	-0.3988545
-2.155	-0.3988545
-2.15	-0.217557
-2.145	-0.217557
-2.14	-0.217557
-2.135	-0.217557
-2.13	-0.217557
-2.125	-0.217557
-2.12	-0.217557
-2.115	-0.217557
-2.11	-0.217557
-2.105	0
-2.1	0
-2.095	-0.217557
-2.09	0
-2.085	-0.217557
-2.08	-0.217557
-2.075	-0.217557
-2.07	-0.217557
-2.065	-0.217557
-2.06	-0.217557
-2.055	-0.217557
-2.05	-0.217557
-2.045	-0.217557
-2.04	-0.217557
-2.035	-0.217557
-2.03	0
-2.025	0
-2.02	0
-2.015	0
-2.01	0
-2.005	0
-2	0
-1.995	-0.217557
-1.99	0
-1.985	0
-1.98	0
-1.975	0
-1.97	0
-1.965	-0.217557
-1.96	-0.217557
-1.955	-0.217557
-1.95	-0.217557
-1.945	-0.217557
-1.94	-0.217557
-1.935	-0.217557
-1.93	-0.217557
-1.925	-0.217557
-1.92	-0.217557
-1.915	-0.217557
-1.91	-0.217557
-1.905	0
-1.9	0
-1.895	0
-1.89	-0.217557
-1.885	0
-1.88	0
-1.875	0
-1.87	0
-1.865	0
-1.86	-0.217557
-1.855	-0.217557
-1.85	-0.217557
-1.845	0
-1.84	0
-1.835	0
-1.83	0
-1.825	0
-1.82	0
-1.815	0
-1.81	0
-1.805	0
-1.8	0
-1.795	0
-1.79	0
-1.785	0
-1.78	0
-1.775	0
-1.77	0
-1.765	-0.217557
-1.76	0
-1.755	0
-1.75	0
-1.745	0
-1.74	0
-1.735	0
-1.73	-0.217557
-1.725	-0.217557
-1.72	-0.217557
-1.715	-0.217557
-1.71	0
-1.705	0
-1.7	-0.217557
-1.695	-0.217557
-1.69	-0.217557
-1.685	-0.217557
-1.68	-0.217557
-1.675	-0.217557
-1.67	-0.217557
-1.665	-0.217557
-1.66	-0.217557
-1.655	-0.217557
-1.65	-0.217557
-1.645	0
-1.64	0
-1.635	0
-1.63	0
-1.625	-0.217557
-1.62	-0.217557
-1.615	-0.217557
-1.61	-0.217557
-1.605	-0.217557
-1.6	-0.217557
-1.595	-0.217557
-1.59	-0.217557
-1.585	-0.3988545
-1.58	-0.3988545
-1.575	-0.217557
-1.57	-0.3988545
-1.565	-0.3988545
-1.56	-0.3988545
-1.555	-0.3988545
-1.55	-0.217557
-1.545	-0.217557
-1.54	-0.217557
-1.535	-0.217557
-1.53	0
-1.525	0
-1.52	-0.217557
-1.515	0
-1.51	0
-1.505	0
-1.5	0
-1.495	0
-1.49	0
-1.485	0
-1.48	-0.217557
-1.475	-0.217557
-1.47	-0.217557
-1.465	-0.217557
-1.46	-0.217557
-1.455	-0.217557
-1.45	-0.217557
-1.445	-0.217557
-1.44	0
-1.435	0
-1.43	0
-1.425	0.217557
-1.42	0.217557
-1.415	0
-1.41	0
-1.405	0
-1.4	0
-1.395	0
-1.39	-0.217557
-1.385	-0.217557
-1.38	-0.217557
-1.375	-0.217557
-1.37	-0.217557
-1.365	0
-1.36	0
-1.355	0
-1.35	0
-1.345	0
-1.34	0
-1.335	0
-1.33	0
-1.325	0
-1.32	0
-1.315	-0.217557
-1.31	-0.217557
-1.305	-0.217557
-1.3	-0.217557
-1.295	-0.217557
-1.29	0
-1.285	0
-1.28	0
-1.275	-0.217557
-1.27	-0.217557
-1.265	-0.217557
-1.26	-0.217557
-1.255	0
-1.25	0
-1.245	0
-1.24	0
-1.235	0
-1.23	-0.217557
-1.225	0
-1.22	0
-1.215	0
-1.21	-0.217557
-1.205	0
-1.2	0
-1.195	0
-1.19	0
-1.185	0
-1.18	0
-1.175	0.217557
-1.17	0
-1.165	0
-1.16	0
-1.155	0
-1.15	0
-1.145	0
-1.14	0
-1.135	0
-1.13	0
-1.125	0.217557
-1.12	0.217557
-1.115	0
-1.11	0
-1.105	0
-1.1	0
-1.095	-0.217557
-1.09	0
-1.085	0
-1.08	0
-1.075	0
-1.07	0
-1.065	0
-1.06	-0.217557
-1.055	0
-1.05	-0.217557
-1.045	-0.217557
-1.04	-0.217557
-1.035	-0.217557
-1.03	-0.217557
-1.025	-0.217557
-1.02	-0.217557
-1.015	-0.217557
-1.01	-0.217557
-1.005	-0.217557
-1	-0.217557
-0.995	-0.217557
-0.99	-0.217557
-0.985	-0.217557
-0.98	-0.217557
-0.975	-0.217557
-0.97	-0.217557
-0.965	-0.217557
-0.96	-0.3988545
-0.955	-0.217557
-0.95	-0.217557
-0.945	-0.217557
-0.94	0
-0.935	0
-0.93	0.217557
-0.925	0.217557
-0.92	0.217557
-0.915	0.217557
-0.91	0
-0.905	0
-0.9	0
-0.895	-0.217557
-0.89	-0.217557
-0.885	0
-0.88	0
-0.875	-0.217557
-0.87	0
-0.865	0
-0.86	0
-0.855	0
-0.85	0
-0.845	0
-0.84	0
-0.835	0
-0.83	0
-0.825	0
-0.82	0.217557
-0.815	0
-0.81	0
-0.805	0
-0.8	0
-0.795	0
-0.79	0
-0.785	0
-0.78	0
-0.775	0
-0.77	-0.217557
-0.765	0
-0.76	0
-0.755	0
-0.75	0.217557
-0.745	0.217557
-0.74	0.217557
-0.735	0
-0.73	0
-0.725	0
-0.72	0
-0.715	0
-0.71	0
-0.705	0
-0.7	-0.217557
-0.695	-0.217557
-0.69	-0.217557
-0.685	-0.217557
-0.68	-0.217557
-0.675	-0.217557
-0.67	-0.217557
-0.665	0
-0.66	0
-0.655	0
-0.65	0
-0.645	0
-0.64	0
-0.635	-0.217557
-0.63	-0.217557
-0.625	-0.217557
-0.62	-0.217557
-0.615	-0.217557
-0.61	0
-0.605	0
-0.6	0
-0.595	0
-0.59	-0.217557
-0.585	-0.217557
-0.58	0
-0.575	0
-0.57	0
-0.565	-0.217557
-0.56	-0.217557
-0.555	-0.217557
-0.55	-0.217557
-0.545	-0.217557
-0.54	0
-0.535	0
-0.53	0
-0.525	0
-0.52	0
-0.515	0
-0.51	0
-0.505	0
-0.5	0
-0.495	0
-0.49	0
-0.485	0
-0.48	0
-0.475	0
-0.47	0
-0.465	0
-0.46	0
-0.455	-0.217557
-0.45	-0.217557
-0.445	-0.217557
-0.44	-0.217557
-0.435	-0.217557
-0.43	-0.217557
-0.425	0
-0.42	0
-0.415	0
-0.41	0
-0.405	0.217557
-0.4	0.217557
-0.395	0
-0.39	0
-0.385	0
-0.38	0
-0.375	-0.217557
-0.37	0
-0.365	0
-0.36	0
-0.355	-0.217557
-0.35	-0.217557
-0.345	-0.217557
-0.34	-0.217557
-0.335	-0.217557
-0.33	-0.217557
-0.325	-0.217557
-0.32	-0.217557
-0.315	-0.217557
-0.31	-0.217557
-0.305	-0.217557
-0.3	0
-0.295	-0.217557
-0.29	-0.217557
-0.285	0
-0.28	-0.217557
-0.275	-0.217557
-0.27	-0.217557
-0.265	-0.217557
-0.26	-0.217557
-0.255	-0.217557
-0.25	0
-0.245	-0.217557
-0.24	-0.217557
-0.235	-0.217557
-0.23	-0.217557
-0.225	-0.217557
-0.22	0
-0.215	0
-0.21	-0.217557
-0.205	-0.217557
-0.2	-0.217557
-0.195	-0.217557
-0.19	-0.217557
-0.185	-0.217557
-0.18	0
-0.175	-0.217557
-0.17	0
-0.165	0
-0.16	0
-0.155	-0.217557
-0.15	0
-0.145	0
-0.14	-0.217557
-0.135	-0.217557
-0.13	-0.217557
-0.125	-0.217557
-0.12	-0.217557
-0.115	0
-0.11	0.217557
-0.105	0.8339685
-0.1	1.667937
-0.095	2.5019055
-0.09	3.5171715
-0.085	4.568697
-0.08	5.1851085
-0.075	5.80152
-0.07	6.4179315
-0.065	6.6354885
-0.06	7.034343
-0.055	7.034343
-0.05	6.8530455
-0.045	6.6354885
-0.04	6.4179315
-0.035	6.019077
-0.03	5.583963
-0.025	5.4026655
-0.02	5.1851085
-0.015	4.9675515
-0.01	4.786254
-0.005	4.786254
0	4.568697
0.005	4.35114
0.01	4.35114
0.015	4.133583
0.02	4.133583
0.025	4.133583
0.03	3.9522855
0.035	3.7347285
0.04	3.7347285
0.045	3.5171715
0.05	3.2996145
0.055	3.2996145
0.06	3.118317
0.065	2.90076
0.07	2.90076
0.075	2.90076
0.08	2.683203
0.085	2.683203
0.09	2.683203
0.095	2.683203
0.1	2.683203
0.105	2.683203
0.11	2.90076
0.115	2.683203
0.12	2.683203
0.125	2.683203
0.13	2.683203
0.135	2.683203
0.14	2.683203
0.145	2.683203
0.15	2.90076
0.155	2.90076
0.16	2.683203
0.165	2.683203
0.17	2.683203
0.175	2.683203
0.18	2.5019055
0.185	2.5019055
0.19	2.5019055
0.195	2.2843485
0.2	2.0667915
0.205	2.0667915
0.21	2.0667915
0.215	1.8492345
0.22	1.8492345
0.225	1.667937
0.23	1.667937
0.235	1.667937
0.24	1.667937
0.245	1.667937
0.25	1.8492345
0.255	2.0667915
0.26	2.2843485
0.265	2.5019055
0.27	2.5019055
0.275	2.5019055
0.28	2.5019055
0.285	2.2843485
0.29	2.0667915
0.295	1.8492345
0.3	1.8492345
0.305	1.667937
0.31	1.667937
0.315	1.667937
0.32	1.8492345
0.325	2.0667915
0.33	2.0667915
0.335	2.5019055
0.34	2.5019055
0.345	2.683203
0.35	2.683203
0.355	2.683203
0.36	2.5019055
0.365	2.2843485
0.37	2.2843485
0.375	2.2843485
0.38	2.2843485
0.385	2.2843485
0.39	2.5019055
0.395	2.5019055
0.4	2.683203
0.405	2.683203
0.41	2.683203
0.415	2.683203
0.42	2.5019055
0.425	2.5019055
0.43	2.2843485
0.435	2.2843485
0.44	2.0667915
0.445	2.0667915
0.45	2.0667915
0.455	2.0667915
0.46	2.0667915
0.465	2.2843485
0.47	2.5019055
0.475	2.683203
0.48	2.90076
0.485	3.118317
0.49	2.90076
0.495	2.683203
0.5	2.5019055
0.505	2.2843485
0.51	1.8492345
0.515	1.8492345
0.52	1.667937
0.525	1.45038
0.53	1.667937
0.535	1.667937
0.54	1.667937
0.545	1.8492345
0.55	2.0667915
0.555	2.2843485
0.56	2.5019055
0.565	2.2843485
0.57	2.5019055
0.575	2.2843485
0.58	2.0667915
0.585	2.0667915
0.59	2.0667915
0.595	1.8492345
0.6	1.667937
0.605	1.667937
0.61	1.45038
0.615	1.667937
0.62	1.8492345
0.625	2.0667915
0.63	2.2843485
0.635	2.2843485
0.64	2.0667915
0.645	2.0667915
0.65	1.8492345
0.655	1.8492345
0.66	1.667937
0.665	1.667937
0.67	1.667937
0.675	1.667937
0.68	1.45038
0.685	1.667937
0.69	1.667937
0.695	1.667937
0.7	1.8492345
0.705	2.0667915
0.71	2.2843485
0.715	2.2843485
0.72	2.2843485
0.725	2.0667915
0.73	2.0667915
0.735	1.8492345
0.74	1.8492345
0.745	1.667937
0.75	1.45038
0.755	1.45038
0.76	1.45038
0.765	1.45038
0.77	1.667937
0.775	1.667937
0.78	1.8492345
0.785	1.8492345
0.79	1.8492345
0.795	2.0667915
0.8	2.0667915
0.805	2.0667915
0.81	2.0667915
0.815	1.8492345
0.82	1.667937
0.825	1.45038
0.83	1.45038
0.835	1.45038
0.84	1.45038
0.845	1.45038
0.85	1.45038
0.855	1.45038
0.86	1.45038
0.865	1.45038
0.87	1.45038
0.875	1.45038
0.88	1.45038
0.885	1.667937
0.89	1.667937
0.895	1.667937
0.9	1.45038
0.905	1.232823
0.91	1.232823
0.915	1.232823
0.92	1.232823
0.925	1.232823
0.93	1.232823
0.935	1.232823
0.94	1.232823
0.945	1.232823
0.95	1.45038
0.955	1.45038
0.96	1.45038
0.965	1.45038
0.97	1.45038
0.975	1.45038
0.98	1.232823
0.985	1.232823
0.99	1.232823
0.995	1.232823
1	1.0515255
1.005	1.0515255
1.01	1.0515255
1.015	1.0515255
1.02	1.0515255
1.025	1.0515255
1.03	1.0515255
1.035	1.0515255
1.04	0.8339685
1.045	0.8339685
1.05	1.0515255
1.055	1.0515255
1.06	1.0515255
1.065	1.0515255
1.07	1.0515255
1.075	1.0515255
1.08	1.0515255
1.085	1.0515255
1.09	1.0515255
1.095	1.0515255
1.1	1.0515255
1.105	1.0515255
1.11	0.8339685
1.115	0.8339685
1.12	0.8339685
1.125	0.8339685
1.13	0.8339685
1.135	1.0515255
1.14	1.0515255
1.145	1.0515255
1.15	1.0515255
1.155	0.8339685
1.16	0.8339685
1.165	0.8339685
1.17	0.8339685
1.175	0.8339685
1.18	0.8339685
1.185	0.8339685
1.19	0.8339685
1.195	0.8339685
1.2	0.8339685
1.205	0.6164115
1.21	0.6164115
1.215	0.6164115
1.22	0.6164115
1.225	0.8339685
1.23	0.8339685
1.235	0.8339685
1.24	0.8339685
1.245	0.8339685
1.25	0.6164115
1.255	0.3988545
1.26	0.6164115
1.265	0.6164115
1.27	0.6164115
1.275	0.6164115
1.28	0.6164115
1.285	0.6164115
1.29	0.6164115
1.295	0.3988545
1.3	0.3988545
1.305	0.3988545
1.31	0.3988545
1.315	0.3988545
1.32	0.3988545
1.325	0.3988545
1.33	0.3988545
1.335	0.3988545
1.34	0.217557
1.345	0.217557
1.35	0.217557
1.355	0.217557
1.36	0.217557
1.365	0.217557
1.37	0
1.375	0
1.38	0
1.385	0
1.39	0
1.395	0.217557
1.4	0.3988545
1.405	0.3988545
1.41	0.3988545
1.415	0.3988545
1.42	0.217557
1.425	0.217557
1.43	0.217557
1.435	0.217557
1.44	0.217557
1.445	0.217557
1.45	0.217557
1.455	0.217557
1.46	0.217557
1.465	0.217557
1.47	0.217557
1.475	0.217557
1.48	0.217557
1.485	0.217557
1.49	0.217557
1.495	0.217557
1.5	0.217557
1.505	0.3988545
1.51	0.217557
1.515	0.217557
1.52	0
1.525	0
1.53	0.217557
1.535	0.217557
1.54	0.217557
1.545	0.217557
1.55	0.217557
1.555	0.217557
1.56	0
1.565	0
1.57	0
1.575	0
1.58	0
1.585	0
1.59	0
1.595	-0.217557
1.6	-0.217557
1.605	-0.3988545
1.61	-0.3988545
1.615	-0.217557
1.62	-0.217557
1.625	0
1.63	0
1.635	0
1.64	-0.217557
1.645	-0.217557
1.65	0
1.655	-0.217557
1.66	-0.217557
1.665	0
1.67	0
1.675	0
1.68	-0.217557
1.685	0
1.69	0
1.695	0
1.7	0
1.705	0
1.71	0
1.715	0
1.72	-0.217557
1.725	-0.217557
1.73	-0.217557
1.735	-0.217557
1.74	0
1.745	0
1.75	0
1.755	0
1.76	0
1.765	-0.217557
1.77	-0.217557
1.775	-0.217557
1.78	-0.217557
1.785	-0.217557
1.79	-0.3988545
1.795	-0.3988545
1.8	-0.3988545
1.805	-0.3988545
1.81	-0.217557
1.815	-0.217557
1.82	-0.217557
1.825	-0.217557
1.83	-0.3988545
1.835	-0.3988545
1.84	-0.3988545
1.845	-0.3988545
1.85	-0.3988545
1.855	-0.3988545
1.86	-0.3988545
1.865	-0.3988545
1.87	-0.3988545
1.875	-0.3988545
1.88	-0.3988545
1.885	-0.3988545
1.89	-0.3988545
1.895	-0.3988545
1.9	-0.217557
1.905	0
1.91	0.3988545
1.915	1.0515255
1.92	1.667937
1.925	2.5019055
1.93	2.90076
1.935	3.5171715
1.94	3.9522855
1.945	4.35114
1.95	4.35114
1.955	4.568697
1.96	4.786254
1.965	4.786254
1.97	4.568697
1.975	4.35114
1.98	4.133583
1.985	3.9522855
1.99	3.7347285
1.995	3.7347285
2	3.7347285
2.005	3.5171715
2.01	3.5171715
2.015	3.5171715
2.02	3.5171715
2.025	3.2996145
2.03	3.2996145
2.035	3.2996145
2.04	3.5171715
2.045	3.5171715
2.05	3.7347285
2.055	3.7347285
2.06	3.9522855
2.065	3.9522855
2.07	3.9522855
2.075	3.5171715
2.08	3.2996145
2.085	3.118317
2.09	3.118317
2.095	2.90076
2.1	2.90076
2.105	2.90076
2.11	2.683203
2.115	2.683203
2.12	2.90076
2.125	2.90076
2.13	2.683203
2.135	2.90076
2.14	2.683203
2.145	2.2843485
2.15	2.0667915
2.155	1.8492345
2.16	1.667937
2.165	1.667937
2.17	1.8492345
2.175	2.0667915
2.18	2.0667915
2.185	2.5019055
2.19	2.683203
2.195	2.90076
2.2	2.683203
2.205	2.5019055
2.21	2.2843485
2.215	1.8492345
2.22	1.667937
2.225	1.45038
2.23	1.45038
2.235	1.667937
2.24	1.8492345
2.245	2.0667915
2.25	2.2843485
2.255	2.5019055
2.26	2.683203
2.265	2.683203
2.27	2.90076
2.275	2.90076
2.28	2.683203
2.285	2.683203
2.29	2.5019055
2.295	2.5019055
2.3	2.5019055
2.305	2.5019055
2.31	2.5019055
2.315	2.5019055
2.32	2.5019055
2.325	2.5019055
2.33	2.5019055
2.335	2.5019055
2.34	2.5019055
2.345	2.5019055
2.35	2.5019055
2.355	2.5019055
2.36	2.5019055
2.365	2.5019055
2.37	2.5019055
2.375	2.2843485
2.38	2.2843485
2.385	2.2843485
2.39	2.2843485
2.395	2.2843485
2.4	2.5019055
2.405	2.2843485
2.41	2.2843485
2.415	2.2843485
2.42	2.0667915
2.425	1.8492345
2.43	1.8492345
2.435	1.8492345
2.44	1.8492345
2.445	1.8492345
2.45	1.8492345
2.455	1.667937
2.46	1.667937
2.465	1.667937
2.47	1.667937
2.475	1.8492345
2.48	1.8492345
2.485	1.8492345
2.49	1.8492345
2.495	1.667937
2.5	1.667937
2.505	1.667937
2.51	1.667937
2.515	1.667937
2.52	1.667937
2.525	1.667937
2.53	1.667937
2.535	1.667937
2.54	1.45038
2.545	1.45038
2.55	1.667937
2.555	1.667937
2.56	1.667937
2.565	1.667937
2.57	1.667937
2.575	1.667937
2.58	1.45038
2.585	1.667937
2.59	1.45038
2.595	1.232823
2.6	1.45038
2.605	1.45038
2.61	1.45038
2.615	1.232823
2.62	1.45038
2.625	1.232823
2.63	1.232823
2.635	1.232823
2.64	1.667937
2.645	1.667937
2.65	1.8492345
2.655	2.0667915
2.66	2.0667915
2.665	2.0667915
2.67	1.8492345
2.675	1.667937
2.68	1.667937
2.685	1.45038
2.69	1.232823
2.695	1.0515255
2.7	1.0515255
2.705	0.8339685
2.71	1.0515255
2.715	1.0515255
2.72	1.0515255
2.725	1.232823
2.73	1.232823
2.735	1.232823
2.74	1.232823
2.745	1.232823
2.75	1.232823
2.755	1.0515255
2.76	1.232823
2.765	1.0515255
2.77	1.0515255
2.775	1.0515255
2.78	1.0515255
2.785	1.232823
2.79	1.45038
2.795	1.45038
2.8	1.45038
2.805	1.45038
2.81	1.232823
2.815	1.232823
2.82	1.0515255
2.825	1.232823
2.83	1.0515255
2.835	1.0515255
2.84	1.0515255
2.845	1.0515255
2.85	0.8339685
2.855	0.8339685
2.86	0.8339685
2.865	0.8339685
2.87	1.232823
2.875	1.232823
2.88	1.232823
2.885	1.0515255
2.89	1.0515255
2.895	1.0515255
2.9	0.8339685
2.905	1.0515255
2.91	1.0515255
2.915	0.8339685
2.92	0.8339685
2.925	0.6164115
2.93	0.6164115
2.935	0.6164115
2.94	0.8339685
2.945	0.8339685
2.95	1.0515255
2.955	1.0515255
2.96	1.0515255
2.965	1.0515255
2.97	0.8339685
2.975	0.8339685
2.98	0.8339685
2.985	0.6164115
2.99	0.3988545
2.995	0.3988545
3	0.3988545
3.005	0.3988545
3.01	0.3988545
3.015	0.6164115
3.02	0.6164115
3.025	0.6164115
3.03	0.6164115
3.035	0.8339685
3.04	0.8339685
3.045	0.8339685
3.05	0.8339685
3.055	0.8339685
3.06	0.8339685
3.065	0.6164115
3.07	0.3988545
3.075	0.3988545
3.08	0.3988545
3.085	0.217557
3.09	0.217557
3.095	0.217557
3.1	0.3988545
3.105	0.3988545
3.11	0.3988545
3.115	0.6164115
3.12	0.6164115
3.125	0.6164115
3.13	0.6164115
3.135	0.3988545
3.14	0.3988545
3.145	0.217557
3.15	0.217557
3.155	0.217557
3.16	0
3.165	0.217557
3.17	0.217557
3.175	0.217557
3.18	0.217557
3.185	0.217557
3.19	0.217557
3.195	0.217557
3.2	0.217557
3.205	0.217557
3.21	0.217557
3.215	0.217557
3.22	0.217557
3.225	0.217557
3.23	0.217557
3.235	0
3.24	0
3.245	0
3.25	0
3.255	0
3.26	-0.217557
3.265	0
3.27	0
3.275	0
3.28	0
3.285	0
3.29	0
3.295	0
3.3	0.217557
3.305	0.217557
3.31	0.217557
3.315	0.217557
3.32	0.217557
3.325	0
3.33	0
3.335	0
3.34	0.217557
3.345	0.3988545
3.35	0.6164115
3.355	0.6164115
3.36	0.6164115
3.365	0.6164115
3.37	0.6164115
3.375	0.3988545
3.38	0.3988545
3.385	0.3988545
3.39	0.3988545
3.395	0.217557
3.4	0.217557
3.405	0.217557
3.41	0.217557
3.415	0.3988545
3.42	0.3988545
3.425	0.3988545
3.43	0.6164115
3.435	0.3988545
3.44	0.3988545
3.445	0.3988545
3.45	0.3988545
3.455	0.3988545
3.46	0.217557
3.465	0
3.47	-0.217557
3.475	-0.217557
3.48	-0.217557
3.485	-0.217557
3.49	0
3.495	0
3.5	0.217557
3.505	0.217557
3.51	0.217557
3.515	0
3.52	0
3.525	-0.217557
3.53	-0.217557
3.535	-0.217557
3.54	-0.217557
3.545	-0.3988545
3.55	-0.217557
3.555	-0.3988545
3.56	-0.217557
3.565	-0.3988545
3.57	-0.217557
3.575	-0.217557
3.58	-0.217557
3.585	-0.217557
3.59	-0.217557
3.595	-0.217557
3.6	-0.217557
3.605	-0.217557
3.61	-0.217557
3.615	-0.217557
3.62	-0.217557
3.625	-0.3988545
3.63	-0.3988545
3.635	-0.3988545
3.64	-0.6164115
3.645	-0.6164115
3.65	-0.6164115
3.655	-0.6164115
3.66	-0.6164115
3.665	-0.6164115
3.67	-0.3988545
3.675	-0.217557
3.68	-0.217557
3.685	-0.217557
3.69	-0.217557
3.695	-0.217557
3.7	-0.217557
3.705	-0.3988545
3.71	-0.6164115
3.715	-0.6164115
3.72	-0.6164115
3.725	-0.8339685
3.73	-0.8339685
3.735	-0.8339685
3.74	-0.8339685
3.745	-0.6164115
3.75	-0.3988545
3.755	-0.217557
3.76	-0.217557
3.765	-0.217557
3.77	-0.3988545
3.775	-0.3988545
3.78	-0.3988545
3.785	-0.3988545
3.79	-0.3988545
3.795	-0.6164115
3.8	-0.6164115
3.805	-0.6164115
3.81	-0.6164115
3.815	-0.6164115
3.82	-0.6164115
3.825	-0.6164115
3.83	-0.3988545
3.835	-0.3988545
3.84	-0.3988545
3.845	-0.3988545
3.85	-0.3988545
3.855	-0.3988545
3.86	-0.6164115
3.865	-0.6164115
3.87	-0.6164115
3.875	-0.6164115
3.88	-0.6164115
3.885	-0.6164115
3.89	-0.6164115
3.895	-0.6164115
3.9	-0.6164115
3.905	-0.8339685
3.91	-0.8339685
3.915	-0.8339685
3.92	-0.8339685
3.925	-0.8339685
3.93	-0.8339685
3.935	-0.6164115
3.94	-0.6164115
3.945	-0.6164115
3.95	-0.6164115
3.955	-0.3988545
3.96	-0.6164115
3.965	-0.6164115
3.97	-0.6164115
3.975	-0.6164115
3.98	-0.8339685
3.985	-0.8339685
3.99	-0.8339685
3.995	-0.8339685
4	-0.8339685
4.005	-0.8339685
4.01	-0.8339685
4.015	-0.8339685
4.02	-0.8339685
4.025	-0.8339685
4.03	-0.6164115
4.035	-0.6164115
4.04	-0.3988545
4.045	-0.3988545
4.05	-0.3988545
4.055	-0.3988545
4.06	-0.3988545
4.065	-0.6164115
4.07	-0.6164115
4.075	-0.6164115
4.08	-0.8339685
4.085	-0.8339685
4.09	-0.8339685
4.095	-0.8339685
4.1	-1.0515255
4.105	-1.0515255
4.11	-1.0515255
4.115	-1.0515255
4.12	-0.8339685
4.125	-0.8339685
4.13	-0.8339685
4.135	-0.8339685
4.14	-0.8339685
4.145	-1.0515255
4.15	-0.8339685
4.155	-1.0515255
4.16	-0.8339685
4.165	-1.0515255
4.17	-1.0515255
4.175	-1.0515255
4.18	-1.0515255
4.185	-1.0515255
4.19	-1.0515255
4.195	-1.0515255
4.2	-1.0515255
4.205	-1.0515255
4.21	-1.0515255
4.215	-1.0515255
4.22	-0.8339685
4.225	-1.0515255
4.23	-0.8339685
4.235	-0.8339685
4.24	-0.8339685
4.245	-0.8339685
4.25	-0.6164115
4.255	-0.3988545
4.26	-0.217557
4.265	-0.217557
4.27	-0.217557
4.275	-0.3988545
4.28	-0.3988545
4.285	-0.8339685
4.29	-1.0515255
4.295	-1.0515255
4.3	-1.0515255
4.305	-1.232823
4.31	-1.232823
4.315	-1.0515255
4.32	-1.0515255
4.325	-1.0515255
4.33	-0.6164115
4.335	-0.3988545
4.34	-0.3988545
4.345	-0.217557
4.35	-0.217557
4.355	0
4.36	0
4.365	0.217557
4.37	0.217557
4.375	0.3988545
4.38	0.3988545
4.385	0.3988545
4.39	0.217557
4.395	0
4.4	-0.217557
4.405	-0.3988545
4.41	-0.3988545
4.415	-0.3988545
4.42	-0.3988545
4.425	-0.217557
4.43	-0.217557
4.435	-0.217557
4.44	0
4.445	0
4.45	0
4.455	0.217557
4.46	0
4.465	0
4.47	-0.217557
4.475	-0.217557
4.48	-0.3988545
4.485	-0.3988545
4.49	-0.6164115
4.495	-0.6164115
4.5	-0.6164115
4.505	-0.3988545
4.51	-0.3988545
4.515	-0.3988545
4.52	-0.217557
4.525	-0.217557
4.53	-0.3988545
4.535	-0.3988545
4.54	-0.6164115
4.545	-0.8339685
4.55	-1.0515255
4.555	-1.232823
4.56	-1.232823
4.565	-1.232823
4.57	-1.0515255
4.575	-0.8339685
4.58	-0.6164115
4.585	-0.3988545
4.59	-0.217557
4.595	-0.217557
4.6	-0.217557
4.605	-0.217557
4.61	-0.3988545
4.615	-0.6164115
4.62	-0.8339685
4.625	-0.8339685
4.63	-1.0515255
4.635	-1.0515255
4.64	-1.0515255
4.645	-1.0515255
4.65	-1.0515255
4.655	-0.8339685
4.66	-0.8339685
4.665	-0.8339685
4.67	-0.6164115
4.675	-0.217557
4.68	-0.217557
4.685	0
4.69	0
4.695	0
4.7	-0.217557
4.705	-0.217557
4.71	-0.3988545
4.715	-0.6164115
4.72	-0.8339685
4.725	-0.8339685
4.73	-1.0515255
4.735	-1.232823
4.74	-1.232823
4.745	-1.45038
4.75	-1.45038
4.755	-1.232823
4.76	-1.232823
4.765	-1.0515255
4.77	-1.0515255
4.775	-0.8339685
4.78	-1.0515255
4.785	-1.0515255
4.79	-0.8339685
4.795	-0.8339685
4.8	-1.0515255
4.805	-1.0515255
4.81	-1.0515255
4.815	-1.232823
4.82	-1.45038
4.825	-1.45038
4.83	-1.45038
4.835	-1.232823
4.84	-1.232823
4.845	-1.232823
4.85	-1.232823
4.855	-1.232823
4.86	-1.232823
4.865	-1.232823
4.87	-1.232823
4.875	-1.232823
4.88	-1.232823
4.885	-1.0515255
4.89	-1.0515255
4.895	-1.0515255
4.9	-1.0515255
4.905	-1.0515255
4.91	-1.0515255
4.915	-1.232823
4.92	-1.232823
4.925	-1.232823
4.93	-1.232823
4.935	-1.45038
4.94	-1.232823
4.945	-1.232823
4.95	-1.232823
4.955	-1.232823
4.96	-1.0515255
4.965	-1.232823
4.97	-1.45038
4.975	-1.45038
4.98	-1.45038
4.985	-1.667937
4.99	-1.667937
4.995	-1.667937
5	-1.667937
5.005	-1.45038
5.01	-1.232823
5.015	-1.0515255
5.02	-1.0515255
5.025	-1.0515255
5.03	-0.8339685
5.035	-0.8339685
5.04	-0.8339685
5.045	-0.8339685
5.05	-0.8339685
5.055	-0.8339685
5.06	-1.0515255
5.065	-1.232823
5.07	-1.232823
5.075	-1.45038
5.08	-1.45038
5.085	-1.45038
5.09	-1.45038
5.095	-1.45038
5.1	-1.45038
5.105	-1.45038
5.11	-1.232823
5.115	-1.232823
5.12	-1.232823
5.125	-1.0515255
5.13	-1.0515255
5.135	-1.0515255
5.14	-1.232823
5.145	-1.232823
5.15	-1.45038
5.155	-1.45038
5.16	-1.45038
5.165	-1.45038
5.17	-1.45038
5.175	-1.232823
5.18	-1.232823
5.185	-1.0515255
5.19	-1.0515255
5.195	-0.8339685
5.2	-0.6164115
5.205	-0.6164115
5.21	-0.6164115
5.215	-0.6164115
5.22	-0.6164115
5.225	-0.6164115
5.23	-0.6164115
5.235	-0.6164115
5.24	-0.8339685
5.245	-1.0515255
5.25	-1.0515255
5.255	-1.0515255
5.26	-1.232823
5.265	-1.0515255
5.27	-1.0515255
5.275	-1.0515255
5.28	-1.232823
5.285	-1.232823
5.29	-1.45038
5.295	-1.45038
5.3	-1.232823
5.305	-1.0515255
5.31	-0.6164115
5.315	-0.3988545
5.32	0
5.325	0.217557
5.33	0.217557
5.335	0.217557
5.34	0.217557
5.345	0
5.35	-0.217557
5.355	-0.217557
5.36	-0.3988545
5.365	-0.6164115
5.37	-0.6164115
5.375	-0.6164115
5.38	-0.6164115
5.385	-0.6164115
5.39	-0.3988545
5.395	-0.3988545
5.4	-0.217557
5.405	-0.3988545
5.41	-0.217557
5.415	-0.217557
5.42	-0.3988545
5.425	-0.3988545
5.43	-0.3988545
5.435	-0.3988545
5.44	-0.6164115
5.445	-0.6164115
5.45	-0.6164115
5.455	-0.6164115
5.46	-0.6164115
5.465	-0.6164115
5.47	-0.6164115
5.475	-0.6164115
5.48	-0.6164115
5.485	-0.3988545
5.49	-0.3988545
5.495	-0.3988545
5.5	-0.3988545
5.505	-0.3988545
5.51	-0.3988545
5.515	-0.6164115
5.52	-0.6164115
5.525	-0.8339685
5.53	-1.0515255
5.535	-1.0515255
5.54	-1.0515255
5.545	-1.232823
5.55	-1.232823
5.555	-1.232823
5.56	-1.232823
5.565	-1.232823
5.57	-0.8339685
5.575	-0.8339685
5.58	-0.6164115
5.585	-0.6164115
5.59	-0.3988545
5.595	-0.6164115
5.6	-0.8339685
5.605	-0.8339685
5.61	-1.0515255
5.615	-1.0515255
5.62	-1.0515255
5.625	-1.0515255
5.63	-1.0515255
5.635	-0.8339685
5.64	-0.8339685
5.645	-1.0515255
5.65	-1.0515255
5.655	-0.8339685
5.66	-1.0515255
5.665	-1.0515255
5.67	-1.232823
5.675	-1.232823
5.68	-1.45038
5.685	-1.45038
5.69	-1.45038
5.695	-1.45038
5.7	-1.232823
5.705	-1.232823
5.71	-1.0515255
5.715	-1.0515255
5.72	-0.8339685
5.725	-0.8339685
5.73	-0.8339685
5.735	-1.0515255
5.74	-0.8339685
5.745	-0.8339685
5.75	-1.0515255
5.755	-0.8339685
5.76	-0.8339685
5.765	-1.0515255
5.77	-1.232823
5.775	-1.0515255
5.78	-1.232823
5.785	-1.232823
5.79	-1.232823
5.795	-1.232823
5.8	-1.232823
5.805	-1.232823
5.81	-1.0515255
5.815	-1.0515255
5.82	-1.0515255
5.825	-0.8339685
5.83	-0.8339685
5.835	-0.8339685
5.84	-0.8339685
5.845	-0.8339685
5.85	-1.0515255
5.855	-1.0515255
5.86	-1.232823
5.865	-1.232823
5.87	-1.232823
5.875	-1.232823
5.88	-1.232823
5.885	-1.0515255
5.89	-1.0515255
5.895	-1.0515255
5.9	-0.8339685
5.905	-0.8339685
5.91	-1.0515255
5.915	-1.0515255
5.92	-1.232823
5.925	-1.232823
5.93	-1.45038
5.935	-1.45038
5.94	-1.667937
5.945	-1.667937
5.95	-1.667937
5.955	-1.667937
5.96	-1.45038
5.965	-1.232823
5.97	-1.232823
5.975	-1.0515255
5.98	-1.0515255
5.985	-0.8339685
5.99	-1.0515255
5.995	-1.232823
6	-1.232823
6.005	-1.667937
6.01	-1.8492345
6.015	-1.8492345
6.02	-2.0667915
6.025	-2.0667915
6.03	-1.8492345
6.035	-1.667937
6.04	-1.667937
6.045	-1.45038
6.05	-1.45038
6.055	-1.232823
6.06	-1.232823
6.065	-1.232823
6.07	-1.232823
6.075	-1.232823
6.08	-1.232823
6.085	-1.0515255
6.09	-1.232823
6.095	-1.232823
6.1	-1.232823
6.105	-1.45038
6.11	-1.45038
6.115	-1.667937
6.12	-1.667937
6.125	-1.8492345
6.13	-2.0667915
6.135	-2.0667915
6.14	-1.8492345
6.145	-1.667937
6.15	-1.45038
6.155	-1.232823
6.16	-1.0515255
6.165	-1.0515255
6.17	-1.232823
6.175	-1.0515255
6.18	-1.0515255
6.185	-1.232823
6.19	-1.45038
6.195	-1.45038
6.2	-1.45038
6.205	-1.667937
6.21	-1.667937
6.215	-1.667937
6.22	-1.667937
6.225	-1.667937
6.23	-1.45038
6.235	-1.232823
6.24	-1.0515255
6.245	-1.0515255
6.25	-1.0515255
6.255	-0.8339685
6.26	-1.0515255
6.265	-1.0515255
6.27	-1.0515255
6.275	-1.232823
6.28	-1.232823
6.285	-1.45038
6.29	-1.45038
6.295	-1.45038
6.3	-1.232823
6.305	-1.232823
6.31	-1.232823
6.315	-1.0515255
6.32	-1.232823
6.325	-1.232823
6.33	-1.45038
6.335	-1.45038
6.34	-1.667937
6.345	-1.667937
6.35	-1.8492345
6.355	-1.8492345
6.36	-1.8492345
6.365	-1.8492345
6.37	-1.8492345
6.375	-1.667937
6.38	-1.45038
6.385	-1.45038
6.39	-1.232823
6.395	-1.232823
6.4	-1.0515255
6.405	-1.232823
6.41	-1.232823
6.415	-1.232823
6.42	-1.45038
6.425	-1.45038
6.43	-1.45038
6.435	-1.45038
6.44	-1.667937
6.445	-1.667937
6.45	-1.45038
6.455	-1.667937
6.46	-1.45038
6.465	-1.45038
6.47	-1.45038
6.475	-1.45038
6.48	-1.45038
6.485	-1.45038
6.49	-1.45038
6.495	-1.667937
6.5	-1.667937
6.505	-1.667937
6.51	-1.8492345
6.515	-1.667937
6.52	-1.667937
6.525	-1.667937
6.53	-1.8492345
6.535	-1.667937
6.54	-1.8492345
6.545	-1.667937
6.55	-1.45038
6.555	-1.45038
6.56	-1.45038
6.565	-1.45038
6.57	-1.232823
6.575	-1.232823
6.58	-1.232823
6.585	-1.232823
6.59	-1.232823
6.595	-1.45038
6.6	-1.667937
6.605	-1.8492345
6.61	-2.0667915
6.615	-2.0667915
6.62	-2.0667915
6.625	-2.0667915
6.63	-2.0667915
6.635	-1.8492345
6.64	-1.667937
6.645	-1.667937
6.65	-1.667937
6.655	-1.232823
6.66	-1.0515255
6.665	-1.0515255
6.67	-1.0515255
6.675	-1.0515255
6.68	-1.0515255
6.685	-1.232823
6.69	-1.45038
6.695	-1.45038
6.7	-1.667937
6.705	-1.667937
6.71	-1.667937
6.715	-1.667937
6.72	-1.667937
6.725	-1.667937
6.73	-1.667937
6.735	-1.667937
6.74	-1.667937
6.745	-1.667937
6.75	-1.667937
6.755	-1.667937
6.76	-1.667937
6.765	-1.667937
6.77	-1.667937
6.775	-1.45038
6.78	-1.667937
6.785	-1.45038
6.79	-1.45038
6.795	-1.667937
6.8	-1.667937
6.805	-1.667937
6.81	-1.8492345
6.815	-1.667937
6.82	-1.667937
6.825	-1.667937
6.83	-1.667937
6.835	-1.667937
6.84	-1.667937
6.845	-1.667937
6.85	-1.667937
6.855	-1.667937
6.86	-1.45038
6.865	-1.45038
6.87	-1.232823
6.875	-1.232823
6.88	-1.232823
6.885	-1.45038
6.89	-1.45038
6.895	-1.45038
6.9	-1.667937
6.905	-1.8492345
6.91	-1.8492345
6.915	-2.0667915
6.92	-2.0667915
6.925	-2.0667915
6.93	-2.0667915
6.935	-1.8492345
6.94	-1.667937
6.945	-1.667937
6.95	-1.45038
6.955	-1.45038
6.96	-1.45038
6.965	-1.667937
6.97	-1.667937
6.975	-1.8492345
6.98	-1.8492345
6.985	-1.8492345
6.99	-1.8492345
6.995	-2.0667915
7	-2.0667915
7.005	-2.0667915
7.01	-2.0667915
7.015	-1.8492345
7.02	-1.8492345
7.025	-1.8492345
7.03	-1.667937
7.035	-1.667937
7.04	-1.8492345
7.045	-1.8492345
7.05	-1.667937
7.055	-1.667937
7.06	-1.667937
7.065	-1.667937
7.07	-1.45038
7.075	-1.667937
7.08	-1.667937
7.085	-1.667937
7.09	-1.667937
7.095	-1.667937
7.1	-1.667937
7.105	-1.667937
7.11	-1.667937
7.115	-1.45038
7.12	-1.667937
7.125	-1.45038
7.13	-1.232823
7.135	-1.232823
7.14	-1.232823
7.145	-1.45038
7.15	-1.45038
7.155	-1.45038
7.16	-1.667937
7.165	-1.667937
7.17	-1.667937
7.175	-1.667937
7.18	-1.45038
7.185	-1.45038
7.19	-1.232823
7.195	-1.232823
7.2	-1.45038
7.205	-1.45038
7.21	-1.45038
7.215	-1.667937
7.22	-1.667937
7.225	-1.667937
7.23	-1.8492345
7.235	-1.8492345
7.24	-1.667937
7.245	-1.45038
7.25	-1.45038
7.255	-1.232823
7.26	-1.232823
7.265	-1.232823
7.27	-1.232823
7.275	-1.232823
7.28	-1.45038
7.285	-1.45038
7.29	-1.45038
7.295	-1.45038
7.3	-1.45038
7.305	-1.45038
7.31	-1.45038
7.315	-1.232823
7.32	-1.232823
7.325	-1.0515255
7.33	-1.0515255
7.335	-0.8339685
7.34	-0.8339685
7.345	-0.8339685
7.35	-1.0515255
7.355	-1.0515255
7.36	-1.0515255
7.365	-1.0515255
7.37	-1.232823
7.375	-1.0515255
7.38	-1.0515255
7.385	-0.8339685
7.39	-0.8339685
7.395	-0.8339685
7.4	-0.8339685
7.405	-0.8339685
7.41	-1.0515255
7.415	-1.0515255
7.42	-1.232823
7.425	-1.45038
7.43	-1.45038
7.435	-1.45038
7.44	-1.45038
7.445	-1.45038
7.45	-1.45038
7.455	-1.45038
7.46	-1.232823
7.465	-1.232823
7.47	-1.0515255
7.475	-1.0515255
7.48	-1.0515255
7.485	-1.0515255
7.49	-1.232823
7.495	-1.232823
7.5	-1.232823
7.505	-1.45038
7.51	-1.45038
7.515	-1.45038
7.52	-1.45038
7.525	-1.45038
7.53	-1.45038
7.535	-1.232823
7.54	-1.232823
7.545	-1.0515255
7.55	-1.0515255
7.555	-1.0515255
7.56	-1.0515255
7.565	-1.0515255
7.57	-1.232823
7.575	-1.45038
7.58	-1.45038
7.585	-1.667937
7.59	-1.667937
7.595	-1.667937
7.6	-1.45038
7.605	-1.45038
7.61	-1.232823
7.615	-1.232823
7.62	-1.0515255
7.625	-1.0515255
7.63	-1.0515255
7.635	-1.0515255
7.64	-1.232823
7.645	-1.45038
7.65	-1.45038
7.655	-1.667937
7.66	-1.8492345
7.665	-1.667937
7.67	-1.667937
7.675	-1.667937
7.68	-1.232823
7.685	-1.0515255
7.69	-0.8339685
7.695	-0.6164115
7.7	-0.3988545
7.705	-0.3988545
7.71	-0.3988545
7.715	-0.6164115
7.72	-0.6164115
7.725	-0.8339685
7.73	-1.0515255
7.735	-1.0515255
7.74	-1.0515255
7.745	-1.0515255
7.75	-0.8339685
7.755	-0.8339685
7.76	-0.8339685
7.765	-0.8339685
7.77	-0.6164115
7.775	-0.8339685
7.78	-0.8339685
7.785	-0.8339685
7.79	-1.0515255
7.795	-1.0515255
7.8	-1.45038
7.805	-1.45038
7.81	-1.667937
7.815	-1.45038
7.82	-1.667937
7.825	-1.45038
7.83	-1.45038
7.835	-1.232823
7.84	-1.232823
7.845	-1.0515255
7.85	-0.8339685
7.855	-0.8339685
7.86	-0.8339685
7.865	-0.8339685
7.87	-1.0515255
7.875	-1.232823
7.88	-1.232823
7.885	-1.45038
7.89	-1.45038
7.895	-1.667937
7.9	-1.667937
7.905	-1.667937
7.91	-1.45038
7.915	-1.45038
7.92	-1.232823
7.925	-1.232823
7.93	-1.0515255
7.935	-1.232823
7.94	-1.232823
7.945	-1.232823
7.95	-1.45038
7.955	-1.45038
7.96	-1.45038
7.965	-1.45038
7.97	-1.45038
7.975	-1.232823
7.98	-1.232823
7.985	-1.232823
7.99	-1.232823
7.995	-1.232823
8	-1.45038
8.005	-1.667937
8.01	-1.667937
8.015	-1.8492345
8.02	-1.8492345
8.025	-1.8492345
8.03	-1.667937
8.035	-1.667937
8.04	-1.45038
8.045	-1.45038
8.05	-1.45038
8.055	-1.45038
8.06	-1.45038
8.065	-1.45038
8.07	-1.232823
8.075	-1.232823
8.08	-1.232823
8.085	-1.232823
8.09	-1.232823
8.095	-1.45038
8.1	-1.45038
8.105	-1.232823
8.11	-1.232823
8.115	-1.232823
8.12	-1.232823
8.125	-1.232823
8.13	-1.45038
8.135	-1.45038
8.14	-1.667937
8.145	-1.667937
8.15	-1.667937
8.155	-1.667937
8.16	-1.667937
8.165	-1.45038
8.17	-1.232823
8.175	-1.232823
8.18	-1.232823
8.185	-1.0515255
8.19	-1.0515255
8.195	-1.232823
8.2	-1.232823
8.205	-1.0515255
8.21	-1.0515255
8.215	-1.232823
8.22	-1.232823
8.225	-1.232823
8.23	-1.232823
8.235	-1.232823
8.24	-1.232823
8.245	-1.0515255
8.25	-1.0515255
8.255	-0.8339685
8.26	-0.6164115
8.265	-0.3988545
8.27	-0.3988545
8.275	-0.217557
8.28	-0.3988545
8.285	-0.3988545
8.29	-0.6164115
8.295	-0.6164115
8.3	-0.8339685
8.305	-0.8339685
8.31	-1.0515255
8.315	-1.0515255
8.32	-1.0515255
8.325	-1.0515255
8.33	-1.0515255
8.335	-1.0515255
8.34	-1.0515255
8.345	-0.8339685
8.35	-0.8339685
8.355	-0.8339685
8.36	-0.8339685
8.365	-0.8339685
8.37	-0.8339685
8.375	-0.8339685
8.38	-0.8339685
8.385	-0.8339685
8.39	-0.8339685
8.395	-1.0515255
8.4	-1.0515255
8.405	-1.0515255
8.41	-0.8339685
8.415	-1.0515255
8.42	-0.8339685
8.425	-0.8339685
8.43	-1.0515255
8.435	-1.0515255
8.44	-1.0515255
8.445	-1.0515255
8.45	-1.0515255
8.455	-0.8339685
8.46	-0.8339685
8.465	-0.8339685
8.47	-0.8339685
8.475	-0.8339685
8.48	-0.6164115
8.485	-0.6164115
8.49	-0.6164115
8.495	-0.6164115
8.5	-0.8339685
8.505	-0.8339685
8.51	-1.0515255
8.515	-1.0515255
8.52	-1.232823
8.525	-1.232823
8.53	-1.232823
8.535	-1.0515255
8.54	-1.0515255
8.545	-0.8339685
8.55	-0.8339685
8.555	-0.8339685
8.56	-0.8339685
8.565	-0.8339685
8.57	-0.8339685
8.575	-1.0515255
8.58	-1.0515255
8.585	-1.0515255
8.59	-1.0515255
8.595	-1.0515255
8.6	-1.232823
8.605	-1.0515255
8.61	-1.0515255
8.615	-1.0515255
8.62	-0.8339685
8.625	-0.8339685
8.63	-0.8339685
8.635	-1.0515255
8.64	-1.0515255
8.645	-1.232823
8.65	-1.232823
8.655	-1.232823
8.66	-1.232823
8.665	-1.232823
8.67	-1.0515255
8.675	-0.8339685
8.68	-0.6164115
8.685	-0.3988545
8.69	-0.217557
8.695	0
8.7	0.217557
8.705	0.217557
8.71	0.217557
8.715	0.3988545
8.72	0.3988545
8.725	0.217557
8.73	0
8.735	0
8.74	-0.217557
8.745	-0.217557
8.75	-0.3988545
8.755	-0.217557
8.76	-0.217557
8.765	-0.217557
8.77	0
8.775	0.217557
8.78	0.217557
8.785	0.217557
8.79	0
8.795	0
8.8	-0.217557
8.805	-0.217557
8.81	-0.217557
8.815	-0.217557
8.82	-0.217557
8.825	-0.217557
8.83	0
8.835	0.217557
8.84	0.217557
8.845	0.3988545
8.85	0.3988545
8.855	0.3988545
8.86	0.3988545
8.865	0.217557
8.87	0
8.875	-0.217557
8.88	-0.217557
8.885	-0.217557
8.89	-0.217557
8.895	-0.217557
8.9	-0.217557
8.905	-0.217557
8.91	0
8.915	0
8.92	0
8.925	-0.217557
8.93	-0.217557
8.935	-0.217557
8.94	-0.217557
8.945	-0.3988545
8.95	-0.217557
8.955	-0.3988545
8.96	-0.3988545
8.965	-0.217557
8.97	0
8.975	0
8.98	0.217557
8.985	0.3988545
8.99	0.6164115
8.995	0.3988545
9	0.6164115
9.005	0.3988545
9.01	0.3988545
9.015	0.217557
9.02	0.217557
9.025	0
9.03	0
9.035	0
9.04	-0.3988545
9.045	-0.3988545
9.05	-0.3988545
9.055	-0.3988545
9.06	-0.3988545
9.065	-0.217557
9.07	-0.217557
9.075	-0.217557
9.08	-0.3988545
9.085	-0.3988545
9.09	-0.3988545
9.095	-0.6164115
9.1	-0.6164115
9.105	-0.6164115
9.11	-0.6164115
9.115	-0.3988545
9.12	-0.3988545
9.125	-0.3988545
9.13	-0.217557
9.135	-0.217557
9.14	-0.3988545
9.145	-0.3988545
9.15	-0.217557
9.155	-0.217557
9.16	-0.3988545
9.165	-0.3988545
9.17	-0.6164115
9.175	-0.6164115
9.18	-0.8339685
9.185	-0.8339685
9.19	-0.8339685
9.195	-0.8339685
9.2	-0.8339685
9.205	-0.6164115
9.21	-0.6164115
9.215	-0.3988545
9.22	-0.3988545
9.225	-0.3988545
9.23	-0.3988545
9.235	-0.3988545
9.24	-0.3988545
9.245	-0.6164115
9.25	-0.8339685
9.255	-0.8339685
9.26	-0.6164115
9.265	-0.6164115
9.27	-0.6164115
9.275	-0.6164115
9.28	-0.6164115
9.285	-0.6164115
9.29	-0.6164115
9.295	-0.6164115
9.3	-0.6164115
9.305	-0.6164115
9.31	-0.6164115
9.315	-0.6164115
9.32	-0.8339685
9.325	-0.8339685
9.33	-0.6164115
9.335	-0.6164115
9.34	-0.8339685
9.345	-0.6164115
9.35	-0.6164115
9.355	-0.8339685
9.36	-0.8339685
9.365	-0.6164115
9.37	-0.6164115
9.375	-0.8339685
9.38	-0.6164115
9.385	-0.3988545
9.39	-0.6164115
9.395	-0.6164115
9.4	-0.3988545
9.405	-0.6164115
9.41	-0.6164115
9.415	-0.6164115
9.42	-0.6164115
9.425	-0.8339685
9.43	-0.6164115
9.435	-0.8339685
9.44	-1.0515255
9.445	-1.0515255
9.45	-0.8339685
9.455	-1.0515255
9.46	-0.8339685
9.465	-0.8339685
9.47	-0.8339685
9.475	-0.8339685
9.48	-0.6164115
9.485	-0.6164115
9.49	-0.6164115
9.495	-0.3988545
9.5	-0.217557
9.505	-0.3988545
9.51	-0.217557
9.515	0
9.52	0
9.525	-0.217557
9.53	-0.217557
9.535	-0.6164115
9.54	-0.6164115
9.545	-0.8339685
9.55	-0.8339685
9.555	-0.8339685
9.56	-0.8339685
9.565	-0.8339685
9.57	-0.8339685
9.575	-0.6164115
9.58	-0.3988545
9.585	-0.3988545
9.59	-0.217557
9.595	-0.3988545
9.6	-0.3988545
9.605	-0.3988545
9.61	-0.6164115
9.615	-0.8339685
9.62	-0.8339685
9.625	-1.0515255
9.63	-1.0515255
9.635	-0.8339685
9.64	-0.8339685
9.645	-0.6164115
9.65	-0.6164115
9.655	-0.3988545
9.66	-0.3988545
9.665	-0.3988545
9.67	-0.3988545
9.675	-0.3988545
9.68	-0.3988545
9.685	-0.217557
9.69	-0.3988545
9.695	-0.3988545
9.7	-0.6164115
9.705	-0.8339685
9.71	-0.6164115
9.715	-0.6164115
9.72	-0.6164115
9.725	-0.6164115
9.73	-0.3988545
9.735	-0.3988545
9.74	-0.3988545
9.745	-0.3988545
9.75	-0.217557
9.755	-0.217557
9.76	-0.217557
9.765	-0.217557
9.77	-0.217557
9.775	-0.217557
9.78	-0.217557
9.785	-0.3988545
9.79	-0.3988545
9.795	-0.6164115
9.8	-0.6164115
9.805	-0.8339685
9.81	-0.8339685
9.815	-0.6164115
9.82	-0.6164115
9.825	-0.8339685
9.83	-0.8339685
9.835	-0.6164115
9.84	-0.6164115
9.845	-0.6164115
9.85	-0.6164115
9.855	-0.3988545
9.86	-0.6164115
9.865	-0.6164115
9.87	-0.3988545
9.875	-0.6164115
9.88	-0.6164115
9.885	-0.6164115
9.89	-0.3988545
9.895	-0.3988545
9.9	-0.3988545
9.905	-0.217557
9.91	-0.217557
9.915	-0.217557
9.92	-0.217557
9.925	-0.217557
9.93	-0.3988545
9.935	-0.3988545
9.94	-0.6164115
9.945	-0.6164115
9.95	-0.6164115
9.955	-0.3988545
9.96	-0.3988545
9.965	-0.3988545
9.97	-0.3988545
9.975	-0.3988545
9.98	-0.3988545
9.985	-0.6164115
9.99	-0.6164115
9.995	-0.6164115
10	-0.8339685
10.005	-0.8339685
10.01	-0.8339685
10.015	-0.8339685
10.02	-0.8339685
10.025	-0.8339685
10.03	-0.6164115
10.035	-0.6164115
10.04	-0.6164115
10.045	-0.3988545
10.05	-0.3988545
10.055	-0.3988545
10.06	-0.3988545
10.065	-0.3988545
10.07	-0.3988545
10.075	-0.3988545
10.08	-0.3988545
10.085	-0.3988545
10.09	-0.3988545
10.095	-0.3988545
10.1	-0.3988545
10.105	-0.3988545
10.11	-0.3988545
10.115	-0.3988545
10.12	-0.3988545
10.125	-0.3988545
10.13	-0.3988545
10.135	-0.3988545
10.14	-0.6164115
10.145	-0.6164115
10.15	-0.6164115
10.155	-0.8339685
10.16	-0.8339685
10.165	-0.6164115
10.17	-0.6164115
10.175	-0.3988545
10.18	-0.3988545
10.185	-0.3988545
10.19	-0.3988545
10.195	-0.217557
10.2	-0.3988545
10.205	-0.3988545
10.21	-0.3988545
10.215	-0.6164115
10.22	-0.6164115
10.225	-0.6164115
10.23	-0.8339685
10.235	-0.8339685
10.24	-0.6164115
10.245	-0.8339685
10.25	-0.8339685
10.255	-0.6164115
10.26	-0.6164115
10.265	-0.6164115
10.27	-0.6164115
10.275	-0.6164115
10.28	-0.6164115
10.285	-0.6164115
10.29	-0.6164115
10.295	-0.6164115
10.3	-0.6164115
10.305	-0.6164115
10.31	-0.6164115
10.315	-0.6164115
10.32	-0.6164115
10.325	-0.6164115
10.33	-0.3988545
10.335	-0.3988545
10.34	-0.3988545
10.345	-0.3988545
10.35	-0.6164115
10.355	-0.6164115
10.36	-0.6164115
10.365	-0.8339685
10.37	-0.8339685
10.375	-0.8339685
10.38	-1.0515255
10.385	-1.0515255
10.39	-1.0515255
10.395	-0.8339685
10.4	-0.8339685
10.405	-0.6164115
10.41	-0.3988545
10.415	-0.3988545
10.42	-0.3988545
10.425	-0.3988545
10.43	-0.3988545
10.435	-0.3988545
10.44	-0.3988545
10.445	-0.3988545
10.45	-0.3988545
10.455	-0.6164115
10.46	-0.8339685
10.465	-0.8339685
10.47	-1.0515255
10.475	-1.0515255
10.48	-1.0515255
10.485	-0.8339685
10.49	-0.8339685
10.495	-0.6164115
10.5	-0.6164115
10.505	-0.6164115
10.51	-0.6164115
10.515	-0.6164115
10.52	-0.6164115
10.525	-0.3988545
10.53	-0.6164115
10.535	-0.6164115
10.54	-0.6164115
10.545	-0.6164115
10.55	-0.3988545
10.555	-0.217557
10.56	0
10.565	0.217557
10.57	0.217557
10.575	0.217557
10.58	0.3988545
10.585	0.3988545
10.59	0.6164115
10.595	0.8339685
10.6	0.6164115
10.605	0.3988545
10.61	0.3988545
10.615	0.217557
10.62	-0.217557
10.625	-0.3988545
10.63	-0.3988545
10.635	-0.6164115
10.64	-0.6164115
10.645	-0.6164115
10.65	-0.6164115
10.655	-0.6164115
10.66	-0.3988545
10.665	-0.3988545
10.67	-0.3988545
10.675	-0.217557
10.68	-0.217557
10.685	0
10.69	0
10.695	0
10.7	-0.217557
10.705	-0.3988545
10.71	-0.3988545
10.715	-0.6164115
10.72	-0.6164115
10.725	-0.8339685
10.73	-0.6164115
10.735	-0.6164115
10.74	-0.3988545
10.745	-0.217557
10.75	0
10.755	0
10.76	0
10.765	0
10.77	-0.217557
10.775	-0.6164115
10.78	-0.8339685
10.785	-0.8339685
10.79	-1.0515255
10.795	-1.0515255
10.8	-1.0515255
10.805	-0.8339685
10.81	-0.8339685
10.815	-0.6164115
10.82	-0.6164115
10.825	-0.3988545
10.83	-0.3988545
10.835	-0.3988545
10.84	-0.3988545
10.845	-0.6164115
10.85	-0.6164115
10.855	-0.6164115
10.86	-0.6164115
10.865	-0.6164115
10.87	-0.6164115
10.875	-0.6164115
10.88	-0.6164115
10.885	-0.6164115
10.89	-0.3988545
10.895	-0.3988545
10.9	-0.3988545
10.905	-0.3988545
10.91	-0.3988545
10.915	-0.3988545
10.92	-0.3988545
10.925	-0.6164115
10.93	-0.8339685
10.935	-0.8339685
10.94	-1.0515255
10.945	-0.8339685
10.95	-0.6164115
10.955	-0.6164115
10.96	-0.6164115
10.965	-0.3988545
10.97	-0.3988545
10.975	-0.3988545
10.98	-0.3988545
10.985	-0.3988545
10.99	-0.3988545
10.995	-0.6164115
11	-0.8339685
11.005	-0.8339685
11.01	-1.0515255
11.015	-1.0515255
11.02	-1.0515255
11.025	-1.0515255
11.03	-1.0515255
11.035	-1.0515255
11.04	-0.8339685
11.045	-0.8339685
11.05	-0.8339685
11.055	-0.8339685
11.06	-0.8339685
11.065	-0.6164115
11.07	-0.6164115
11.075	-0.6164115
11.08	-0.6164115
11.085	-0.6164115
11.09	-0.6164115
11.095	-0.8339685
11.1	-0.8339685
11.105	-0.8339685
11.11	-0.6164115
11.115	-0.6164115
11.12	-0.6164115
11.125	-0.3988545
11.13	-0.3988545
11.135	-0.6164115
11.14	-0.3988545
11.145	-0.6164115
11.15	-0.6164115
11.155	-0.6164115
11.16	-0.8339685
11.165	-0.6164115
11.17	-0.6164115
11.175	-0.6164115
11.18	-0.6164115
11.185	-0.6164115
11.19	-0.6164115
11.195	-0.8339685
11.2	-0.6164115
11.205	-0.6164115
11.21	-0.6164115
11.215	-0.6164115
11.22	-0.6164115
11.225	-0.6164115
11.23	-0.8339685
11.235	-0.8339685
11.24	-0.8339685
11.245	-0.8339685
11.25	-0.6164115
11.255	-0.6164115
11.26	-0.3988545
11.265	-0.3988545
11.27	-0.3988545
11.275	-0.6164115
11.28	-0.6164115
11.285	-0.8339685
11.29	-0.8339685
11.295	-0.8339685
11.3	-0.6164115
11.305	-0.6164115
11.31	-0.3988545
11.315	-0.3988545
11.32	-0.3988545
11.325	-0.3988545
11.33	-0.3988545
11.335	-0.3988545
11.34	-0.3988545
11.345	-0.3988545
11.35	-0.3988545
11.355	-0.3988545
11.36	-0.3988545
11.365	-0.3988545
11.37	-0.3988545
11.375	-0.6164115
11.38	-0.6164115
11.385	-0.6164115
11.39	-0.6164115
11.395	-0.6164115
11.4	-0.6164115
11.405	-0.6164115
11.41	-0.3988545
11.415	-0.3988545
11.42	-0.3988545
11.425	-0.3988545
11.43	-0.3988545
11.435	-0.3988545
11.44	-0.3988545
11.445	-0.217557
11.45	-0.217557
11.455	-0.217557
11.46	0
11.465	0
11.47	-0.217557
11.475	-0.217557
11.48	-0.217557
11.485	-0.3988545
11.49	-0.6164115
11.495	-0.3988545
11.5	-0.3988545
11.505	-0.6164115
11.51	-0.3988545
11.515	-0.3988545
11.52	-0.3988545
11.525	-0.3988545
11.53	-0.217557
11.535	-0.217557
11.54	-0.217557
11.545	-0.217557
11.55	-0.217557
11.555	-0.217557
11.56	-0.217557
11.565	-0.217557
11.57	-0.217557
11.575	-0.217557
11.58	-0.217557
11.585	-0.217557
11.59	-0.217557
11.595	-0.217557
11.6	-0.217557
11.605	0
11.61	-0.217557
11.615	-0.217557
11.62	-0.217557
11.625	-0.217557
11.63	-0.217557
11.635	-0.217557
11.64	-0.3988545
11.645	-0.3988545
11.65	-0.3988545
11.655	-0.3988545
11.66	-0.3988545
11.665	-0.3988545
11.67	-0.3988545
11.675	-0.3988545
11.68	-0.217557
11.685	-0.217557
11.69	0
11.695	0
11.7	0
11.705	-0.217557
11.71	-0.3988545
11.715	-0.6164115
11.72	-0.6164115
11.725	-0.8339685
11.73	-0.8339685
11.735	-0.6164115
11.74	-0.6164115
11.745	-0.6164115
11.75	-0.3988545
11.755	-0.3988545
11.76	-0.217557
11.765	0
11.77	-0.217557
11.775	-0.217557
11.78	-0.217557
11.785	-0.217557
11.79	-0.3988545
11.795	-0.3988545
11.8	-0.3988545
11.805	-0.6164115
11.81	-0.6164115
11.815	-0.6164115
11.82	-0.6164115
11.825	-0.6164115
11.83	-0.3988545
11.835	-0.3988545
11.84	-0.3988545
11.845	-0.217557
11.85	-0.217557
11.855	-0.217557
11.86	-0.3988545
11.865	-0.3988545
11.87	-0.3988545
11.875	-0.6164115
11.88	-0.6164115
11.885	-0.8339685
11.89	-0.8339685
11.895	-0.8339685
11.9	-0.6164115
11.905	-0.6164115
11.91	-0.6164115
11.915	-0.3988545
11.92	-0.3988545
11.925	-0.217557
11.93	-0.217557
11.935	0
11.94	0
11.945	0
11.95	-0.217557
11.955	-0.217557
11.96	-0.217557
11.965	-0.217557
11.97	-0.3988545
11.975	-0.217557
11.98	-0.217557
11.985	0
11.99	0.217557
11.995	0.3988545
12	0.3988545
12.005	0.3988545
12.01	0.3988545
12.015	0.217557
12.02	0
12.025	-0.217557
12.03	-0.3988545
12.035	-0.3988545
12.04	-0.6164115
12.045	-0.6164115
12.05	-0.6164115
12.055	-0.6164115
12.06	-0.3988545
12.065	-0.217557
12.07	-0.217557
12.075	-0.217557
12.08	-0.217557
12.085	-0.217557
12.09	0
12.095	0
12.1	0
12.105	0
12.11	-0.217557
12.115	-0.3988545
12.12	-0.3988545
12.125	-0.3988545
12.13	-0.6164115
12.135	-0.6164115
12.14	-0.3988545
12.145	-0.3988545
12.15	-0.3988545
12.155	-0.3988545
12.16	-0.217557
12.165	-0.217557
12.17	-0.217557
12.175	-0.3988545
12.18	-0.3988545
12.185	-0.3988545
12.19	-0.3988545
12.195	-0.3988545
12.2	-0.6164115
12.205	-0.3988545
12.21	-0.3988545
12.215	-0.3988545
12.22	-0.3988545
12.225	-0.3988545
12.23	-0.3988545
12.235	-0.217557
12.24	-0.217557
12.245	-0.217557
12.25	-0.217557
12.255	-0.3988545
12.26	-0.3988545
12.265	-0.6164115
12.27	-0.8339685
12.275	-0.8339685
12.28	-1.0515255
12.285	-1.0515255
12.29	-0.8339685
12.295	-0.8339685
12.3	-0.6164115
12.305	-0.6164115
12.31	-0.3988545
12.315	-0.3988545
12.32	-0.217557
12.325	-0.3988545
12.33	-0.217557
12.335	-0.217557
12.34	-0.217557
12.345	-0.217557
12.35	-0.217557
12.355	-0.217557
12.36	-0.3988545
12.365	-0.3988545
12.37	-0.3988545
12.375	-0.3988545
12.38	-0.3988545
12.385	-0.3988545
12.39	-0.217557
12.395	0
12.4	-0.217557
12.405	-0.217557
12.41	-0.217557
12.415	-0.217557
12.42	-0.3988545
12.425	-0.3988545
12.43	-0.3988545
12.435	-0.3988545
12.44	-0.3988545
12.445	-0.3988545
12.45	-0.217557
12.455	-0.217557
12.46	-0.3988545
12.465	-0.3988545
12.47	-0.3988545
12.475	-0.3988545
12.48	-0.217557
12.485	-0.217557
12.49	-0.3988545
12.495	-0.3988545
12.5	-0.3988545
12.505	-0.3988545
12.51	-0.3988545
12.515	-0.3988545
12.52	-0.217557
12.525	-0.217557
12.53	-0.217557
12.535	-0.3988545
12.54	-0.3988545
12.545	-0.3988545
12.55	-0.6164115
12.555	-0.3988545
12.56	-0.3988545
12.565	-0.3988545
12.57	-0.3988545
12.575	-0.3988545
12.58	-0.3988545
12.585	-0.3988545
12.59	-0.217557
12.595	-0.217557
12.6	-0.217557
12.605	-0.217557
12.61	-0.217557
12.615	-0.3988545
12.62	-0.3988545
12.625	-0.3988545
12.63	-0.6164115
12.635	-0.6164115
12.64	-0.6164115
12.645	-0.6164115
12.65	-0.6164115
12.655	-0.6164115
12.66	-0.6164115
12.665	-0.3988545
12.67	-0.3988545
12.675	-0.3988545
12.68	-0.3988545
12.685	-0.3988545
12.69	-0.3988545
12.695	-0.3988545
12.7	-0.3988545
12.705	-0.3988545
12.71	-0.217557
12.715	-0.3988545
12.72	-0.3988545
12.725	-0.3988545
12.73	-0.3988545
12.735	-0.3988545
12.74	-0.3988545
12.745	-0.3988545
12.75	-0.6164115
12.755	-0.6164115
12.76	-0.6164115
12.765	-0.6164115
12.77	-0.3988545
12.775	-0.3988545
12.78	-0.3988545
12.785	-0.3988545
12.79	-0.3988545
12.795	-0.3988545
12.8	-0.217557
12.805	-0.217557
12.81	0
12.815	0
12.82	0
12.825	-0.217557
12.83	0
12.835	-0.217557
12.84	-0.217557
12.845	-0.3988545
12.85	-0.6164115
12.855	-0.6164115
12.86	-0.6164115
12.865	-0.3988545
12.87	-0.3988545
12.875	-0.217557
12.88	-0.217557
12.885	-0.217557
12.89	0
12.895	0
12.9	0
12.905	0
12.91	0.217557
12.915	0
12.92	0
12.925	-0.217557
12.93	-0.217557
12.935	-0.3988545
12.94	-0.3988545
12.945	-0.3988545
12.95	-0.217557
12.955	-0.217557
12.96	-0.3988545
12.965	-0.217557
12.97	-0.217557
12.975	-0.217557
12.98	0
12.985	0
12.99	0
12.995	0
13	0
13.005	0
13.01	0
13.015	0
13.02	0.217557
13.025	0.3988545
13.03	0.3988545
13.035	0.6164115
13.04	0.6164115
13.045	0.6164115
13.05	0.3988545
13.055	0.3988545
13.06	0.217557
13.065	0
13.07	-0.217557
13.075	-0.217557
13.08	-0.3988545
13.085	-0.3988545
13.09	-0.3988545
13.095	-0.217557
13.1	-0.217557
13.105	0
13.11	0
13.115	0
13.12	0
13.125	0
13.13	0
13.135	-0.217557
13.14	-0.3988545
13.145	-0.3988545
13.15	-0.3988545
13.155	-0.6164115
13.16	-0.3988545
13.165	-0.3988545
13.17	-0.3988545
13.175	-0.3988545
13.18	-0.3988545
13.185	-0.3988545
13.19	-0.3988545
13.195	-0.6164115
13.2	-0.6164115
13.205	-0.6164115
13.21	-0.6164115
13.215	-0.6164115
13.22	-0.6164115
13.225	-0.3988545
13.23	-0.3988545
13.235	-0.3988545
13.24	-0.6164115
13.245	-0.6164115
13.25	-0.8339685
13.255	-1.0515255
13.26	-0.8339685
13.265	-0.8339685
13.27	-0.8339685
13.275	-0.6164115
13.28	-0.3988545
13.285	-0.3988545
13.29	-0.3988545
13.295	-0.217557
13.3	-0.3988545
13.305	-0.3988545
13.31	-0.6164115
13.315	-0.6164115
13.32	-0.8339685
13.325	-0.8339685
13.33	-0.8339685
13.335	-0.8339685
13.34	-0.8339685
13.345	-0.8339685
13.35	-0.8339685
13.355	-0.8339685
13.36	-0.8339685
13.365	-0.6164115
13.37	-0.3988545
13.375	-0.6164115
13.38	-0.3988545
13.385	-0.3988545
13.39	-0.3988545
13.395	-0.3988545
13.4	-0.3988545
13.405	-0.3988545
13.41	-0.3988545
13.415	-0.6164115
13.42	-0.6164115
13.425	-0.6164115
13.43	-0.8339685
13.435	-0.8339685
13.44	-0.6164115
13.445	-0.6164115
13.45	-0.6164115
13.455	-0.3988545
13.46	-0.217557
13.465	-0.217557
13.47	-0.217557
13.475	-0.217557
13.48	-0.217557
13.485	-0.3988545
13.49	-0.3988545
13.495	-0.6164115
13.5	-0.6164115
13.505	-0.8339685
13.51	-1.0515255
13.515	-1.0515255
13.52	-1.0515255
13.525	-1.0515255
13.53	-1.0515255
13.535	-0.8339685
13.54	-0.8339685
13.545	-0.6164115
13.55	-0.6164115
13.555	-0.3988545
13.56	-0.3988545
13.565	-0.3988545
13.57	-0.3988545
13.575	-0.6164115
13.58	-0.6164115
13.585	-0.8339685
13.59	-0.8339685
13.595	-0.8339685
13.6	-0.8339685
13.605	-0.8339685
13.61	-0.6164115
13.615	-0.3988545
13.62	-0.3988545
13.625	-0.3988545
13.63	-0.217557
13.635	-0.3988545
13.64	-0.3988545
13.645	-0.3988545
13.65	-0.3988545
13.655	-0.3988545
13.66	-0.3988545
13.665	-0.6164115
13.67	-0.6164115
13.675	-0.6164115
13.68	-0.6164115
13.685	-0.6164115
13.69	-0.6164115
13.695	-0.6164115
13.7	-0.3988545
13.705	-0.3988545
13.71	-0.217557
13.715	-0.3988545
13.72	-0.3988545
13.725	-0.6164115
13.73	-0.6164115
13.735	-0.8339685
13.74	-0.8339685
13.745	-0.8339685
13.75	-0.8339685
13.755	-1.0515255
13.76	-0.8339685
13.765	-0.6164115
13.77	-0.6164115
13.775	-0.3988545
13.78	-0.3988545
13.785	-0.3988545
13.79	-0.3988545
13.795	-0.3988545
13.8	-0.3988545
13.805	-0.3988545
13.81	-0.3988545
13.815	-0.6164115
13.82	-0.6164115
13.825	-0.8339685
13.83	-0.6164115
13.835	-0.6164115
13.84	-0.6164115
13.845	-0.6164115
13.85	-0.3988545
13.855	-0.6164115
13.86	-0.6164115
13.865	-0.3988545
13.87	-0.3988545
13.875	-0.3988545
13.88	-0.6164115
13.885	-0.3988545
13.89	-0.6164115
13.895	-0.6164115
13.9	-0.8339685
13.905	-0.8339685
13.91	-0.8339685
13.915	-0.8339685
13.92	-0.6164115
13.925	-0.6164115
13.93	-0.6164115
13.935	-0.6164115
13.94	-0.6164115
13.945	-0.6164115
13.95	-0.6164115
13.955	-0.6164115
13.96	-0.6164115
13.965	-0.6164115
13.97	-0.6164115
13.975	-0.8339685
13.98	-0.8339685
13.985	-1.0515255
13.99	-1.0515255
13.995	-0.8339685
14	-0.8339685
14.005	-0.8339685
14.01	-0.8339685
14.015	-0.6164115
14.02	-0.8339685
14.025	-0.6164115
14.03	-0.6164115
14.035	-0.6164115
14.04	-0.6164115
14.045	-0.6164115
14.05	-0.6164115
14.055	-0.6164115
14.06	-0.3988545
14.065	-0.3988545
14.07	-0.3988545
14.075	-0.3988545
14.08	-0.217557
14.085	-0.217557
14.09	-0.3988545
14.095	-0.3988545
14.1	-0.3988545
14.105	-0.6164115
14.11	-0.6164115
14.115	-0.6164115
14.12	-0.3988545
14.125	-0.6164115
14.13	-0.6164115
14.135	-0.6164115
14.14	-0.8339685
14.145	-0.8339685
14.15	-0.8339685
14.155	-0.6164115
14.16	-0.6164115
14.165	-0.6164115
14.17	-0.6164115
14.175	-0.6164115
14.18	-0.3988545
14.185	-0.3988545
14.19	-0.6164115
14.195	-0.6164115
14.2	-0.6164115
14.205	-0.8339685
14.21	-0.8339685
14.215	-0.8339685
14.22	-0.6164115
14.225	-0.6164115
14.23	-0.3988545
14.235	-0.3988545
14.24	-0.3988545
14.245	-0.3988545
14.25	-0.3988545
14.255	-0.3988545
14.26	-0.3988545
14.265	-0.3988545
14.27	-0.3988545
14.275	-0.6164115
14.28	-0.3988545
14.285	-0.6164115
14.29	-0.6164115
14.295	-0.8339685
14.3	-0.8339685
14.305	-0.8339685
14.31	-1.0515255
14.315	-0.8339685
14.32	-0.6164115
14.325	-0.3988545
14.33	-0.3988545
14.335	-0.3988545
14.34	-0.3988545
14.345	-0.3988545
14.35	-0.3988545
14.355	-0.6164115
14.36	-0.8339685
14.365	-0.8339685
14.37	-1.0515255
14.375	-1.0515255
14.38	-0.8339685
14.385	-1.0515255
14.39	-0.8339685
14.395	-0.8339685
14.4	-0.8339685
14.405	-0.6164115
14.41	-0.6164115
14.415	-0.3988545
14.42	-0.217557
14.425	0
14.43	0.217557
14.435	0.217557
14.44	0.3988545
14.445	0.217557
14.45	0.217557
14.455	0
14.46	0
14.465	-0.3988545
14.47	-0.3988545
14.475	-0.6164115
14.48	-0.6164115
14.485	-0.8339685
14.49	-0.6164115
14.495	-0.6164115
14.5	-0.3988545
14.505	-0.3988545
14.51	-0.217557
14.515	0
14.52	0.217557
14.525	0
14.53	0
14.535	-0.217557
14.54	-0.217557
14.545	-0.3988545
14.55	-0.3988545
14.555	-0.6164115
14.56	-0.6164115
14.565	-0.8339685
14.57	-0.8339685
14.575	-0.8339685
14.58	-0.6164115
14.585	-0.3988545
14.59	-0.217557
14.595	0
14.6	0.217557
14.605	0.217557
14.61	0
14.615	0
14.62	-0.217557
14.625	-0.217557
14.63	-0.3988545
14.635	-0.3988545
14.64	-0.3988545
14.645	-0.3988545
14.65	-0.3988545
14.655	-0.3988545
14.66	-0.3988545
14.665	-0.217557
14.67	-0.3988545
14.675	-0.3988545
14.68	-0.3988545
14.685	-0.217557
14.69	-0.3988545
14.695	-0.3988545
14.7	-0.217557
14.705	-0.217557
14.71	-0.217557
14.715	-0.217557
14.72	-0.217557
14.725	-0.217557
14.73	-0.217557
14.735	-0.3988545
14.74	-0.3988545
14.745	-0.217557
14.75	-0.217557
14.755	-0.217557
14.76	-0.217557
14.765	-0.217557
14.77	-0.217557
14.775	-0.217557
14.78	-0.3988545
14.785	-0.3988545
14.79	-0.3988545
14.795	-0.217557
14.8	-0.3988545
14.805	-0.217557
14.81	-0.217557
14.815	-0.217557
14.82	-0.3988545
14.825	-0.3988545
14.83	-0.3988545
14.835	-0.3988545
14.84	-0.217557
14.845	-0.3988545
14.85	-0.217557
14.855	-0.217557
14.86	-0.217557
14.865	-0.217557
14.87	0
14.875	0
14.88	0
14.885	0.217557
14.89	0.217557
14.895	0
14.9	0
14.905	0
14.91	-0.217557
14.915	-0.217557
14.92	-0.217557
14.925	-0.217557
14.93	-0.217557
14.935	-0.217557
14.94	0
14.945	0
14.95	0
14.955	0
14.96	0
14.965	0
14.97	0
14.975	0
14.98	0
14.985	0
14.99	0.217557
14.995	0.217557
15	0.217557
15.005	0
15.01	0
15.015	-0.217557
15.02	-0.217557
15.025	-0.3988545
15.03	-0.3988545
15.035	-0.3988545
15.04	-0.3988545
15.045	-0.3988545
15.05	-0.3988545
15.055	-0.217557
15.06	0
15.065	-0.217557
15.07	0
15.075	0
15.08	0
15.085	-0.217557
15.09	0
15.095	-0.217557
15.1	-0.217557
15.105	-0.217557
15.11	-0.217557
15.115	-0.217557
15.12	-0.217557
15.125	-0.217557
15.13	0
15.135	0
15.14	0
15.145	0
15.15	0
15.155	-0.217557
15.16	-0.217557
15.165	-0.217557
15.17	-0.217557
15.175	-0.3988545
15.18	-0.3988545
15.185	-0.217557
15.19	-0.217557
15.195	-0.217557
15.2	-0.217557
15.205	-0.217557
15.21	-0.217557
15.215	-0.217557
15.22	-0.217557
15.225	-0.217557
15.23	-0.217557
15.235	-0.217557
15.24	-0.217557
15.245	-0.217557
15.25	-0.217557
15.255	0
15.26	0
15.265	0
15.27	0
15.275	0
15.28	-0.217557
15.285	-0.217557
15.29	-0.217557
15.295	-0.217557
15.3	-0.217557
15.305	-0.217557
15.31	-0.217557
15.315	-0.217557
15.32	-0.217557
15.325	-0.217557
15.33	0
15.335	0
15.34	-0.217557
15.345	-0.217557
15.35	0
15.355	0
15.36	0
15.365	0
15.37	0
15.375	-0.217557
15.38	-0.217557
15.385	-0.3988545
15.39	-0.3988545
15.395	-0.3988545
15.4	-0.217557
15.405	-0.217557
15.41	-0.217557
15.415	0
15.42	0
15.425	0
15.43	0
15.435	0
15.44	0
15.445	0
15.45	-0.217557
15.455	-0.217557
15.46	-0.217557
15.465	-0.217557
15.47	-0.217557
15.475	-0.217557
15.48	0
15.485	-0.217557
15.49	0
15.495	0
15.5	0
15.505	0.217557
15.51	0.217557
15.515	0.217557
15.52	0.217557
15.525	0
15.53	-0.217557
15.535	-0.3988545
15.54	-0.217557
15.545	-0.217557
15.55	-0.217557
15.555	0
15.56	0.217557
15.565	0
15.57	0.217557
15.575	0.217557
15.58	0
15.585	0.217557
15.59	0.217557
15.595	0
15.6	-0.217557
15.605	-0.217557
15.61	-0.3988545
15.615	-0.3988545
15.62	-0.3988545
15.625	-0.217557
15.63	0
15.635	0.217557
15.64	0.217557
15.645	0.3988545
15.65	0.3988545
15.655	0.217557
15.66	0.217557
15.665	0
15.67	0
15.675	0
15.68	-0.217557
15.685	-0.217557
15.69	-0.3988545
15.695	-0.3988545
15.7	-0.3988545
15.705	-0.3988545
15.71	-0.3988545
15.715	-0.217557
15.72	-0.217557
15.725	-0.217557
15.73	0
15.735	0.217557
15.74	0.217557
15.745	0.217557
15.75	0.217557
15.755	0
15.76	0
15.765	-0.217557
15.77	-0.217557
15.775	-0.217557
15.78	-0.217557
15.785	-0.217557
15.79	-0.3988545
15.795	-0.3988545
15.8	-0.3988545
15.805	-0.3988545
15.81	-0.217557
15.815	-0.217557
15.82	0
15.825	-0.217557
15.83	-0.217557
15.835	-0.217557
15.84	-0.217557
15.845	-0.3988545
15.85	-0.3988545
15.855	-0.3988545
15.86	-0.3988545
15.865	-0.3988545
15.87	-0.3988545
15.875	-0.3988545
15.88	-0.217557
15.885	-0.217557
15.89	-0.217557
15.895	-0.217557
15.9	-0.217557
15.905	-0.217557
15.91	-0.217557
15.915	-0.3988545
15.92	-0.217557
15.925	-0.217557
15.93	-0.217557
15.935	-0.217557
15.94	-0.217557
15.945	-0.3988545
15.95	-0.3988545
15.955	-0.3988545
15.96	-0.3988545
15.965	-0.3988545
15.97	-0.3988545
15.975	-0.3988545
15.98	-0.3988545
15.985	-0.217557
15.99	0
15.995	0
16	-0.217557
16.005	-0.217557
16.01	-0.217557
16.015	-0.217557
16.02	-0.217557
16.025	-0.217557
16.03	-0.217557
16.035	-0.217557
16.04	-0.217557
16.045	0
16.05	-0.217557
16.055	-0.217557
16.06	-0.217557
16.065	0
16.07	0
16.075	0.217557
16.08	0.217557
16.085	0.217557
16.09	0
16.095	-0.217557
16.1	-0.217557
16.105	-0.3988545
16.11	-0.3988545
16.115	-0.3988545
16.12	-0.3988545
16.125	-0.3988545
16.13	-0.3988545
16.135	-0.217557
16.14	-0.217557
16.145	-0.217557
16.15	0
16.155	0
16.16	0
16.165	0
16.17	0
16.175	-0.217557
16.18	-0.3988545
16.185	-0.217557
16.19	-0.3988545
16.195	-0.3988545
16.2	-0.217557
16.205	-0.217557
16.21	-0.217557
16.215	-0.217557
16.22	-0.217557
16.225	-0.217557
16.23	-0.3988545
16.235	-0.217557
16.24	-0.217557
16.245	-0.217557
16.25	-0.217557
16.255	-0.217557
16.26	-0.217557
16.265	0
16.27	-0.217557
16.275	0
16.28	0
16.285	-0.217557
16.29	-0.217557
16.295	-0.217557
16.3	0
16.305	0
16.31	0
16.315	0
16.32	0
16.325	0
16.33	-0.217557
16.335	-0.217557
16.34	-0.3988545
16.345	-0.3988545
16.35	-0.3988545
16.355	-0.217557
16.36	0
16.365	0
16.37	0
16.375	0
16.38	0
16.385	0
16.39	0
16.395	0
16.4	0
16.405	-0.217557
16.41	-0.217557
16.415	-0.217557
16.42	-0.217557
16.425	-0.217557
16.43	-0.217557
16.435	-0.217557
16.44	-0.217557
16.445	-0.217557
16.45	-0.217557
16.455	-0.217557
16.46	-0.217557
16.465	-0.217557
16.47	-0.3988545
16.475	-0.3988545
16.48	-0.3988545
16.485	-0.3988545
16.49	-0.3988545
16.495	-0.217557
16.5	-0.217557
16.505	-0.3988545
16.51	-0.3988545
16.515	-0.3988545
16.52	-0.217557
16.525	-0.3988545
16.53	-0.217557
16.535	-0.217557
16.54	-0.217557
16.545	-0.217557
16.55	-0.3988545
16.555	-0.3988545
16.56	-0.3988545
16.565	-0.3988545
16.57	-0.217557
16.575	-0.217557
16.58	0
16.585	0
16.59	0
16.595	0
16.6	0
16.605	-0.217557
16.61	-0.217557
16.615	-0.217557
16.62	-0.217557
16.625	-0.217557
16.63	-0.217557
16.635	-0.217557
16.64	-0.217557
16.645	-0.217557
16.65	-0.217557
16.655	0
16.66	0
16.665	0.217557
16.67	0.217557
16.675	0.217557
16.68	0
16.685	0
16.69	0
16.695	-0.217557
16.7	-0.217557
16.705	-0.217557
16.71	-0.3988545
16.715	-0.3988545
16.72	-0.3988545
16.725	-0.3988545
16.73	-0.3988545
16.735	-0.217557
16.74	-0.217557
16.745	-0.217557
16.75	-0.217557
16.755	0
16.76	0
16.765	0.217557
16.77	0.217557
16.775	0.217557
16.78	0.217557
16.785	0
16.79	0
16.795	-0.217557
16.8	-0.217557
16.805	-0.217557
16.81	-0.217557
16.815	-0.217557
16.82	0
16.825	0
16.83	0
16.835	0
16.84	0
16.845	0
16.85	0
16.855	0
16.86	-0.217557
16.865	-0.217557
16.87	-0.3988545
16.875	-0.3988545
16.88	-0.3988545
16.885	-0.217557
16.89	-0.217557
16.895	-0.217557
16.9	-0.217557
16.905	0
16.91	0
16.915	0
16.92	0.217557
16.925	0
16.93	0
16.935	-0.217557
16.94	-0.217557
16.945	-0.217557
16.95	-0.217557
16.955	-0.217557
16.96	0
16.965	0
16.97	0
16.975	0
16.98	0
16.985	0
16.99	-0.217557
16.995	-0.217557
17	-0.217557
17.005	-0.217557
17.01	-0.217557
17.015	-0.217557
17.02	0
17.025	0
17.03	0
17.035	0
